x, u, time
4.003202562049639444e-04,3.206679296579460412e-05,3.146792854654240634e-01
1.200960768614891833e-03,2.932414619003530964e-05,3.146792854654240634e-01
2.001601281024820156e-03,2.680576391932997624e-05,3.146792854654240634e-01
2.802241793434748045e-03,2.449423979830794962e-05,3.146792854654240634e-01
3.602882305844675934e-03,2.237343705863061044e-05,3.146792854654240634e-01
4.403522818254604690e-03,2.042840278545689570e-05,3.146792854654240634e-01
5.204163330664531711e-03,1.864528741479727601e-05,3.146792854654240634e-01
6.004803843074460468e-03,1.701126918647564447e-05,3.146792854654240634e-01
6.805444355484387489e-03,1.551448328853404052e-05,3.146792854654240634e-01
7.606084867894316245e-03,1.414395543986490476e-05,3.146792854654240634e-01
8.406725380304245002e-03,1.288953966858004510e-05,3.146792854654240634e-01
9.207365892714172023e-03,1.174186005412947017e-05,3.146792854654240634e-01
1.000800640512410078e-02,1.069225621144031035e-05,3.146792854654240634e-01
1.080864691753402780e-02,9.732732305349695631e-06,3.146792854654240634e-01
1.160928742994395656e-02,8.855909393348906287e-06,3.146792854654240634e-01
1.240992794235388358e-02,8.054980904118229850e-06,3.146792854654240634e-01
1.321056845476381233e-02,7.323671068517285929e-06,3.146792854654240634e-01
1.401120896717374109e-02,6.656196128592978374e-06,3.146792854654240634e-01
1.481184947958366811e-02,6.047228158780749405e-06,3.146792854654240634e-01
1.561248999199359687e-02,5.491861341786001832e-06,3.146792854654240634e-01
1.641313050440352389e-02,4.985580549661628260e-06,3.146792854654240634e-01
1.721377101681344918e-02,4.524232088327510541e-06,3.146792854654240634e-01
1.801441152922337793e-02,4.103996471218149543e-06,3.146792854654240634e-01
1.881505204163330669e-02,3.721363094893915604e-06,3.146792854654240634e-01
1.961569255404323545e-02,3.373106696318651346e-06,3.146792854654240634e-01
2.041633306645316420e-02,3.056265478086049010e-06,3.146792854654240634e-01
2.121697357886308949e-02,2.768120794182686010e-06,3.146792854654240634e-01
2.201761409127301825e-02,2.506178294905098397e-06,3.146792854654240634e-01
2.281825460368294700e-02,2.268150435313586454e-06,3.146792854654240634e-01
2.361889511609287576e-02,2.051940257106720667e-06,3.146792854654240634e-01
2.441953562850280104e-02,1.855626359048943550e-06,3.146792854654240634e-01
2.522017614091272980e-02,1.677448976082584250e-06,3.146792854654240634e-01
2.602081665332265856e-02,1.515797092015260351e-06,3.146792854654240634e-01
2.682145716573258731e-02,1.369196515197428467e-06,3.146792854654240634e-01
2.762209767814251607e-02,1.236298850904617619e-06,3.146792854654240634e-01
2.842273819055244136e-02,1.115871308218060882e-06,3.146792854654240634e-01
2.922337870296237011e-02,1.006787283066330484e-06,3.146792854654240634e-01
3.002401921537229887e-02,9.080176627562079765e-07,3.146792854654240634e-01
3.082465972778222763e-02,8.186228007898205304e-07,3.146792854654240634e-01
3.162530024019215291e-02,7.377451140468880477e-07,3.146792854654240634e-01
3.242594075260208514e-02,6.646022575110001443e-07,3.146792854654240634e-01
3.322658126501201042e-02,5.984808346467751985e-07,3.146792854654240634e-01
3.402722177742193571e-02,5.387306042959564629e-07,3.146792854654240634e-01
3.482786228983186794e-02,4.847591475638299534e-07,3.146792854654240634e-01
3.562850280224179322e-02,4.360269606194205875e-07,3.146792854654240634e-01
3.642914331465172545e-02,3.920429416399904437e-07,3.146792854654240634e-01
3.722978382706165074e-02,3.523602423004874173e-07,3.146792854654240634e-01
3.803042433947157602e-02,3.165724562474714724e-07,3.146792854654240634e-01
3.883106485188150825e-02,2.843101189114584195e-07,3.146792854654240634e-01
3.963170536429143354e-02,2.552374948077517047e-07,3.146792854654240634e-01
4.043234587670136576e-02,2.290496301598516979e-07,3.146792854654240634e-01
4.123298638911129105e-02,2.054696502572176486e-07,3.146792854654240634e-01
4.203362690152121633e-02,1.842462824359635548e-07,3.146792854654240634e-01
4.283426741393114856e-02,1.651515869528034097e-07,3.146792854654240634e-01
4.363490792634107385e-02,1.479788793141347042e-07,3.146792854654240634e-01
4.443554843875099913e-02,1.325408288287023670e-07,3.146792854654240634e-01
4.523618895116093136e-02,1.186677192785832475e-07,3.146792854654240634e-01
4.603682946357085665e-02,1.062058586541174143e-07,3.146792854654240634e-01
4.683746997598078887e-02,9.501612587775806033e-08,3.146792854654240634e-01
4.763811048839071416e-02,8.497264335442114198e-08,3.146792854654240634e-01
4.843875100080063945e-02,7.596156503542103767e-08,3.146792854654240634e-01
4.923939151321057167e-02,6.787997047344690201e-08,3.146792854654240634e-01
5.004003202562049696e-02,6.063485608082723928e-08,3.146792854654240634e-01
5.084067253803042918e-02,5.414221548608715650e-08,3.146792854654240634e-01
5.164131305044035447e-02,4.832620151769445388e-08,3.146792854654240634e-01
5.244195356285027976e-02,4.311836293216861156e-08,3.146792854654240634e-01
5.324259407526021198e-02,3.845694954915963528e-08,3.146792854654240634e-01
5.404323458767013727e-02,3.428627996163986638e-08,3.146792854654240634e-01
5.484387510008006950e-02,3.055616645751488630e-08,3.146792854654240634e-01
5.564451561248999478e-02,2.722139222227513545e-08,3.146792854654240634e-01
5.644515612489992007e-02,2.424123629314000526e-08,3.146792854654240634e-01
5.724579663730985229e-02,2.157904210564818714e-08,3.146792854654240634e-01
5.804643714971977758e-02,1.920182581595315043e-08,3.146792854654240634e-01
5.884707766212970981e-02,1.707992089811575636e-08,3.146792854654240634e-01
5.964771817453963509e-02,1.518665580729170470e-08,3.146792854654240634e-01
6.044835868694956038e-02,1.349806176862914815e-08,3.146792854654240634e-01
6.124899919935949261e-02,1.199260799950331547e-08,3.146792854654240634e-01
6.204963971176941789e-02,1.065096190098847089e-08,3.146792854654240634e-01
6.285028022417935012e-02,9.455771964570352750e-09,3.146792854654240634e-01
6.365092073658927541e-02,8.391471333406005203e-09,3.146792854654240634e-01
6.445156124899921457e-02,7.444100135148925856e-09,3.146792854654240634e-01
6.525220176140913986e-02,6.601144866665747651e-09,3.146792854654240634e-01
6.605284227381906514e-02,5.851393260935454460e-09,3.146792854654240634e-01
6.685348278622899043e-02,5.184803204065909428e-09,3.146792854654240634e-01
6.765412329863891572e-02,4.592384396616578977e-09,3.146792854654240634e-01
6.845476381104885488e-02,4.066091569167583056e-09,3.146792854654240634e-01
6.925540432345878017e-02,3.598728168122388472e-09,3.146792854654240634e-01
7.005604483586870546e-02,3.183859524848592094e-09,3.146792854654240634e-01
7.085668534827863074e-02,2.815734610135905585e-09,3.146792854654240634e-01
7.165732586068855603e-02,2.489215557246493051e-09,3.146792854654240634e-01
7.245796637309849519e-02,2.199714211149915866e-09,3.146792854654240634e-01
7.325860688550842048e-02,1.943135029435732914e-09,3.146792854654240634e-01
7.405924739791834577e-02,1.715823722399734918e-09,3.146792854654240634e-01
7.485988791032827105e-02,1.514521076387953842e-09,3.146792854654240634e-01
7.566052842273819634e-02,1.336321456098523938e-09,3.146792854654240634e-01
7.646116893514813551e-02,1.178635528596228507e-09,3.146792854654240634e-01
7.726180944755806079e-02,1.039156794669114571e-09,3.146792854654240634e-01
7.806244995996798608e-02,9.158315522000185761e-10,3.146792854654240634e-01
7.886309047237791137e-02,8.068319517611671948e-10,3.146792854654240634e-01
7.966373098478783665e-02,7.105318369656194996e-10,3.146792854654240634e-01
8.046437149719777582e-02,6.254850914981367144e-10,3.146792854654240634e-01
8.126501200960770110e-02,5.504062414541719007e-10,3.146792854654240634e-01
8.206565252201762639e-02,4.841530858695622650e-10,3.146792854654240634e-01
8.286629303442755168e-02,4.257111503391115593e-10,3.146792854654240634e-01
8.366693354683747696e-02,3.741797785959999763e-10,3.146792854654240634e-01
8.446757405924741613e-02,3.287596950344325779e-10,3.146792854654240634e-01
8.526821457165734142e-02,2.887418875718047155e-10,3.146792854654240634e-01
8.606885508406726670e-02,2.534976751137010278e-10,3.146792854654240634e-01
8.686949559647719199e-02,2.224698373448695738e-10,3.146792854654240634e-01
8.767013610888711728e-02,1.951646967481787615e-10,3.146792854654240634e-01
8.847077662129704256e-02,1.711450537680319568e-10,3.146792854654240634e-01
8.927141713370698173e-02,1.500238859906080331e-10,3.146792854654240634e-01
9.007205764611690701e-02,1.314587312080242419e-10,3.146792854654240634e-01
9.087269815852683230e-02,1.151466823553683670e-10,3.146792854654240634e-01
9.167333867093675759e-02,1.008199296396455182e-10,3.146792854654240634e-01
9.247397918334668288e-02,8.824179179169781195e-11,3.146792854654240634e-01
9.327461969575662204e-02,7.720318433350856506e-11,3.146792854654240634e-01
9.407526020816654733e-02,6.751947812509626791e-11,3.146792854654240634e-01
9.487590072057647261e-02,5.902770629347372531e-11,3.146792854654240634e-01
9.567654123298639790e-02,5.158408200151575233e-11,3.146792854654240634e-01
9.647718174539632319e-02,4.506179343334613721e-11,3.146792854654240634e-01
9.727782225780626235e-02,3.934904589692849127e-11,3.146792854654240634e-01
9.807846277021618764e-02,3.434732411218869317e-11,3.146792854654240634e-01
9.887910328262611293e-02,2.996985059869365434e-11,3.146792854654240634e-01
9.967974379503603821e-02,2.614021863222722472e-11,3.146792854654240634e-01
1.004803843074459635e-01,2.279118053293012089e-11,3.146792854654240634e-01
1.012810248198559027e-01,1.986357410488576964e-11,3.146792854654240634e-01
1.020816653322658280e-01,1.730537189151045805e-11,3.146792854654240634e-01
1.028823058446757532e-01,1.507083956402561406e-11,3.146792854654240634e-01
1.036829463570856785e-01,1.311979124081628348e-11,3.146792854654240634e-01
1.044835868694956038e-01,1.141693086092935971e-11,3.146792854654240634e-01
1.052842273819055430e-01,9.931269920996930821e-12,3.146792854654240634e-01
1.060848678943154683e-01,8.635612945627366047e-12,3.146792854654240634e-01
1.068855084067253935e-01,7.506103009555307113e-12,3.146792854654240634e-01
1.076861489191353188e-01,6.521820477098312093e-12,3.146792854654240634e-01
1.084867894315452441e-01,5.664428881115729652e-12,3.146792854654240634e-01
1.092874299439551833e-01,4.917862539067055764e-12,3.146792854654240634e-01
1.100880704563651086e-01,4.268051106349622966e-12,3.146792854654240634e-01
1.108887109687750339e-01,3.702676804453787503e-12,3.146792854654240634e-01
1.116893514811849591e-01,3.210960540425905231e-12,3.146792854654240634e-01
1.124899919935948844e-01,2.783473560826377836e-12,3.146792854654240634e-01
1.132906325060048236e-01,2.411971663321060790e-12,3.146792854654240634e-01
1.140912730184147489e-01,2.089249327212993515e-12,3.146792854654240634e-01
1.148919135308246742e-01,1.809011425052828081e-12,3.146792854654240634e-01
1.156925540432345995e-01,1.565760444958296444e-12,3.146792854654240634e-01
1.164931945556445247e-01,1.354697391000936707e-12,3.146792854654240634e-01
1.172938350680544639e-01,1.171634740198902966e-12,3.146792854654240634e-01
1.180944755804643892e-01,1.012920022156896531e-12,3.146792854654240634e-01
1.188951160928743145e-01,8.753687537975941898e-13,3.146792854654240634e-01
1.196957566052842398e-01,7.562056092341997191e-13,3.146792854654240634e-01
1.204963971176941651e-01,6.530128357048785078e-13,3.146792854654240634e-01
1.212970376301040903e-01,5.636850424661628402e-13,3.146792854654240634e-01
1.220976781425140295e-01,4.863895922720893426e-13,3.146792854654240634e-01
1.228983186549239548e-01,4.195319160182490805e-13,3.146792854654240634e-01
1.236989591673338801e-01,3.617251516170295925e-13,3.146792854654240634e-01
1.244995996797438054e-01,3.117635793628398116e-13,3.146792854654240634e-01
1.253002401921537168e-01,2.685993889873214671e-13,3.146792854654240634e-01
1.261008807045636559e-01,2.313223692251753994e-13,3.146792854654240634e-01
1.269015212169735674e-01,1.991421598390334119e-13,3.146792854654240634e-01
1.277021617293835065e-01,1.713727494245337224e-13,3.146792854654240634e-01
1.285028022417934457e-01,1.474189405908529870e-13,3.146792854654240634e-01
1.293034427542033571e-01,1.267645378705699736e-13,3.146792854654240634e-01
1.301040832666132963e-01,1.089620434749657059e-13,3.146792854654240634e-01
1.309047237790232077e-01,9.362367223750313952e-14,3.146792854654240634e-01
1.317053642914331468e-01,8.041352018841673125e-14,3.146792854654240634e-01
1.325060048038430860e-01,6.904074154038845158e-14,3.146792854654240634e-01
1.333066453162529974e-01,5.925360676137215159e-14,3.146792854654240634e-01
1.341072858286629366e-01,5.083433015139583672e-14,3.146792854654240634e-01
1.349079263410728480e-01,4.359456917877950720e-14,3.146792854654240634e-01
1.357085668534827871e-01,3.737150999192927976e-14,3.146792854654240634e-01
1.365092073658927263e-01,3.202446420411516210e-14,3.146792854654240634e-01
1.373098478783026377e-01,2.743191142616102519e-14,3.146792854654240634e-01
1.381104883907125769e-01,2.348893025105612186e-14,3.146792854654240634e-01
1.389111289031224883e-01,2.010496761244559603e-14,3.146792854654240634e-01
1.397117694155324275e-01,1.720190276715631265e-14,3.146792854654240634e-01
1.405124099279423666e-01,1.471236769742430692e-14,3.146792854654240634e-01
1.413130504403522780e-01,1.257829058594054724e-14,3.146792854654240634e-01
1.421136909527622172e-01,1.074963326961404162e-14,3.146792854654240634e-01
1.429143314651721286e-01,9.183297299644938087e-15,3.146792854654240634e-01
1.437149719775820678e-01,7.842176490927985009e-15,3.146792854654240634e-01
1.445156124899920069e-01,6.694336690090422033e-15,3.146792854654240634e-01
1.453162530024019183e-01,5.712305978896874127e-15,3.146792854654240634e-01
1.461168935148118575e-01,4.872460702567063992e-15,3.146792854654240634e-01
1.469175340272217689e-01,4.154494609696700480e-15,3.146792854654240634e-01
1.477181745396317081e-01,3.540960046155395113e-15,3.146792854654240634e-01
1.485188150520416472e-01,3.016871589641096058e-15,3.146792854654240634e-01
1.493194555644515586e-01,2.569363770910969193e-15,3.146792854654240634e-01
1.501200960768614978e-01,2.187395625273834135e-15,3.146792854654240634e-01
1.509207365892714092e-01,1.861495774066285247e-15,3.146792854654240634e-01
1.517213771016813484e-01,1.583542568395339794e-15,3.146792854654240634e-01
1.525220176140912876e-01,1.346574552053113725e-15,3.146792854654240634e-01
1.533226581265011990e-01,1.144627130907739826e-15,3.146792854654240634e-01
1.541232986389111381e-01,9.725918842509309634e-16,3.146792854654240634e-01
1.549239391513210495e-01,8.260954300480550275e-16,3.146792854654240634e-01
1.557245796637309887e-01,7.013951699848752686e-16,3.146792854654240634e-01
1.565252201761409279e-01,5.952895996776148617e-16,3.146792854654240634e-01
1.573258606885508393e-01,5.050411814389297243e-16,3.146792854654240634e-01
1.581265012009607784e-01,4.283100477124866301e-16,3.146792854654240634e-01
1.589271417133706898e-01,3.630970380657535032e-16,3.146792854654240634e-01
1.597277822257806290e-01,3.076947761457851678e-16,3.146792854654240634e-01
1.605284227381905682e-01,2.606456693394662495e-16,3.146792854654240634e-01
1.613290632506004796e-01,2.207058665993812153e-16,3.146792854654240634e-01
1.621297037630104187e-01,1.868143421033050034e-16,3.146792854654240634e-01
1.629303442754203302e-01,1.580663868132557904e-16,3.146792854654240634e-01
1.637309847878302693e-01,1.336908889439871797e-16,3.146792854654240634e-01
1.645316253002402085e-01,1.130308698905504559e-16,3.146792854654240634e-01
1.653322658126501199e-01,9.552681608256351114e-17,3.146792854654240634e-01
1.661329063250600591e-01,8.070241108041335199e-17,3.146792854654240634e-01
1.669335468374699705e-01,6.815232735263810380e-17,3.146792854654240634e-01
1.677341873498799096e-01,5.753178474532289463e-17,3.146792854654240634e-01
1.685348278622898488e-01,4.854762368994691974e-17,3.146792854654240634e-01
1.693354683746997602e-01,4.095067657807720491e-17,3.146792854654240634e-01
1.701361088871096994e-01,3.452925122501542196e-17,3.146792854654240634e-01
1.709367493995196108e-01,2.910356661372413397e-17,3.146792854654240634e-01
1.717373899119295499e-01,2.452100373030876536e-17,3.146792854654240634e-01
1.725380304243394614e-01,2.065205377138329233e-17,3.146792854654240634e-01
1.733386709367494005e-01,1.738686275332360695e-17,3.146792854654240634e-01
1.741393114491593397e-01,1.463228595716862713e-17,3.146792854654240634e-01
1.749399519615692511e-01,1.230937802390747138e-17,3.146792854654240634e-01
1.757405924739791903e-01,1.035125515246048029e-17,3.146792854654240634e-01
1.765412329863891017e-01,8.701274988296877099e-18,3.146792854654240634e-01
1.773418734987990408e-01,7.311487632951644000e-18,3.146792854654240634e-01
1.781425140112089800e-01,6.141317933846503792e-18,3.146792854654240634e-01
1.789431545236188914e-01,5.156444985260795880e-18,3.146792854654240634e-01
1.797437950360288306e-01,4.327849719162683205e-18,3.146792854654240634e-01
1.805444355484387420e-01,3.631005704574798375e-18,3.146792854654240634e-01
1.813450760608486811e-01,3.045191905897077126e-18,3.146792854654240634e-01
1.821457165732586203e-01,2.552909260027894113e-18,3.146792854654240634e-01
1.829463570856685317e-01,2.139385593177518872e-18,3.146792854654240634e-01
1.837469975980784709e-01,1.792155674608240134e-18,3.146792854654240634e-01
1.845476381104883823e-01,1.500705150936198345e-18,3.146792854654240634e-01
1.853482786228983215e-01,1.256168768184161522e-18,3.146792854654240634e-01
1.861489191353082606e-01,1.051074709967407300e-18,3.146792854654240634e-01
1.869495596477181720e-01,8.791280938069148061e-19,3.146792854654240634e-01
1.877502001601281112e-01,7.350277034621508107e-19,3.146792854654240634e-01
1.885508406725380226e-01,6.143109190009098182e-19,3.146792854654240634e-01
1.893514811849479618e-01,5.132225600708627464e-19,3.146792854654240634e-01
1.901521216973579009e-01,4.286040003731483468e-19,3.146792854654240634e-01
1.909527622097678123e-01,3.577994588334592317e-19,3.146792854654240634e-01
1.917534027221777515e-01,2.985768392751435028e-19,3.146792854654240634e-01
1.925540432345876629e-01,2.490608873898389028e-19,3.146792854654240634e-01
1.933546837469976021e-01,2.076767716309689953e-19,3.146792854654240634e-01
1.941553242594075412e-01,1.731024820166717556e-19,3.146792854654240634e-01
1.949559647718174527e-01,1.442286851547141239e-19,3.146792854654240634e-01
1.957566052842273918e-01,1.201248814482292105e-19,3.146792854654240634e-01
1.965572457966373032e-01,1.000108868377048675e-19,3.146792854654240634e-01
1.973578863090472424e-01,8.323281121998592072e-20,3.146792854654240634e-01
1.981585268214571816e-01,6.924283281871820751e-20,3.146792854654240634e-01
1.989591673338670930e-01,5.758217564161745807e-20,3.146792854654240634e-01
1.997598078462770321e-01,4.786678863057234197e-20,3.146792854654240634e-01
2.005604483586869435e-01,3.977530264788677852e-20,3.146792854654240634e-01
2.013610888710968827e-01,3.303890714022244872e-20,3.146792854654240634e-01
2.021617293835068219e-01,2.743284396461550400e-20,3.146792854654240634e-01
2.029623698959167333e-01,2.276926296720467438e-20,3.146792854654240634e-01
2.037630104083266724e-01,1.889122376740947185e-20,3.146792854654240634e-01
2.045636509207365838e-01,1.566766191788885658e-20,3.146792854654240634e-01
2.053642914331465230e-01,1.298916611851714975e-20,3.146792854654240634e-01
2.061649319455564622e-01,1.076443725547919440e-20,3.146792854654240634e-01
2.069655724579663736e-01,8.917320389422119930e-21,3.146792854654240634e-01
2.077662129703763128e-01,7.384318002624234219e-21,3.146792854654240634e-01
2.085668534827862242e-01,6.112507320880969694e-21,3.146792854654240634e-01
2.093674939951961633e-01,5.057796764027280390e-21,3.146792854654240634e-01
2.101681345076061025e-01,4.183466899754027846e-21,3.146792854654240634e-01
2.109687750200160139e-01,3.458949975348295505e-21,3.146792854654240634e-01
2.117694155324259531e-01,2.858809432573861115e-21,3.146792854654240634e-01
2.125700560448358645e-01,2.361886985022341043e-21,3.146792854654240634e-01
2.133706965572458036e-01,1.950590035126602130e-21,3.146792854654240634e-01
2.141713370696557428e-01,1.610296582136718128e-21,3.146792854654240634e-01
2.149719775820656542e-01,1.328858451691675670e-21,3.146792854654240634e-01
2.157726180944755934e-01,1.096186771216131815e-21,3.146792854654240634e-01
2.165732586068855048e-01,9.039062153677482274e-22,3.146792854654240634e-01
2.173738991192954439e-01,7.450667299853441789e-22,3.146792854654240634e-01
2.181745396317053831e-01,6.139032771454142623e-22,3.146792854654240634e-01
2.189751801441152945e-01,5.056356834757545873e-22,3.146792854654240634e-01
2.197758206565252337e-01,4.163019655739521791e-22,3.146792854654240634e-01
2.205764611689351451e-01,3.426195896731820700e-22,3.146792854654240634e-01
2.213771016813450843e-01,2.818700308265650384e-22,3.146792854654240634e-01
2.221777421937550234e-01,2.318027578448607953e-22,3.146792854654240634e-01
2.229783827061649348e-01,1.905554075984732389e-22,3.146792854654240634e-01
2.237790232185748740e-01,1.565874459291368338e-22,3.146792854654240634e-01
2.245796637309847854e-01,1.286250590047110575e-22,3.146792854654240634e-01
2.253803042433947246e-01,1.056153925333911975e-22,3.146792854654240634e-01
2.261809447558046637e-01,8.668856863295803816e-23,3.146792854654240634e-01
2.269815852682145751e-01,7.112617124292188900e-23,3.146792854654240634e-01
2.277822257806245143e-01,5.833510910063135702e-23,3.146792854654240634e-01
2.285828662930344257e-01,4.782594746773728917e-23,3.146792854654240634e-01
2.293835068054443649e-01,3.919495185732645124e-23,3.146792854654240634e-01
2.301841473178543040e-01,3.210921389486856892e-23,3.146792854654240634e-01
2.309847878302642155e-01,2.629433527307788637e-23,3.146792854654240634e-01
2.317854283426741546e-01,2.152423398869277882e-23,3.146792854654240634e-01
2.325860688550840660e-01,1.761271057378246097e-23,3.146792854654240634e-01
2.333867093674940052e-01,1.440647327991724859e-23,3.146792854654240634e-01
2.341873498799039444e-01,1.177937216951618525e-23,3.146792854654240634e-01
2.349879903923138558e-01,9.627634512362351052e-24,3.146792854654240634e-01
2.357886309047237949e-01,7.865929196013128851e-24,3.146792854654240634e-01
2.365892714171337063e-01,6.424117223016639086e-24,3.146792854654240634e-01
2.373899119295436455e-01,5.244569776617451779e-24,3.146792854654240634e-01
2.381905524419535847e-01,4.279955617730020720e-24,3.146792854654240634e-01
2.389911929543634961e-01,3.491416420296050036e-24,3.146792854654240634e-01
2.397918334667734352e-01,2.847062636221690475e-24,3.146792854654240634e-01
2.405924739791833467e-01,2.320734085721253895e-24,3.146792854654240634e-01
2.413931144915932858e-01,1.890979094903366203e-24,3.146792854654240634e-01
2.421937550040031972e-01,1.540213983827429513e-24,3.146792854654240634e-01
2.429943955164131364e-01,1.254031323243100614e-24,3.146792854654240634e-01
2.437950360288230756e-01,1.020630858429135725e-24,3.146792854654240634e-01
2.445956765412329870e-01,8.303515367336896665e-25,3.146792854654240634e-01
2.453963170536429261e-01,6.752868319391563075e-25,3.146792854654240634e-01
2.461969575660528375e-01,5.489686667626417520e-25,3.146792854654240634e-01
2.469975980784627767e-01,4.461078054751173745e-25,3.146792854654240634e-01
2.477982385908727159e-01,3.623807138437668199e-25,3.146792854654240634e-01
2.485988791032826273e-01,2.942546398257964215e-25,3.146792854654240634e-01
2.493995196156925664e-01,2.388441191291181106e-25,3.146792854654240634e-01
2.502001601281024779e-01,1.937933075593794601e-25,3.146792854654240634e-01
2.510008006405124448e-01,1.571795306632593295e-25,3.146792854654240634e-01
2.518014411529223562e-01,1.274342567554151460e-25,3.146792854654240634e-01
2.526020816653322676e-01,1.032783719789225555e-25,3.146792854654240634e-01
2.534027221777421790e-01,8.366919044315173774e-26,3.146792854654240634e-01
2.542033626901521459e-01,6.775708927981387218e-26,3.146792854654240634e-01
2.550040032025620573e-01,5.485003468175490009e-26,3.146792854654240634e-01
2.558046437149719687e-01,4.438457472263571331e-26,3.146792854654240634e-01
2.566052842273819357e-01,3.590212964344575886e-26,3.146792854654240634e-01
2.574059247397918471e-01,2.902961995805930986e-26,3.146792854654240634e-01
2.582065652522017585e-01,2.346364512609423263e-26,3.146792854654240634e-01
2.590072057646117254e-01,1.895756723312113761e-26,3.146792854654240634e-01
2.598078462770216368e-01,1.531097052589202058e-26,3.146792854654240634e-01
2.606084867894315482e-01,1.236106324568465758e-26,3.146792854654240634e-01
2.614091273018414596e-01,9.975666674361839252e-27,3.146792854654240634e-01
2.622097678142514265e-01,8.047500695934491521e-27,3.146792854654240634e-01
2.630104083266613380e-01,6.489527986835660462e-27,3.146792854654240634e-01
2.638110488390712494e-01,5.231162244577338911e-27,3.146792854654240634e-01
2.646116893514812163e-01,4.215181346184002942e-27,3.146792854654240634e-01
2.654123298638911277e-01,3.395215393204057187e-27,3.146792854654240634e-01
2.662129703763010391e-01,2.733703399590561508e-27,3.146792854654240634e-01
2.670136108887110060e-01,2.200231858275040324e-27,3.146792854654240634e-01
2.678142514011209174e-01,1.770184359349720920e-27,3.146792854654240634e-01
2.686148919135308288e-01,1.423644466219993861e-27,3.146792854654240634e-01
2.694155324259407402e-01,1.144504710496225065e-27,3.146792854654240634e-01
2.702161729383507072e-01,9.197432724034605570e-28,3.146792854654240634e-01
2.710168134507606186e-01,7.388370244572291703e-28,3.146792854654240634e-01
2.718174539631705300e-01,5.932854219065619327e-28,3.146792854654240634e-01
2.726180944755804969e-01,4.762244615891321517e-28,3.146792854654240634e-01
2.734187349879904083e-01,3.821137960958743284e-28,3.146792854654240634e-01
2.742193755004003197e-01,3.064832420077675872e-28,3.146792854654240634e-01
2.750200160128102311e-01,2.457274900479886335e-28,3.146792854654240634e-01
2.758206565252201981e-01,1.969399181792096328e-28,3.146792854654240634e-01
2.766212970376301095e-01,1.577781134182742247e-28,3.146792854654240634e-01
2.774219375500400209e-01,1.263550959485494123e-28,3.146792854654240634e-01
2.782225780624499878e-01,1.011513684379524447e-28,3.146792854654240634e-01
2.790232185748598992e-01,8.094383208038244138e-29,3.146792854654240634e-01
2.798238590872698106e-01,6.474835778018695934e-29,3.146792854654240634e-01
2.806244995996797775e-01,5.177340794109397732e-29,3.146792854654240634e-01
2.814251401120896889e-01,4.138259748795805402e-29,3.146792854654240634e-01
2.822257806244996003e-01,3.306448323393389614e-29,3.146792854654240634e-01
2.830264211369095118e-01,2.640819578649350883e-29,3.146792854654240634e-01
2.838270616493194787e-01,2.108379195204791457e-29,3.146792854654240634e-01
2.846277021617293901e-01,1.682641953545786562e-29,3.146792854654240634e-01
2.854283426741393015e-01,1.342355988847481791e-29,3.146792854654240634e-01
2.862289831865492684e-01,1.070475413945488100e-29,3.146792854654240634e-01
2.870296236989591798e-01,8.533332905106766371e-30,3.146792854654240634e-01
2.878302642113690912e-01,6.799761463054898537e-30,3.146792854654240634e-01
2.886309047237790582e-01,5.416286954631510244e-30,3.146792854654240634e-01
2.894315452361889696e-01,4.312634550337828836e-30,3.146792854654240634e-01
2.902321857485988810e-01,3.432548373965153035e-30,3.146792854654240634e-01
2.910328262610087924e-01,2.731012521066368083e-30,3.146792854654240634e-01
2.918334667734187593e-01,2.172019439238295097e-30,3.146792854654240634e-01
2.926341072858286707e-01,1.726778646652952900e-30,3.146792854654240634e-01
2.934347477982385821e-01,1.372279438669086859e-30,3.146792854654240634e-01
2.942353883106485490e-01,1.090137927392070436e-30,3.146792854654240634e-01
2.950360288230584604e-01,8.656723662898792687e-31,3.146792854654240634e-01
2.958366693354683719e-01,6.871618614311166418e-31,3.146792854654240634e-01
2.966373098478783388e-01,5.452526001062830335e-31,3.146792854654240634e-01
2.974379503602882502e-01,4.324828038374896642e-31,3.146792854654240634e-01
2.982385908726981616e-01,3.429029697478217732e-31,3.146792854654240634e-01
2.990392313851080730e-01,2.717720757141686835e-31,3.146792854654240634e-01
2.998398718975180399e-01,2.153139340557274401e-31,3.146792854654240634e-01
3.006405124099279513e-01,1.705212780204259213e-31,3.146792854654240634e-01
3.014411529223378627e-01,1.349984572445352824e-31,3.146792854654240634e-01
3.022417934347478297e-01,1.068362795605850665e-31,3.146792854654240634e-01
3.030424339471577411e-01,8.451392463043275791e-32,3.146792854654240634e-01
3.038430744595676525e-01,6.682283141425218539e-32,3.146792854654240634e-01
3.046437149719776194e-01,5.280675186727535612e-32,3.146792854654240634e-01
3.054443554843875308e-01,4.171207493142947515e-32,3.146792854654240634e-01
3.062449959967974422e-01,3.294409541685681375e-32,3.146792854654240634e-01
3.070456365092073536e-01,2.602803655315159031e-32,3.146792854654240634e-01
3.078462770216173205e-01,2.057691579223695287e-32,3.146792854654240634e-01
3.086469175340272320e-01,1.626980087855152735e-32,3.146792854654240634e-01
3.094475580464371434e-01,1.284243740232958767e-32,3.146792854654240634e-01
3.102481985588471103e-01,1.008820637387808487e-32,3.146792854654240634e-01
3.110488390712570217e-01,7.863134738256471600e-33,3.146792854654240634e-01
3.118494795836669331e-01,6.086915203842184951e-33,3.146792854654240634e-01
3.126501200960769000e-01,4.734056429606927572e-33,3.146792854654240634e-01
3.134507606084868114e-01,3.814616282028649100e-33,3.146792854654240634e-01
3.142514011208967228e-01,3.349811163676048425e-33,3.146792854654240634e-01
3.150520416333066342e-01,3.351092283202415451e-33,3.146792854654240634e-01
3.158526821457166012e-01,3.810340804677397093e-33,3.146792854654240634e-01
3.166533226581265126e-01,4.704250870544941893e-33,3.146792854654240634e-01
3.174539631705364240e-01,6.010207173818606477e-33,3.146792854654240634e-01
3.182546036829463909e-01,7.726914859199178115e-33,3.146792854654240634e-01
3.190552441953563023e-01,9.892462068518788415e-33,3.146792854654240634e-01
3.198558847077662137e-01,1.259522746087139585e-32,3.146792854654240634e-01
3.206565252201761806e-01,1.597734520076226630e-32,3.146792854654240634e-01
3.214571657325860921e-01,2.023411328314615420e-32,3.146792854654240634e-01
3.222578062449960035e-01,2.561430574068802598e-32,3.146792854654240634e-01
3.230584467574059149e-01,3.242566189050415813e-32,3.146792854654240634e-01
3.238590872698158818e-01,4.104781786623263104e-32,3.146792854654240634e-01
3.246597277822257932e-01,5.195294497319078877e-32,3.146792854654240634e-01
3.254603682946357046e-01,6.573334097744171439e-32,3.146792854654240634e-01
3.262610088070456715e-01,8.313543837268319449e-32,3.146792854654240634e-01
3.270616493194555829e-01,1.051007774988687625e-31,3.146792854654240634e-01
3.278622898318654943e-01,1.328158291624277877e-31,3.146792854654240634e-01
3.286629303442754613e-01,1.677736721531959436e-31,3.146792854654240634e-01
3.294635708566853727e-01,2.118513011441243799e-31,3.146792854654240634e-01
3.302642113690952841e-01,2.674069197879051940e-31,3.146792854654240634e-01
3.310648518815051955e-01,3.374022461276288233e-31,3.146792854654240634e-01
3.318654923939151624e-01,4.255558644953119725e-31,3.146792854654240634e-01
3.326661329063250738e-01,5.365351246069671187e-31,3.146792854654240634e-01
3.334667734187349852e-01,6.761960443757647681e-31,3.146792854654240634e-01
3.342674139311449522e-01,8.518831245025493380e-31,3.146792854654240634e-01
3.350680544435548636e-01,1.072803978628477390e-30,3.146792854654240634e-01
3.358686949559647750e-01,1.350497342686026257e-30,3.146792854654240634e-01
3.366693354683747419e-01,1.699417538609062187e-30,3.146792854654240634e-01
3.374699759807846533e-01,2.137664069359377831e-30,3.146792854654240634e-01
3.382706164931945647e-01,2.687891994584630645e-30,3.146792854654240634e-01
3.390712570056044761e-01,3.378447407465137922e-30,3.146792854654240634e-01
3.398718975180144430e-01,4.244783099316101349e-30,3.146792854654240634e-01
3.406725380304243544e-01,5.331222848497769056e-30,3.146792854654240634e-01
3.414731785428342659e-01,6.693159313673751624e-30,3.146792854654240634e-01
3.422738190552442328e-01,8.399791006074035074e-30,3.146792854654240634e-01
3.430744595676541442e-01,1.053752919828283397e-29,3.146792854654240634e-01
3.438751000800640556e-01,1.321423705371155912e-29,3.146792854654240634e-01
3.446757405924739670e-01,1.656450215479651869e-29,3.146792854654240634e-01
3.454763811048839339e-01,2.075619172265538711e-29,3.146792854654240634e-01
3.462770216172938453e-01,2.599859931701814230e-29,3.146792854654240634e-01
3.470776621297037567e-01,3.255256534418555489e-29,3.146792854654240634e-01
3.478783026421137237e-01,4.074304455974319355e-29,3.146792854654240634e-01
3.486789431545236351e-01,5.097470596504805603e-29,3.146792854654240634e-01
3.494795836669335465e-01,6.375128902356033909e-29,3.146792854654240634e-01
3.502802241793435134e-01,7.969961106551273516e-29,3.146792854654240634e-01
3.510808646917534248e-01,9.959933160540910772e-29,3.146792854654240634e-01
3.518815052041633362e-01,1.244198392784408224e-28,3.146792854654240634e-01
3.526821457165732476e-01,1.553659475223795494e-28,3.146792854654240634e-01
3.534827862289832145e-01,1.939344798780893132e-28,3.146792854654240634e-01
3.542834267413931260e-01,2.419843118950676208e-28,3.146792854654240634e-01
3.550840672538030374e-01,3.018230350083115062e-28,3.146792854654240634e-01
3.558847077662130043e-01,3.763141440230334229e-28,3.146792854654240634e-01
3.566853482786229157e-01,4.690095554053981921e-28,3.146792854654240634e-01
3.574859887910328271e-01,5.843133768951227044e-28,3.146792854654240634e-01
3.582866293034427940e-01,7.276842171284623416e-28,3.146792854654240634e-01
3.590872698158527054e-01,9.058850046312713560e-28,3.146792854654240634e-01
3.598879103282626168e-01,1.127291349236048660e-27,3.146792854654240634e-01
3.606885508406725283e-01,1.402272011933053163e-27,3.146792854654240634e-01
3.614891913530824952e-01,1.743658156806317080e-27,3.146792854654240634e-01
3.622898318654924066e-01,2.167321869833384608e-27,3.146792854654240634e-01
3.630904723779023180e-01,2.692889101262524130e-27,3.146792854654240634e-01
3.638911128903122849e-01,3.344617913077188836e-27,3.146792854654240634e-01
3.646917534027221963e-01,4.152479925074504771e-27,3.146792854654240634e-01
3.654923939151321077e-01,5.153491438202113042e-27,3.146792854654240634e-01
3.662930344275420746e-01,6.393351220565708555e-27,3.146792854654240634e-01
3.670936749399519861e-01,7.928454794738424436e-27,3.146792854654240634e-01
3.678943154523618975e-01,9.828370782183545534e-27,3.146792854654240634e-01
3.686949559647718089e-01,1.217888407190459817e-26,3.146792854654240634e-01
3.694955964771817758e-01,1.508573405290312633e-26,3.146792854654240634e-01
3.702962369895916872e-01,1.867920481690561799e-26,3.146792854654240634e-01
3.710968775020015986e-01,2.311975923406148953e-26,3.146792854654240634e-01
3.718975180144115655e-01,2.860495150963413284e-26,3.146792854654240634e-01
3.726981585268214769e-01,3.537790492062556487e-26,3.146792854654240634e-01
3.734987990392313884e-01,4.373770494409148783e-26,3.146792854654240634e-01
3.742994395516413553e-01,5.405213539585491291e-26,3.146792854654240634e-01
3.751000800640512667e-01,6.677327949967931187e-26,3.146792854654240634e-01
3.759007205764611781e-01,8.245662264215784202e-26,3.146792854654240634e-01
3.767013610888710895e-01,1.017844333505311366e-25,3.146792854654240634e-01
3.775020016012810564e-01,1.255943691080146235e-25,3.146792854654240634e-01
3.783026421136909678e-01,1.549144604735941217e-25,3.146792854654240634e-01
3.791032826261008792e-01,1.910058784477949532e-25,3.146792854654240634e-01
3.799039231385108462e-01,2.354151956205812219e-25,3.146792854654240634e-01
3.807045636509207576e-01,2.900382228451787477e-25,3.146792854654240634e-01
3.815052041633306690e-01,3.571979539009958282e-25,3.146792854654240634e-01
3.823058446757406359e-01,4.397396976431282323e-25,3.146792854654240634e-01
3.831064851881505473e-01,5.411471407900034149e-25,3.146792854654240634e-01
3.839071257005604587e-01,6.656838892982025568e-25,3.146792854654240634e-01
3.847077662129703701e-01,8.185660118267476387e-25,3.146792854654240634e-01
3.855084067253803370e-01,1.006172290836017562e-24,3.146792854654240634e-01
3.863090472377902485e-01,1.236300318505774178e-24,3.146792854654240634e-01
3.871096877502001599e-01,1.518478307873586617e-24,3.146792854654240634e-01
3.879103282626101268e-01,1.864344587036862088e-24,3.146792854654240634e-01
3.887109687750200382e-01,2.288109281405718374e-24,3.146792854654240634e-01
3.895116092874299496e-01,2.807115756734653283e-24,3.146792854654240634e-01
3.903122497998399165e-01,3.442523103406413551e-24,3.146792854654240634e-01
3.911128903122498279e-01,4.220135421836870086e-24,3.146792854654240634e-01
3.919135308246597393e-01,5.171409078235532838e-24,3.146792854654240634e-01
3.927141713370696507e-01,6.334675629629189510e-24,3.146792854654240634e-01
3.935148118494796177e-01,7.756625995748289154e-24,3.146792854654240634e-01
3.943154523618895291e-01,9.494110957803201423e-24,3.146792854654240634e-01
3.951160928742994405e-01,1.161632452015686274e-23,3.146792854654240634e-01
3.959167333867094074e-01,1.420745047626339647e-23,3.146792854654240634e-01
3.967173738991193188e-01,1.736986914980401422e-23,3.146792854654240634e-01
3.975180144115292302e-01,2.122804130502092271e-23,3.146792854654240634e-01
3.983186549239391971e-01,2.593321031921950412e-23,3.146792854654240634e-01
3.991192954363491086e-01,3.166909270273026263e-23,3.146792854654240634e-01
3.999199359487590200e-01,3.865876191624348586e-23,3.146792854654240634e-01
4.007205764611689314e-01,4.717297234408408731e-23,3.146792854654240634e-01
4.015212169735788983e-01,5.754022063664123465e-23,3.146792854654240634e-01
4.023218574859888097e-01,7.015890211246838601e-23,3.146792854654240634e-01
4.031224979983987211e-01,8.551199251481670080e-23,3.146792854654240634e-01
4.039231385108086880e-01,1.041847725434353294e-22,3.146792854654240634e-01
4.047237790232185994e-01,1.268862170909038589e-22,3.146792854654240634e-01
4.055244195356285108e-01,1.544747964184344314e-22,3.146792854654240634e-01
4.063250600480384778e-01,1.879895866842972841e-22,3.146792854654240634e-01
4.071257005604483892e-01,2.286877671496430559e-22,3.146792854654240634e-01
4.079263410728583006e-01,2.780897968274863406e-22,3.146792854654240634e-01
4.087269815852682120e-01,3.380338212179425721e-22,3.146792854654240634e-01
4.095276220976781789e-01,4.107411683148840089e-22,3.146792854654240634e-01
4.103282626100880903e-01,4.988951620739682761e-22,3.146792854654240634e-01
4.111289031224980017e-01,6.057359226603713756e-22,3.146792854654240634e-01
4.119295436349079687e-01,7.351743499204860701e-22,3.146792854654240634e-01
4.127301841473178801e-01,8.919291161436330035e-22,3.146792854654240634e-01
4.135308246597277915e-01,1.081691245906555046e-21,3.146792854654240634e-01
4.143314651721377029e-01,1.311321757926871671e-21,3.146792854654240634e-01
4.151321056845476698e-01,1.589088914061283849e-21,3.146792854654240634e-01
4.159327461969575812e-01,1.924952896718287533e-21,3.146792854654240634e-01
4.167333867093674926e-01,2.330907256991507989e-21,3.146792854654240634e-01
4.175340272217774595e-01,2.821388287981957188e-21,3.146792854654240634e-01
4.183346677341873709e-01,3.413765635877278650e-21,3.146792854654240634e-01
4.191353082465972824e-01,4.128930030327078148e-21,3.146792854654240634e-01
4.199359487590072493e-01,4.991997072427596035e-21,3.146792854654240634e-01
4.207365892714171607e-01,6.033149654272594577e-21,3.146792854654240634e-01
4.215372297838270721e-01,7.288645906330751134e-21,3.146792854654240634e-01
4.223378702962369835e-01,8.802024705357385356e-21,3.146792854654240634e-01
4.231385108086469504e-01,1.062554687689820255e-20,3.146792854654240634e-01
4.239391513210568618e-01,1.282191747085049277e-20,3.146792854654240634e-01
4.247397918334667732e-01,1.546634308649790499e-20,3.146792854654240634e-01
4.255404323458767402e-01,1.864898842345305026e-20,3.146792854654240634e-01
4.263410728582866516e-01,2.247790833036118003e-20,3.146792854654240634e-01
4.271417133706965630e-01,2.708254596014023599e-20,3.146792854654240634e-01
4.279423538831065299e-01,3.261790462704231633e-20,3.146792854654240634e-01
4.287429943955164413e-01,3.926952107799954784e-20,3.146792854654240634e-01
4.295436349079263527e-01,4.725939170527787244e-20,3.146792854654240634e-01
4.303442754203362641e-01,5.685303140699545169e-20,3.146792854654240634e-01
4.311449159327462310e-01,6.836787813215224921e-20,3.146792854654240634e-01
4.319455564451561425e-01,8.218329555210670900e-20,3.146792854654240634e-01
4.327461969575660539e-01,9.875247286813472850e-20,3.146792854654240634e-01
4.335468374699760208e-01,1.186165757730921089e-19,3.146792854654240634e-01
4.343474779823859322e-01,1.424215675362606089e-19,3.146792854654240634e-01
4.351481184947958436e-01,1.709381958383358972e-19,3.146792854654240634e-01
4.359487590072058105e-01,2.050857314191212909e-19,3.146792854654240634e-01
4.367493995196157219e-01,2.459601512445206221e-19,3.146792854654240634e-01
4.375500400320256333e-01,2.948675846021736011e-19,3.146792854654240634e-01
4.383506805444355447e-01,3.533639886390880689e-19,3.146792854654240634e-01
4.391513210568455117e-01,4.233021942766388611e-19,3.146792854654240634e-01
4.399519615692554231e-01,5.068876687659080239e-19,3.146792854654240634e-01
4.407526020816653345e-01,6.067445827517755599e-19,3.146792854654240634e-01
4.415532425940753014e-01,7.259940538838342594e-19,3.146792854654240634e-01
4.423538831064852128e-01,8.683467731001554678e-19,3.146792854654240634e-01
4.431545236188951242e-01,1.038212612315437110e-18,3.146792854654240634e-01
4.439551641313050911e-01,1.240830273417366247e-18,3.146792854654240634e-01
4.447558046437150026e-01,1.482420579954164770e-18,3.146792854654240634e-01
4.455564451561249140e-01,1.770367648391787785e-18,3.146792854654240634e-01
4.463570856685348254e-01,2.113432921329664407e-18,3.146792854654240634e-01
4.471577261809447923e-01,2.522007919257763379e-18,3.146792854654240634e-01
4.479583666933547037e-01,3.008412592077331844e-18,3.146792854654240634e-01
4.487590072057646151e-01,3.587247352067316064e-18,3.146792854654240634e-01
4.495596477181745820e-01,4.275808275809470599e-18,3.146792854654240634e-01
4.503602882305844934e-01,5.094576608211558399e-18,3.146792854654240634e-01
4.511609287429944048e-01,6.067795627244793263e-18,3.146792854654240634e-01
4.519615692554043718e-01,7.224150179954481503e-18,3.146792854654240634e-01
4.527622097678142832e-01,8.597566832914496608e-18,3.146792854654240634e-01
4.535628502802241946e-01,1.022815565657130534e-17,3.146792854654240634e-01
4.543634907926341060e-01,1.216331825606834465e-17,3.146792854654240634e-01
4.551641313050440729e-01,1.445905085617157449e-17,3.146792854654240634e-01
4.559647718174539843e-01,1.718147614348696391e-17,3.146792854654240634e-01
4.567654123298638957e-01,2.040864327978476105e-17,3.146792854654240634e-01
4.575660528422738627e-01,2.423264215865852743e-17,3.146792854654240634e-01
4.583666933546837741e-01,2.876208573791078759e-17,3.146792854654240634e-01
4.591673338670936855e-01,3.412502332022037764e-17,3.146792854654240634e-01
4.599679743795036524e-01,4.047235818140840680e-17,3.146792854654240634e-01
4.607686148919135638e-01,4.798185519796615184e-17,3.146792854654240634e-01
4.615692554043234752e-01,5.686283838007685018e-17,3.146792854654240634e-01
4.623698959167333866e-01,6.736169479306237319e-17,3.146792854654240634e-01
4.631705364291433535e-01,7.976832061872068607e-17,3.146792854654240634e-01
4.639711769415532649e-01,9.442366749575974376e-17,3.146792854654240634e-01
4.647718174539631764e-01,1.117285732787949699e-16,3.146792854654240634e-01
4.655724579663731433e-01,1.321540915378844244e-16,3.146792854654240634e-01
4.663730984787830547e-01,1.562535691424118298e-16,3.146792854654240634e-01
4.671737389911929661e-01,1.846767618923908494e-16,3.146792854654240634e-01
4.679743795036029330e-01,2.181863252506512811e-16,3.146792854654240634e-01
4.687750200160128444e-01,2.576770717974349684e-16,3.146792854654240634e-01
4.695756605284227558e-01,3.041984502343257833e-16,3.146792854654240634e-01
4.703763010408326672e-01,3.589807739417475587e-16,3.146792854654240634e-01
4.711769415532426342e-01,4.234658117788551820e-16,3.146792854654240634e-01
4.719775820656525456e-01,4.993424517728438902e-16,3.146792854654240634e-01
4.727782225780624570e-01,5.885882616062008556e-16,3.146792854654240634e-01
4.735788630904724239e-01,6.935179007079619965e-16,3.146792854654240634e-01
4.743795036028823353e-01,8.168394899671024982e-16,3.146792854654240634e-01
4.751801441152922467e-01,9.617202196875295684e-16,3.146792854654240634e-01
4.759807846277022136e-01,1.131862677922500024e-15,3.146792854654240634e-01
4.767814251401121250e-01,1.331593613806502704e-15,3.146792854654240634e-01
4.775820656525220365e-01,1.565967118584096447e-15,3.146792854654240634e-01
4.783827061649319479e-01,1.840884516027735504e-15,3.146792854654240634e-01
4.791833466773419148e-01,2.163233609926228874e-15,3.146792854654240634e-01
4.799839871897518262e-01,2.541050346277212428e-15,3.146792854654240634e-01
4.807846277021617376e-01,2.983706419693289278e-15,3.146792854654240634e-01
4.815852682145717045e-01,3.502126896449529685e-15,3.146792854654240634e-01
4.823859087269816159e-01,4.109042550966963356e-15,3.146792854654240634e-01
4.831865492393915273e-01,4.819282330241356000e-15,3.146792854654240634e-01
4.839871897518014388e-01,5.650112185374465391e-15,3.146792854654240634e-01
4.847878302642114057e-01,6.621627456444020086e-15,3.146792854654240634e-01
4.855884707766213171e-01,7.757207084152217709e-15,3.146792854654240634e-01
4.863891112890312285e-01,9.084039169180603218e-15,3.146792854654240634e-01
4.871897518014411954e-01,1.063372883093604534e-14,3.146792854654240634e-01
4.879903923138511068e-01,1.244300095758205245e-14,3.146792854654240634e-01
4.887910328262610182e-01,1.455451231870913986e-14,3.146792854654240634e-01
4.895916733386709851e-01,1.701778966464241807e-14,3.146792854654240634e-01
4.903923138510808966e-01,1.989031290078207180e-14,3.146792854654240634e-01
4.911929543634908080e-01,2.323876524540735635e-14,3.146792854654240634e-01
4.919935948759007194e-01,2.714047550487144448e-14,3.146792854654240634e-01
4.927942353883106863e-01,3.168508128771022935e-14,3.146792854654240634e-01
4.935948759007205977e-01,3.697644619314864192e-14,3.146792854654240634e-01
4.943955164131305091e-01,4.313486882272106423e-14,3.146792854654240634e-01
4.951961569255404760e-01,5.029962695896981885e-14,3.146792854654240634e-01
4.959967974379503874e-01,5.863190652617943388e-14,3.146792854654240634e-01
4.967974379503602989e-01,6.831817210106659396e-14,3.146792854654240634e-01
4.975980784627702658e-01,7.957404389659259072e-14,3.146792854654240634e-01
4.983987189751801772e-01,9.264875543567152494e-14,3.146792854654240634e-01
4.991993594875900886e-01,1.078302767177336409e-13,3.146792854654240634e-01
5.000000000000000000e-01,1.254511997337432347e-13,3.146792854654240634e-01
5.008006405124099114e-01,1.458954969015003141e-13,3.146792854654240634e-01
5.016012810248199338e-01,1.696062785950495669e-13,3.146792854654240634e-01
5.024019215372298452e-01,1.970946936809163882e-13,3.146792854654240634e-01
5.032025620496397567e-01,2.289501371328782483e-13,3.146792854654240634e-01
5.040032025620496681e-01,2.658519516958741282e-13,3.146792854654240634e-01
5.048038430744595795e-01,3.085828365682707111e-13,3.146792854654240634e-01
5.056044835868694909e-01,3.580442055764200334e-13,3.146792854654240634e-01
5.064051240992794023e-01,4.152737707827787466e-13,3.146792854654240634e-01
5.072057646116894247e-01,4.814656654142536148e-13,3.146792854654240634e-01
5.080064051240993361e-01,5.579934629986399706e-13,3.146792854654240634e-01
5.088070456365092475e-01,6.464364983061817135e-13,3.146792854654240634e-01
5.096076861489191590e-01,7.486099508409711122e-13,3.146792854654240634e-01
5.104083266613290704e-01,8.665992140355154173e-13,3.146792854654240634e-01
5.112089671737389818e-01,1.002799143894121317e-12,3.146792854654240634e-01
5.120096076861488932e-01,1.159958860641728037e-12,3.146792854654240634e-01
5.128102481985589156e-01,1.341232867126168092e-12,3.146792854654240634e-01
5.136108887109688270e-01,1.550239349595095791e-12,3.146792854654240634e-01
5.144115292233787384e-01,1.791126641482885292e-12,3.146792854654240634e-01
5.152121697357886498e-01,2.068648960630599162e-12,3.146792854654240634e-01
5.160128102481985612e-01,2.388252676752607882e-12,3.146792854654240634e-01
5.168134507606084727e-01,2.756174531000728586e-12,3.146792854654240634e-01
5.176140912730184951e-01,3.179553415446991752e-12,3.146792854654240634e-01
5.184147317854284065e-01,3.666557529767325673e-12,3.146792854654240634e-01
5.192153722978383179e-01,4.226528968209845583e-12,3.146792854654240634e-01
5.200160128102482293e-01,4.870148055262497095e-12,3.146792854654240634e-01
5.208166533226581407e-01,5.609620046850541433e-12,3.146792854654240634e-01
5.216172938350680521e-01,6.458887149348986369e-12,3.146792854654240634e-01
5.224179343474779635e-01,7.433869185622335597e-12,3.146792854654240634e-01
5.232185748598879860e-01,8.552736660607342761e-12,3.146792854654240634e-01
5.240192153722978974e-01,9.836220454121765992e-12,3.146792854654240634e-01
5.248198558847078088e-01,1.130796290170650377e-11,3.146792854654240634e-01
5.256204963971177202e-01,1.299491562216482394e-11,3.146792854654240634e-01
5.264211369095276316e-01,1.492779012059262359e-11,3.146792854654240634e-01
5.272217774219375430e-01,1.714156794645625855e-11,3.146792854654240634e-01
5.280224179343474544e-01,1.967607802696747855e-11,3.146792854654240634e-01
5.288230584467574769e-01,2.257664973695333033e-11,3.146792854654240634e-01
5.296236989591673883e-01,2.589485131902230057e-11,3.146792854654240634e-01
5.304243394715772997e-01,2.968932444480715308e-11,3.146792854654240634e-01
5.312249799839872111e-01,3.402672702342678431e-11,3.146792854654240634e-01
5.320256204963971225e-01,3.898279783262362551e-11,3.146792854654240634e-01
5.328262610088070339e-01,4.464355818847538955e-11,3.146792854654240634e-01
5.336269015212170563e-01,5.110666770023754044e-11,3.146792854654240634e-01
5.344275420336269677e-01,5.848295319869854758e-11,3.146792854654240634e-01
5.352281825460368792e-01,6.689813220269866127e-11,3.146792854654240634e-01
5.360288230584467906e-01,7.649475482485981846e-11,3.146792854654240634e-01
5.368294635708567020e-01,8.743439084232110979e-11,3.146792854654240634e-01
5.376301040832666134e-01,9.990009180263908755e-11,3.146792854654240634e-01
5.384307445956765248e-01,1.140991615334011746e-10,3.146792854654240634e-01
5.392313851080865472e-01,1.302662723143577646e-10,3.146792854654240634e-01
5.400320256204964586e-01,1.486669682948055643e-10,3.146792854654240634e-01
5.408326661329063700e-01,1.696016025423006906e-10,3.146792854654240634e-01
5.416333066453162814e-01,1.934097594422463798e-10,3.146792854654240634e-01
5.424339471577261929e-01,2.204752200866206260e-10,3.146792854654240634e-01
5.432345876701361043e-01,2.512315348553324524e-10,3.146792854654240634e-01
5.440352281825460157e-01,2.861682746719656291e-10,3.146792854654240634e-01
5.448358686949560381e-01,3.258380404806913418e-10,3.146792854654240634e-01
5.456365092073659495e-01,3.708643194226971688e-10,3.146792854654240634e-01
5.464371497197758609e-01,4.219502860774780251e-10,3.146792854654240634e-01
5.472377902321857723e-01,4.798886580723961113e-10,3.146792854654240634e-01
5.480384307445956837e-01,5.455727274591668596e-10,3.146792854654240634e-01
5.488390712570055952e-01,6.200087026235399128e-10,3.146792854654240634e-01
5.496397117694155066e-01,7.043295102602696662e-10,3.146792854654240634e-01
5.504403522818255290e-01,7.998102232481319870e-10,3.146792854654240634e-01
5.512409927942354404e-01,9.078852982482618385e-10,3.146792854654240634e-01
5.520416333066453518e-01,1.030167826689033845e-09,3.146792854654240634e-01
5.528422738190552632e-01,1.168471024669477978e-09,3.146792854654240634e-01
5.536429143314651746e-01,1.324832211406780676e-09,3.146792854654240634e-01
5.544435548438750860e-01,1.501539552382624094e-09,3.146792854654240634e-01
5.552441953562851085e-01,1.701161872539959197e-09,3.146792854654240634e-01
5.560448358686950199e-01,1.926581876997046806e-09,3.146792854654240634e-01
5.568454763811049313e-01,2.181033152049959977e-09,3.146792854654240634e-01
5.576461168935148427e-01,2.468141358026617110e-09,3.146792854654240634e-01
5.584467574059247541e-01,2.791970068155414870e-09,3.146792854654240634e-01
5.592473979183346655e-01,3.157071754367109015e-09,3.146792854654240634e-01
5.600480384307445769e-01,3.568544472237327124e-09,3.146792854654240634e-01
5.608486789431545994e-01,4.032094853508277887e-09,3.146792854654240634e-01
5.616493194555645108e-01,4.554108076244450952e-09,3.146792854654240634e-01
5.624499599679744222e-01,5.141725550154887931e-09,3.146792854654240634e-01
5.632506004803843336e-01,5.802931128474102206e-09,3.146792854654240634e-01
5.640512409927942450e-01,6.546646738586200150e-09,3.146792854654240634e-01
5.648518815052041564e-01,7.382838411915670336e-09,3.146792854654240634e-01
5.656525220176140678e-01,8.322633790127965215e-09,3.146792854654240634e-01
5.664531625300240902e-01,9.378452290100502526e-09,3.146792854654240634e-01
5.672538030424340016e-01,1.056414922517293154e-08,3.146792854654240634e-01
5.680544435548439131e-01,1.189517530569887532e-08,3.146792854654240634e-01
5.688550840672538245e-01,1.338875307874375354e-08,3.146792854654240634e-01
5.696557245796637359e-01,1.506407201586196402e-08,3.146792854654240634e-01
5.704563650920736473e-01,1.694250412024038232e-08,3.146792854654240634e-01
5.712570056044836697e-01,1.904784210118226661e-08,3.146792854654240634e-01
5.720576461168935811e-01,2.140656235608896549e-08,3.146792854654240634e-01
5.728582866293034925e-01,2.404811520901372923e-08,3.146792854654240634e-01
5.736589271417134039e-01,2.700524508182434683e-08,3.146792854654240634e-01
5.744595676541233154e-01,3.031434352044368080e-08,3.146792854654240634e-01
5.752602081665332268e-01,3.401583826604445893e-08,3.146792854654240634e-01
5.760608486789431382e-01,3.815462185106471306e-08,3.146792854654240634e-01
5.768614891913531606e-01,4.278052351420514921e-08,3.146792854654240634e-01
5.776621297037630720e-01,4.794882856900121766e-08,3.146792854654240634e-01
5.784627702161729834e-01,5.372084972906419700e-08,3.146792854654240634e-01
5.792634107285828948e-01,6.016455529174790917e-08,3.146792854654240634e-01
5.800640512409928062e-01,6.735525951302125051e-08,3.146792854654240634e-01
5.808646917534027176e-01,7.537638097198460212e-08,3.146792854654240634e-01
5.816653322658126291e-01,8.432027522637468530e-08,3.146792854654240634e-01
5.824659727782226515e-01,9.428914860300497760e-08,3.146792854654240634e-01
5.832666132906325629e-01,1.053960605522633695e-07,3.146792854654240634e-01
5.840672538030424743e-01,1.177660226265457423e-07,3.146792854654240634e-01
5.848678943154523857e-01,1.315372028216776910e-07,3.146792854654240634e-01
5.856685348278622971e-01,1.468622447515999091e-07,3.146792854654240634e-01
5.864691753402722085e-01,1.639097119128926446e-07,3.146792854654240634e-01
5.872698158526822310e-01,1.828656681411648479e-07,3.146792854654240634e-01
5.880704563650921424e-01,2.039354062692876523e-07,3.146792854654240634e-01
5.888710968775020538e-01,2.273453379722852247e-07,3.146792854654240634e-01
5.896717373899119652e-01,2.533450588293696584e-07,3.146792854654240634e-01
5.904723779023218766e-01,2.822096037546161731e-07,3.146792854654240634e-01
5.912730184147317880e-01,3.142419091486009488e-07,3.146792854654240634e-01
5.920736589271416994e-01,3.497754994090277407e-07,3.146792854654240634e-01
5.928742994395517218e-01,3.891774168134990634e-07,3.146792854654240634e-01
5.936749399519616333e-01,4.328514152579188979e-07,3.146792854654240634e-01
5.944755804643715447e-01,4.812414399044589410e-07,3.146792854654240634e-01
5.952762209767814561e-01,5.348354164693832926e-07,3.146792854654240634e-01
5.960768614891913675e-01,5.941693756695786336e-07,3.146792854654240634e-01
5.968775020016012789e-01,6.598319402523994560e-07,3.146792854654240634e-01
5.976781425140111903e-01,7.324692040638926131e-07,3.146792854654240634e-01
5.984787830264212127e-01,8.127900347707743908e-07,3.146792854654240634e-01
5.992794235388311241e-01,9.015718341495890639e-07,3.146792854654240634e-01
6.000800640512410355e-01,9.996667922980056334e-07,3.146792854654240634e-01
6.008807045636509470e-01,1.108008674715665483e-06,3.146792854654240634e-01
6.016813450760608584e-01,1.227620183952793010e-06,3.146792854654240634e-01
6.024819855884707698e-01,1.359620940440434914e-06,3.146792854654240634e-01
6.032826261008807922e-01,1.505236130204227890e-06,3.146792854654240634e-01
6.040832666132907036e-01,1.665805870432723628e-06,3.146792854654240634e-01
6.048839071257006150e-01,1.842795347327048652e-06,3.146792854654240634e-01
6.056845476381105264e-01,2.037805784310768779e-06,3.146792854654240634e-01
6.064851881505204378e-01,2.252586302532683253e-06,3.146792854654240634e-01
6.072858286629303493e-01,2.489046739660538785e-06,3.146792854654240634e-01
6.080864691753402607e-01,2.749271497247566904e-06,3.146792854654240634e-01
6.088871096877502831e-01,3.035534491461823813e-06,3.146792854654240634e-01
6.096877502001601945e-01,3.350315286711743679e-06,3.146792854654240634e-01
6.104883907125701059e-01,3.696316496684046228e-06,3.146792854654240634e-01
6.112890312249800173e-01,4.076482542539273103e-06,3.146792854654240634e-01
6.120896717373899287e-01,4.494019863496847752e-06,3.146792854654240634e-01
6.128903122497998401e-01,4.952418680784473008e-06,3.146792854654240634e-01
6.136909527622097515e-01,5.455476421942734567e-06,3.146792854654240634e-01
6.144915932746197740e-01,6.007322918757165695e-06,3.146792854654240634e-01
6.152922337870296854e-01,6.612447498655511735e-06,3.146792854654240634e-01
6.160928742994395968e-01,7.275728096250847878e-06,3.146792854654240634e-01
6.168935148118495082e-01,8.002462518843005961e-06,3.146792854654240634e-01
6.176941553242594196e-01,8.798402007109365174e-06,3.146792854654240634e-01
6.184947958366693310e-01,9.669787239932603733e-06,3.146792854654240634e-01
6.192954363490792424e-01,1.062338694031036247e-05,3.146792854654240634e-01
6.200960768614892649e-01,1.166653924759301516e-05,3.146792854654240634e-01
6.208967173738991763e-01,1.280719602988423957e-05,3.146792854654240634e-01
6.216973578863090877e-01,1.405397031931726301e-05,3.146792854654240634e-01
6.224979983987189991e-01,1.541618706208580165e-05,3.146792854654240634e-01
6.232986389111289105e-01,1.690393738455282297e-05,3.146792854654240634e-01
6.240992794235388219e-01,1.852813658648227690e-05,3.146792854654240634e-01
6.248999199359488443e-01,2.030058608243024635e-05,3.146792854654240634e-01
6.257005604483587557e-01,2.223403952256018277e-05,3.146792854654240634e-01
6.265012009607686672e-01,2.434227333465177227e-05,3.146792854654240634e-01
6.273018414731785786e-01,2.664016193976788578e-05,3.146792854654240634e-01
6.281024819855884900e-01,2.914375790498390176e-05,3.146792854654240634e-01
6.289031224979984014e-01,3.187037730769538672e-05,3.146792854654240634e-01
6.297037630104083128e-01,3.483869059730322799e-05,3.146792854654240634e-01
6.305044035228183352e-01,3.806881925152424067e-05,3.146792854654240634e-01
6.313050440352282466e-01,4.158243853610374142e-05,3.146792854654240634e-01
6.321056845476381580e-01,4.540288668837505714e-05,3.146792854654240634e-01
6.329063250600480695e-01,4.955528085676887438e-05,3.146792854654240634e-01
6.337069655724579809e-01,5.406664014011087528e-05,3.146792854654240634e-01
6.345076060848678923e-01,5.896601608221655643e-05,3.146792854654240634e-01
6.353082465972778037e-01,6.428463098890730657e-05,3.146792854654240634e-01
6.361088871096878261e-01,7.005602444604780118e-05,3.146792854654240634e-01
6.369095276220977375e-01,7.631620842857192010e-05,3.146792854654240634e-01
6.377101681345076489e-01,8.310383140151876395e-05,3.146792854654240634e-01
6.385108086469175603e-01,9.046035182492728950e-05,3.146792854654240634e-01
6.393114491593274717e-01,9.843022148491469600e-05,3.146792854654240634e-01
6.401120896717373832e-01,1.070610790832527608e-04,3.146792854654240634e-01
6.409127301841474056e-01,1.164039545273231528e-04,3.146792854654240634e-01
6.417133706965573170e-01,1.265134843713438964e-04,3.146792854654240634e-01
6.425140112089672284e-01,1.374481388679778834e-04,3.146792854654240634e-01
6.433146517213771398e-01,1.492704610970666283e-04,3.146792854654240634e-01
6.441152922337870512e-01,1.620473186449470596e-04,3.146792854654240634e-01
6.449159327461969626e-01,1.758501683135944718e-04,3.146792854654240634e-01
6.457165732586068740e-01,1.907553343435916841e-04,3.146792854654240634e-01
6.465172137710168965e-01,2.068443006385419479e-04,3.146792854654240634e-01
6.473178542834268079e-01,2.242040174809022070e-04,3.146792854654240634e-01
6.481184947958367193e-01,2.429272232302498371e-04,3.146792854654240634e-01
6.489191353082466307e-01,2.631127814944347822e-04,3.146792854654240634e-01
6.497197758206565421e-01,2.848660342619363257e-04,3.146792854654240634e-01
6.505204163330664535e-01,3.082991714800796448e-04,3.146792854654240634e-01
6.513210568454763649e-01,3.335316175578121548e-04,3.146792854654240634e-01
6.521216973578863874e-01,3.606904352641352720e-04,3.146792854654240634e-01
6.529223378702962988e-01,3.899107474833704871e-04,3.146792854654240634e-01
6.537229783827062102e-01,4.213361772763553987e-04,3.146792854654240634e-01
6.545236188951161216e-01,4.551193066819006093e-04,3.146792854654240634e-01
6.553242594075260330e-01,4.914221546758206936e-04,3.146792854654240634e-01
6.561248999199359444e-01,5.304166746850126363e-04,3.146792854654240634e-01
6.569255404323459668e-01,5.722852720309150060e-04,3.146792854654240634e-01
6.577261809447558782e-01,6.172213416513259825e-04,3.146792854654240634e-01
6.585268214571657897e-01,6.654298264203836657e-04,3.146792854654240634e-01
6.593274619695757011e-01,7.171277963541138577e-04,3.146792854654240634e-01
6.601281024819856125e-01,7.725450489534735690e-04,3.146792854654240634e-01
6.609287429943955239e-01,8.319247308972513039e-04,3.146792854654240634e-01
6.617293835068054353e-01,8.955239812538771547e-04,3.146792854654240634e-01
6.625300240192154577e-01,9.636145963347642366e-04,3.146792854654240634e-01
6.633306645316253691e-01,1.036483716260115390e-03,3.146792854654240634e-01
6.641313050440352805e-01,1.114434533253401156e-03,3.146792854654240634e-01
6.649319455564451919e-01,1.197787021621172805e-03,3.146792854654240634e-01
6.657325860688551034e-01,1.286878689310617246e-03,3.146792854654240634e-01
6.665332265812650148e-01,1.382065350869625267e-03,3.146792854654240634e-01
6.673338670936749262e-01,1.483721921560651053e-03,3.146792854654240634e-01
6.681345076060849486e-01,1.592243232302528039e-03,3.146792854654240634e-01
6.689351481184948600e-01,1.708044865031594457e-03,3.146792854654240634e-01
6.697357886309047714e-01,1.831564007987060601e-03,3.146792854654240634e-01
6.705364291433146828e-01,1.963260330333052670e-03,3.146792854654240634e-01
6.713370696557245942e-01,2.103616875433523409e-03,3.146792854654240634e-01
6.721377101681345057e-01,2.253140971993761784e-03,3.146792854654240634e-01
6.729383506805445281e-01,2.412365162176664107e-03,3.146792854654240634e-01
6.737389911929544395e-01,2.581848145690822556e-03,3.146792854654240634e-01
6.745396317053643509e-01,2.762175738729865000e-03,3.146792854654240634e-01
6.753402722177742623e-01,2.953961846523973922e-03,3.146792854654240634e-01
6.761409127301841737e-01,3.157849448137774184e-03,3.146792854654240634e-01
6.769415532425940851e-01,3.374511592019168241e-03,3.146792854654240634e-01
6.777421937550039965e-01,3.604652400670328369e-03,3.146792854654240634e-01
6.785428342674140190e-01,3.849008082673287170e-03,3.146792854654240634e-01
6.793434747798239304e-01,4.108347950161753137e-03,3.146792854654240634e-01
6.801441152922338418e-01,4.383475439683507877e-03,3.146792854654240634e-01
6.809447558046437532e-01,4.675229134249689854e-03,3.146792854654240634e-01
6.817453963170536646e-01,4.984483784216235842e-03,3.146792854654240634e-01
6.825460368294635760e-01,5.312151324486120464e-03,3.146792854654240634e-01
6.833466773418734874e-01,5.659181885365203134e-03,3.146792854654240634e-01
6.841473178542835099e-01,6.026564794245779268e-03,3.146792854654240634e-01
6.849479583666934213e-01,6.415329565130679229e-03,3.146792854654240634e-01
6.857485988791033327e-01,6.826546872847720493e-03,3.146792854654240634e-01
6.865492393915132441e-01,7.261329508645496776e-03,3.146792854654240634e-01
6.873498799039231555e-01,7.720833313697701358e-03,3.146792854654240634e-01
6.881505204163330669e-01,8.206258086877733435e-03,3.146792854654240634e-01
6.889511609287429783e-01,8.718848463010629365e-03,3.146792854654240634e-01
6.897518014411530007e-01,9.259894757642836774e-03,3.146792854654240634e-01
6.905524419535629121e-01,9.830733774218154350e-03,3.146792854654240634e-01
6.913530824659728236e-01,1.043274956939179744e-02,3.146792854654240634e-01
6.921537229783827350e-01,1.106737417206462432e-02,3.146792854654240634e-01
6.929543634907926464e-01,1.173608825157210038e-02,3.146792854654240634e-01
6.937550040032025578e-01,1.244042173032024017e-02,3.146792854654240634e-01
6.945556445156125802e-01,1.318195433603448243e-02,3.146792854654240634e-01
6.953562850280224916e-01,1.396231608865051294e-02,3.146792854654240634e-01
6.961569255404324030e-01,1.478318771676748709e-02,3.146792854654240634e-01
6.969575660528423144e-01,1.564630099846922931e-02,3.146792854654240634e-01
6.977582065652522259e-01,1.655343902122433444e-02,3.146792854654240634e-01
6.985588470776621373e-01,1.750643635548742791e-02,3.146792854654240634e-01
6.993594875900720487e-01,1.850717913655175462e-02,3.146792854654240634e-01
7.001601281024820711e-01,1.955760504914205028e-02,3.146792854654240634e-01
7.009607686148919825e-01,2.065970320918788725e-02,3.146792854654240634e-01
7.017614091273018939e-01,2.181551393718319382e-02,3.146792854654240634e-01
7.025620496397118053e-01,2.302712841752464074e-02,3.146792854654240634e-01
7.033626901521217167e-01,2.429668823821826834e-02,3.146792854654240634e-01
7.041633306645316281e-01,2.562638480535511104e-02,3.146792854654240634e-01
7.049639711769415396e-01,2.701845862680209154e-02,3.146792854654240634e-01
7.057646116893515620e-01,2.847519845959111534e-02,3.146792854654240634e-01
7.065652522017614734e-01,2.999894031558331814e-02,3.146792854654240634e-01
7.073658927141713848e-01,3.159206632005824578e-02,3.146792854654240634e-01
7.081665332265812962e-01,3.325700341800611609e-02,3.146792854654240634e-01
7.089671737389912076e-01,3.499622192305621576e-02,3.146792854654240634e-01
7.097678142514011190e-01,3.681223390408658314e-02,3.146792854654240634e-01
7.105684547638111415e-01,3.870759140481282862e-02,3.146792854654240634e-01
7.113690952762210529e-01,4.068488449181510008e-02,3.146792854654240634e-01
7.121697357886309643e-01,4.274673912672997261e-02,3.146792854654240634e-01
7.129703763010408757e-01,4.489581485858419596e-02,3.146792854654240634e-01
7.137710168134507871e-01,4.713480233253130453e-02,3.146792854654240634e-01
7.145716573258606985e-01,4.946642061159661069e-02,3.146792854654240634e-01
7.153722978382706099e-01,5.189341430834844282e-02,3.146792854654240634e-01
7.161729383506806323e-01,5.441855052379842433e-02,3.146792854654240634e-01
7.169735788630905438e-01,5.704461559123329140e-02,3.146792854654240634e-01
7.177742193755004552e-01,5.977441162310349193e-02,3.146792854654240634e-01
7.185748598879103666e-01,6.261075285954328939e-02,3.146792854654240634e-01
7.193755004003202780e-01,6.555646181757547597e-02,3.146792854654240634e-01
7.201761409127301894e-01,6.861436524055197772e-02,3.146792854654240634e-01
7.209767814251401008e-01,7.178728984792936973e-02,3.146792854654240634e-01
7.217774219375501232e-01,7.507805788601340513e-02,3.146792854654240634e-01
7.225780624499600346e-01,7.848948248088519208e-02,3.146792854654240634e-01
7.233787029623699461e-01,8.202436279533968644e-02,3.146792854654240634e-01
7.241793434747798575e-01,8.568547899227597908e-02,3.146792854654240634e-01
7.249799839871897689e-01,8.947558700761930328e-02,3.146792854654240634e-01
7.257806244995996803e-01,9.339741313653933397e-02,3.146792854654240634e-01
7.265812650120097027e-01,9.745364843739148797e-02,3.146792854654240634e-01
7.273819055244196141e-01,1.016469429585065420e-01,3.146792854654240634e-01
7.281825460368295255e-01,1.059798997936710063e-01,3.146792854654240634e-01
7.289831865492394369e-01,1.104550689728904800e-01,3.146792854654240634e-01
7.297838270616493483e-01,1.150749411957236318e-01,3.146792854654240634e-01
7.305844675740592598e-01,1.198419414152326196e-01,3.146792854654240634e-01
7.313851080864691712e-01,1.247584222813708094e-01,3.146792854654240634e-01
7.321857485988791936e-01,1.298266574533541717e-01,3.146792854654240634e-01
7.329863891112891050e-01,1.350488347913545162e-01,3.146792854654240634e-01
7.337870296236990164e-01,1.404270494385558010e-01,3.146792854654240634e-01
7.345876701361089278e-01,1.459632968054446478e-01,3.146792854654240634e-01
7.353883106485188392e-01,1.516594654688706856e-01,3.146792854654240634e-01
7.361889511609287506e-01,1.575173299992042864e-01,3.146792854654240634e-01
7.369895916733386620e-01,1.635385437296093813e-01,3.146792854654240634e-01
7.377902321857486845e-01,1.697246314822312696e-01,3.146792854654240634e-01
7.385908726981585959e-01,1.760769822666645723e-01,3.146792854654240634e-01
7.393915132105685073e-01,1.825968419668438369e-01,3.146792854654240634e-01
7.401921537229784187e-01,1.892853060330884629e-01,3.146792854654240634e-01
7.409927942353883301e-01,1.961433121966967563e-01,3.146792854654240634e-01
7.417934347477982415e-01,2.031716332250032564e-01,3.146792854654240634e-01
7.425940752602082640e-01,2.103708697354137735e-01,3.146792854654240634e-01
7.433947157726181754e-01,2.177414430874204387e-01,3.146792854654240634e-01
7.441953562850280868e-01,2.252835883720992471e-01,3.146792854654240634e-01
7.449959967974379982e-01,2.329973475189695553e-01,3.146792854654240634e-01
7.457966373098479096e-01,2.408825625405295601e-01,3.146792854654240634e-01
7.465972778222578210e-01,2.489388689350597872e-01,3.146792854654240634e-01
7.473979183346677324e-01,2.571656892686451923e-01,3.146792854654240634e-01
7.481985588470777548e-01,2.655622269574494654e-01,3.146792854654240634e-01
7.489991993594876662e-01,2.741274602716010089e-01,3.146792854654240634e-01
7.497998398718975777e-01,2.828601365820167524e-01,3.146792854654240634e-01
7.506004803843074891e-01,2.917587668715976301e-01,3.146792854654240634e-01
7.514011208967174005e-01,3.008216205321856962e-01,3.146792854654240634e-01
7.522017614091273119e-01,3.100467204686044309e-01,3.146792854654240634e-01
7.530024019215372233e-01,3.194318385308489994e-01,3.146792854654240634e-01
7.538030424339472457e-01,3.289744912953641576e-01,3.146792854654240634e-01
7.546036829463571571e-01,3.386719362160060531e-01,3.146792854654240634e-01
7.554043234587670685e-01,3.485211681648121562e-01,3.146792854654240634e-01
7.562049639711769800e-01,3.585189163823989111e-01,3.146792854654240634e-01
7.570056044835868914e-01,3.686616418571916354e-01,3.146792854654240634e-01
7.578062449959968028e-01,3.789455351520240600e-01,3.146792854654240634e-01
7.586068855084067142e-01,3.893665146961444723e-01,3.146792854654240634e-01
7.594075260208167366e-01,3.999202255596067679e-01,3.146792854654240634e-01
7.602081665332266480e-01,4.106020387265235105e-01,3.146792854654240634e-01
7.610088070456365594e-01,4.214070508825277228e-01,3.146792854654240634e-01
7.618094475580464708e-01,4.323300847309080597e-01,3.146792854654240634e-01
7.626100880704563822e-01,4.433656898507605804e-01,3.146792854654240634e-01
7.634107285828662937e-01,4.545081441094493968e-01,3.146792854654240634e-01
7.642113690952763161e-01,4.657514556403751782e-01,3.146792854654240634e-01
7.650120096076862275e-01,4.770893653959408232e-01,3.146792854654240634e-01
7.658126501200961389e-01,4.885153502842133344e-01,3.146792854654240634e-01
7.666132906325060503e-01,5.000226268962338905e-01,3.146792854654240634e-01
7.674139311449159617e-01,5.116041558298459746e-01,3.146792854654240634e-01
7.682145716573258731e-01,5.232526466141318444e-01,3.146792854654240634e-01
7.690152121697357845e-01,5.349605632371323694e-01,3.146792854654240634e-01
7.698158526821458070e-01,5.467201302778604832e-01,3.146792854654240634e-01
7.706164931945557184e-01,5.585233396422548680e-01,3.146792854654240634e-01
7.714171337069656298e-01,5.703619579005887452e-01,3.146792854654240634e-01
7.722177742193755412e-01,5.822275342226324035e-01,3.146792854654240634e-01
7.730184147317854526e-01,5.941114089049873703e-01,3.146792854654240634e-01
7.738190552441953640e-01,6.060047224831059953e-01,3.146792854654240634e-01
7.746196957566052754e-01,6.178984254191245418e-01,3.146792854654240634e-01
7.754203362690152979e-01,6.297832883544538518e-01,3.146792854654240634e-01
7.762209767814252093e-01,6.416499129147781311e-01,3.146792854654240634e-01
7.770216172938351207e-01,6.534887430529831009e-01,3.146792854654240634e-01
7.778222578062450321e-01,6.652900769139636905e-01,3.146792854654240634e-01
7.786228983186549435e-01,6.770440792035882227e-01,3.146792854654240634e-01
7.794235388310648549e-01,6.887407940422263231e-01,3.146792854654240634e-01
7.802241793434748773e-01,7.003701582817324356e-01,3.146792854654240634e-01
7.810248198558847887e-01,7.119220152631096088e-01,3.146792854654240634e-01
7.818254603682947002e-01,7.233861289903653624e-01,3.146792854654240634e-01
7.826261008807046116e-01,7.347521986947406214e-01,3.146792854654240634e-01
7.834267413931145230e-01,7.460098737617918419e-01,3.146792854654240634e-01
7.842273819055244344e-01,7.571487689922734576e-01,3.146792854654240634e-01
7.850280224179343458e-01,7.681584801670394702e-01,3.146792854654240634e-01
7.858286629303443682e-01,7.790285998840325021e-01,3.146792854654240634e-01
7.866293034427542796e-01,7.897487336349949816e-01,3.146792854654240634e-01
7.874299439551641910e-01,8.003085160877412285e-01,3.146792854654240634e-01
7.882305844675741024e-01,8.106976275390737063e-01,3.146792854654240634e-01
7.890312249799840139e-01,8.209058105022716267e-01,3.146792854654240634e-01
7.898318654923939253e-01,8.309228863927118347e-01,3.146792854654240634e-01
7.906325060048038367e-01,8.407387722744057434e-01,3.146792854654240634e-01
7.914331465172138591e-01,8.503434976296592174e-01,3.146792854654240634e-01
7.922337870296237705e-01,8.597272211128541564e-01,3.146792854654240634e-01
7.930344275420336819e-01,8.688802472485420703e-01,3.146792854654240634e-01
7.938350680544435933e-01,8.777930430338782841e-01,3.146792854654240634e-01
7.946357085668535047e-01,8.864562544061955762e-01,3.146792854654240634e-01
7.954363490792634162e-01,8.948607225376606911e-01,3.146792854654240634e-01
7.962369895916734386e-01,9.029974999192115215e-01,3.146792854654240634e-01
7.970376301040833500e-01,9.108578661942652310e-01,3.146792854654240634e-01
7.978382706164932614e-01,9.184333437003479039e-01,3.146792854654240634e-01
7.986389111289031728e-01,9.257157126756477838e-01,3.146792854654240634e-01
7.994395516413130842e-01,9.326970260905309562e-01,3.146792854654240634e-01
8.002401921537229956e-01,9.393696240700916134e-01,3.146792854654240634e-01
8.010408326661329070e-01,9.457261478807621469e-01,3.146792854654240634e-01
8.018414731785429295e-01,9.517595534540459479e-01,3.146792854654240634e-01
8.026421136909528409e-01,9.574631244117656204e-01,3.146792854654240634e-01
8.034427542033627523e-01,9.628304845430918357e-01,3.146792854654240634e-01
8.042433947157726637e-01,9.678556096761750105e-01,3.146792854654240634e-01
8.050440352281825751e-01,9.725328388971447025e-01,3.146792854654240634e-01
8.058446757405924865e-01,9.768568850996901531e-01,3.146792854654240634e-01
8.066453162530023979e-01,9.808228448861995297e-01,3.146792854654240634e-01
8.074459567654124204e-01,9.844262078591162757e-01,3.146792854654240634e-01
8.082465972778223318e-01,9.876628653149990278e-01,3.146792854654240634e-01
8.090472377902322432e-01,9.905291182816188256e-01,3.146792854654240634e-01
8.098478783026421546e-01,9.930216847516406542e-01,3.146792854654240634e-01
8.106485188150520660e-01,9.951377059225962052e-01,3.146792854654240634e-01
8.114491593274619774e-01,9.968747513086270162e-01,3.146792854654240634e-01
8.122497998398719998e-01,9.982308227648799548e-01,3.146792854654240634e-01
8.130504403522819112e-01,9.992043577121406672e-01,3.146792854654240634e-01
8.138510808646918226e-01,9.997942320353392365e-01,3.146792854654240634e-01
8.146517213771017341e-01,9.999997630340676791e-01,3.146792854654240634e-01
8.154523618895116455e-01,9.998207121812673348e-01,3.146792854654240634e-01
8.162530024019215569e-01,9.992572865387222558e-01,3.146792854654240634e-01
8.170536429143314683e-01,9.983101378692925687e-01,3.146792854654240634e-01
8.178542834267414907e-01,9.969803600596588433e-01,3.146792854654240634e-01
8.186549239391514021e-01,9.952694860499764484e-01,3.146792854654240634e-01
8.194555644515613135e-01,9.931794846947005206e-01,3.146792854654240634e-01
8.202562049639712249e-01,9.907127573225448236e-01,3.146792854654240634e-01
8.210568454763811364e-01,9.878721336178947210e-01,3.146792854654240634e-01
8.218574859887910478e-01,9.846608665689464690e-01,3.146792854654240634e-01
8.226581265012009592e-01,9.810826264066953017e-01,3.146792854654240634e-01
8.234587670136109816e-01,9.771414935889161102e-01,3.146792854654240634e-01
8.242594075260208930e-01,9.728419509385718422e-01,3.146792854654240634e-01
8.250600480384308044e-01,9.681888750384396447e-01,3.146792854654240634e-01
8.258606885508407158e-01,9.631875269484827529e-01,3.146792854654240634e-01
8.266613290632506272e-01,9.578435422758697637e-01,3.146792854654240634e-01
8.274619695756605386e-01,9.521629206068559226e-01,3.146792854654240634e-01
8.282626100880704501e-01,9.461520143068656852e-01,3.146792854654240634e-01
8.290632506004804725e-01,9.398175167035830446e-01,3.146792854654240634e-01
8.298638911128903839e-01,9.331664496791840513e-01,3.146792854654240634e-01
8.306645316253002953e-01,9.262061507062140375e-01,3.146792854654240634e-01
8.314651721377102067e-01,9.189442593651236946e-01,3.146792854654240634e-01
8.322658126501201181e-01,9.113887033818277583e-01,3.146792854654240634e-01
8.330664531625300295e-01,9.035476842223009175e-01,3.146792854654240634e-01
8.338670936749400520e-01,8.954296622803697980e-01,3.146792854654240634e-01
8.346677341873499634e-01,8.870433416950430638e-01,3.146792854654240634e-01
8.354683746997598748e-01,8.783976548347289803e-01,3.146792854654240634e-01
8.362690152121697862e-01,8.695017464865980594e-01,3.146792854654240634e-01
8.370696557245796976e-01,8.603649577902392487e-01,3.146792854654240634e-01
8.378702962369896090e-01,8.509968099552279730e-01,3.146792854654240634e-01
8.386709367493995204e-01,8.414069878023966442e-01,3.146792854654240634e-01
8.394715772618095428e-01,8.316053231683097069e-01,3.146792854654240634e-01
8.402722177742194543e-01,8.216017782126234792e-01,3.146792854654240634e-01
8.410728582866293657e-01,8.114064286676525573e-01,3.146792854654240634e-01
8.418734987990392771e-01,8.010294470691187163e-01,3.146792854654240634e-01
8.426741393114491885e-01,7.904810860067783551e-01,3.146792854654240634e-01
8.434747798238590999e-01,7.797716614331268170e-01,3.146792854654240634e-01
8.442754203362690113e-01,7.689115360677327704e-01,3.146792854654240634e-01
8.450760608486790337e-01,7.579111029338851946e-01,3.146792854654240634e-01
8.458767013610889451e-01,7.467807690634914453e-01,3.146792854654240634e-01
8.466773418734988566e-01,7.355309394052933492e-01,3.146792854654240634e-01
8.474779823859087680e-01,7.241720009702266037e-01,3.146792854654240634e-01
8.482786228983186794e-01,7.127143072468564711e-01,3.146792854654240634e-01
8.490792634107285908e-01,7.011681629183976749e-01,3.146792854654240634e-01
8.498799039231386132e-01,6.895438089117472691e-01,3.146792854654240634e-01
8.506805444355485246e-01,6.778514078074876492e-01,3.146792854654240634e-01
8.514811849479584360e-01,6.661010296382132712e-01,3.146792854654240634e-01
8.522818254603683474e-01,6.543026381014322990e-01,3.146792854654240634e-01
8.530824659727782588e-01,6.424660772114938467e-01,3.146792854654240634e-01
8.538831064851881703e-01,6.306010584134256192e-01,3.146792854654240634e-01
8.546837469975980817e-01,6.187171481800267658e-01,3.146792854654240634e-01
8.554843875100081041e-01,6.068237561116663903e-01,3.146792854654240634e-01
8.562850280224180155e-01,5.949301235569558477e-01,3.146792854654240634e-01
8.570856685348279269e-01,5.830453127702167615e-01,3.146792854654240634e-01
8.578863090472378383e-01,5.711781966204444450e-01,3.146792854654240634e-01
8.586869495596477497e-01,5.593374488641962294e-01,3.146792854654240634e-01
8.594875900720576611e-01,5.475315349935954146e-01,3.146792854654240634e-01
8.602882305844675725e-01,5.357687036685140347e-01,3.146792854654240634e-01
8.610888710968775950e-01,5.240569787404537605e-01,3.146792854654240634e-01
8.618895116092875064e-01,5.124041518738056133e-01,3.146792854654240634e-01
8.626901521216974178e-01,5.008177757684340037e-01,3.146792854654240634e-01
8.634907926341073292e-01,4.893051579860093203e-01,3.146792854654240634e-01
8.642914331465172406e-01,4.778733553806656653e-01,3.146792854654240634e-01
8.650920736589271520e-01,4.665291691331220902e-01,3.146792854654240634e-01
8.658927141713371745e-01,4.552791403856604191e-01,3.146792854654240634e-01
8.666933546837470859e-01,4.441295464738376220e-01,3.146792854654240634e-01
8.674939951961569973e-01,4.330863977494182060e-01,3.146792854654240634e-01
8.682946357085669087e-01,4.221554349874617196e-01,3.146792854654240634e-01
8.690952762209768201e-01,4.113421273692239311e-01,3.146792854654240634e-01
8.698959167333867315e-01,4.006516710311288088e-01,3.146792854654240634e-01
8.706965572457966429e-01,3.900889881688420213e-01,3.146792854654240634e-01
8.714971977582066653e-01,3.796587266841933150e-01,3.146792854654240634e-01
8.722978382706165768e-01,3.693652603618337027e-01,3.146792854654240634e-01
8.730984787830264882e-01,3.592126895610295301e-01,3.146792854654240634e-01
8.738991192954363996e-01,3.492048424073724844e-01,3.146792854654240634e-01
8.746997598078463110e-01,3.393452764681398337e-01,3.146792854654240634e-01
8.755004003202562224e-01,3.296372808942352739e-01,3.146792854654240634e-01
8.763010408326661338e-01,3.200838790107614074e-01,3.146792854654240634e-01
8.771016813450761562e-01,3.106878313376685852e-01,3.146792854654240634e-01
8.779023218574860676e-01,3.014516390214230790e-01,3.146792854654240634e-01
8.787029623698959790e-01,2.923775476578192589e-01,3.146792854654240634e-01
8.795036028823058905e-01,2.834675514859306689e-01,3.146792854654240634e-01
8.803042433947158019e-01,2.747233979325230391e-01,3.146792854654240634e-01
8.811048839071257133e-01,2.661465924861359245e-01,3.146792854654240634e-01
8.819055244195357357e-01,2.577384038796140531e-01,3.146792854654240634e-01
8.827061649319456471e-01,2.494998695599650040e-01,3.146792854654240634e-01
8.835068054443555585e-01,2.414318014239825172e-01,3.146792854654240634e-01
8.843074459567654699e-01,2.335347917983436605e-01,3.146792854654240634e-01
8.851080864691753813e-01,2.258092196427405329e-01,3.146792854654240634e-01
8.859087269815852927e-01,2.182552569547590582e-01,3.146792854654240634e-01
8.867093674939952042e-01,2.108728753554000024e-01,3.146792854654240634e-01
8.875100080064052266e-01,2.036618528343165091e-01,3.146792854654240634e-01
8.883106485188151380e-01,1.966217806341212793e-01,3.146792854654240634e-01
8.891112890312250494e-01,1.897520702534637449e-01,3.146792854654240634e-01
8.899119295436349608e-01,1.830519605489211721e-01,3.146792854654240634e-01
8.907125700560448722e-01,1.765205249162045686e-01,3.146792854654240634e-01
8.915132105684547836e-01,1.701566785316465380e-01,3.146792854654240634e-01
8.923138510808646950e-01,1.639591856354093991e-01,3.146792854654240634e-01
8.931144915932747175e-01,1.579266668384487482e-01,3.146792854654240634e-01
8.939151321056846289e-01,1.520576064358006296e-01,3.146792854654240634e-01
8.947157726180945403e-01,1.463503597094305553e-01,3.146792854654240634e-01
8.955164131305044517e-01,1.408031602044773900e-01,3.146792854654240634e-01
8.963170536429143631e-01,1.354141269634204225e-01,3.146792854654240634e-01
8.971176941553242745e-01,1.301812717033501710e-01,3.146792854654240634e-01
8.979183346677341859e-01,1.251025059223001556e-01,3.146792854654240634e-01
8.987189751801442084e-01,1.201756479212467837e-01,3.146792854654240634e-01
8.995196156925541198e-01,1.153984297291643368e-01,3.146792854654240634e-01
9.003202562049640312e-01,1.107685039192548432e-01,3.146792854654240634e-01
9.011208967173739426e-01,1.062834503052151464e-01,3.146792854654240634e-01
9.019215372297838540e-01,1.019407825071879381e-01,3.146792854654240634e-01
9.027221777421937654e-01,9.773795437777497985e-02,3.146792854654240634e-01
9.035228182546037878e-01,9.367236627926130155e-02,3.146792854654240634e-01
9.043234587670136992e-01,8.974137120393615996e-02,3.146792854654240634e-01
9.051240992794236107e-01,8.594228073018070346e-02,3.146792854654240634e-01
9.059247397918335221e-01,8.227237080765276156e-02,3.146792854654240634e-01
9.067253803042434335e-01,7.872888736573017965e-02,3.146792854654240634e-01
9.075260208166533449e-01,7.530905173999272173e-02,3.146792854654240634e-01
9.083266613290632563e-01,7.201006591227998577e-02,3.146792854654240634e-01
9.091273018414732787e-01,6.882911756052396968e-02,3.146792854654240634e-01
9.099279423538831901e-01,6.576338491522411289e-02,3.146792854654240634e-01
9.107285828662931015e-01,6.281004142008492219e-02,3.146792854654240634e-01
9.115292233787030129e-01,5.996626019493996040e-02,3.146792854654240634e-01
9.123298638911129244e-01,5.722921829971136520e-02,3.146792854654240634e-01
9.131305044035228358e-01,5.459610079872153493e-02,3.146792854654240634e-01
9.139311449159327472e-01,5.206410462523701488e-02,3.146792854654240634e-01
9.147317854283427696e-01,4.963044224665041915e-02,3.146792854654240634e-01
9.155324259407526810e-01,4.729234513121298444e-02,3.146792854654240634e-01
9.163330664531625924e-01,4.504706701770554850e-02,3.146792854654240634e-01
9.171337069655725038e-01,4.289188698990201859e-02,3.146792854654240634e-01
9.179343474779824152e-01,4.082411235808199035e-02,3.146792854654240634e-01
9.187349879903923267e-01,3.884108135028771502e-02,3.146792854654240634e-01
9.195356285028023491e-01,3.694016561634476392e-02,3.146792854654240634e-01
9.203362690152122605e-01,3.511877254805243626e-02,3.146792854654240634e-01
9.211369095276221719e-01,3.337434741924219517e-02,3.146792854654240634e-01
9.219375500400320833e-01,3.170437534971317500e-02,3.146792854654240634e-01
9.227381905524419947e-01,3.010638309731227674e-02,3.146792854654240634e-01
9.235388310648519061e-01,2.857794068265682649e-02,3.146792854654240634e-01
9.243394715772618175e-01,2.711666285122337969e-02,3.146792854654240634e-01
9.251401120896718400e-01,2.572021037771563337e-02,3.146792854654240634e-01
9.259407526020817514e-01,2.438629121778446845e-02,3.146792854654240634e-01
9.267413931144916628e-01,2.311266151231417681e-02,3.146792854654240634e-01
9.275420336269015742e-01,2.189712644961105265e-02,3.146792854654240634e-01
9.283426741393114856e-01,2.073754099091939737e-02,3.146792854654240634e-01
9.291433146517213970e-01,1.963181046477543643e-02,3.146792854654240634e-01
9.299439551641313084e-01,1.857789103575251122e-02,3.146792854654240634e-01
9.307445956765413309e-01,1.757379005319012824e-02,3.146792854654240634e-01
9.315452361889512423e-01,1.661756628552187726e-02,3.146792854654240634e-01
9.323458767013611537e-01,1.570733004580656192e-02,3.146792854654240634e-01
9.331465172137710651e-01,1.484124321405956397e-02,3.146792854654240634e-01
9.339471577261809765e-01,1.401751916194210121e-02,3.146792854654240634e-01
9.347477982385908879e-01,1.323442258532529607e-02,3.146792854654240634e-01
9.355484387510009103e-01,1.249026925017895050e-02,3.146792854654240634e-01
9.363490792634108217e-01,1.178342565716950299e-02,3.146792854654240634e-01
9.371497197758207331e-01,1.111230863025977622e-02,3.146792854654240634e-01
9.379503602882306446e-01,1.047538483450919690e-02,3.146792854654240634e-01
9.387510008006405560e-01,9.871170228166185889e-03,3.146792854654240634e-01
9.395516413130504674e-01,9.298229454027657354e-03,3.146792854654240634e-01
9.403522818254603788e-01,8.755175174913533767e-03,3.146792854654240634e-01
9.411529223378704012e-01,8.240667357973609219e-03,3.146792854654240634e-01
9.419535628502803126e-01,7.753412512400713330e-03,3.146792854654240634e-01
9.427542033626902240e-01,7.292162884982602428e-03,3.146792854654240634e-01
9.435548438751001354e-01,6.855715617770328889e-03,3.146792854654240634e-01
9.443554843875100469e-01,6.442911871988328716e-03,3.146792854654240634e-01
9.451561248999199583e-01,6.052635922155027472e-03,3.146792854654240634e-01
9.459567654123298697e-01,5.683814224221671318e-03,3.146792854654240634e-01
9.467574059247398921e-01,5.335414461375852582e-03,3.146792854654240634e-01
9.475580464371498035e-01,5.006444570994537761e-03,3.146792854654240634e-01
9.483586869495597149e-01,4.695951756068125933e-03,3.146792854654240634e-01
9.491593274619696263e-01,4.403021484255078763e-03,3.146792854654240634e-01
9.499599679743795377e-01,4.126776477564783260e-03,3.146792854654240634e-01
9.507606084867894491e-01,3.866375695506898622e-03,3.146792854654240634e-01
9.515612489991994716e-01,3.621013314383533712e-03,3.146792854654240634e-01
9.523618895116093830e-01,3.389917705245681836e-03,3.146792854654240634e-01
9.531625300240192944e-01,3.172350412879791116e-03,3.146792854654240634e-01
9.539631705364292058e-01,2.967605138038599544e-03,3.146792854654240634e-01
9.547638110488391172e-01,2.775006724981052188e-03,3.146792854654240634e-01
9.555644515612490286e-01,2.593910156239637166e-03,3.146792854654240634e-01
9.563650920736589400e-01,2.423699556392452589e-03,3.146792854654240634e-01
9.571657325860689625e-01,2.263787206478326368e-03,3.146792854654240634e-01
9.579663730984788739e-01,2.113612570559264287e-03,3.146792854654240634e-01
9.587670136108887853e-01,1.972641335803997260e-03,3.146792854654240634e-01
9.595676541232986967e-01,1.840364467341934615e-03,3.146792854654240634e-01
9.603682946357086081e-01,1.716297279014819370e-03,3.146792854654240634e-01
9.611689351481185195e-01,1.599978521037362074e-03,3.146792854654240634e-01
9.619695756605284309e-01,1.490969485466832941e-03,3.146792854654240634e-01
9.627702161729384533e-01,1.388853130274081242e-03,3.146792854654240634e-01
9.635708566853483648e-01,1.293233222707325641e-03,3.146792854654240634e-01
9.643714971977582762e-01,1.203733502542387495e-03,3.146792854654240634e-01
9.651721377101681876e-01,1.119996865721045037e-03,3.146792854654240634e-01
9.659727782225780990e-01,1.041684568791818085e-03,3.146792854654240634e-01
9.667734187349880104e-01,9.684754544845345335e-04,3.146792854654240634e-01
9.675740592473979218e-01,9.000651986724749788e-04,3.146792854654240634e-01
9.683746997598079442e-01,8.361655789027712480e-04,3.146792854654240634e-01
9.691753402722178556e-01,7.765037646065125468e-04,3.146792854654240634e-01
9.699759807846277671e-01,7.208216290365488310e-04,3.146792854654240634e-01
9.707766212970376785e-01,6.688750829207141136e-04,3.146792854654240634e-01
9.715772618094475899e-01,6.204334297630342832e-04,3.146792854654240634e-01
9.723779023218575013e-01,5.752787426739679275e-04,3.146792854654240634e-01
9.731785428342675237e-01,5.332052625635164220e-04,3.146792854654240634e-01
9.739791833466774351e-01,4.940188174877552631e-04,3.146792854654240634e-01
9.747798238590873465e-01,4.575362628995222254e-04,3.146792854654240634e-01
9.755804643714972579e-01,4.235849425181109911e-04,3.146792854654240634e-01
9.763811048839071693e-01,3.920021695002391671e-04,3.146792854654240634e-01
9.771817453963170808e-01,3.626347275654575588e-04,3.146792854654240634e-01
9.779823859087269922e-01,3.353383917030409544e-04,3.146792854654240634e-01
9.787830264211370146e-01,3.099774680644623148e-04,3.146792854654240634e-01
9.795836669335469260e-01,2.864243526255578977e-04,3.146792854654240634e-01
9.803843074459568374e-01,2.645591081849716004e-04,3.146792854654240634e-01
9.811849479583667488e-01,2.442690592507776532e-04,3.146792854654240634e-01
9.819855884707766602e-01,2.254484043548927227e-04,3.146792854654240634e-01
9.827862289831865716e-01,2.079978453247796242e-04,3.146792854654240634e-01
9.835868694955964830e-01,1.918242330341053030e-04,3.146792854654240634e-01
9.843875100080065055e-01,1.768402291481625972e-04,3.146792854654240634e-01
9.851881505204164169e-01,1.629639833759161972e-04,3.146792854654240634e-01
9.859887910328263283e-01,1.501188257382693209e-04,3.146792854654240634e-01
9.867894315452362397e-01,1.382329733615245333e-04,3.146792854654240634e-01
9.875900720576461511e-01,1.272392513060040210e-04,3.146792854654240634e-01
9.883907125700560625e-01,1.170748269419603807e-04,3.146792854654240634e-01
9.891913530824660850e-01,1.076809573885101709e-04,3.146792854654240634e-01
9.899919935948759964e-01,9.900274953594734512e-05,3.146792854654240634e-01
9.907926341072859078e-01,9.098893217759896311e-05,3.146792854654240634e-01
9.915932746196958192e-01,8.359163978398584664e-05,3.146792854654240634e-01
9.923939151321057306e-01,7.676620745956756753e-05,3.146792854654240634e-01
9.931945556445156420e-01,7.047097663065797198e-05,3.146792854654240634e-01
9.939951961569255534e-01,6.466711102196771106e-05,3.146792854654240634e-01
9.947958366693355758e-01,5.931842248878169507e-05,3.146792854654240634e-01
9.955964771817454873e-01,5.439120628173715633e-05,3.146792854654240634e-01
9.963971176941553987e-01,4.985408533163614668e-05,3.146792854654240634e-01
9.971977582065653101e-01,4.567786315249131165e-05,3.146792854654240634e-01
9.979983987189752215e-01,4.183538497209843141e-05,3.146792854654240634e-01
9.987990392313851329e-01,3.830140671072884109e-05,3.146792854654240634e-01
9.995996797437950443e-01,3.505247144002698645e-05,3.146792854654240634e-01
