x, u, time
4.003202562049639444e-04,2.042906483719549319e-04,3.321151717246668134e-01
1.200960768614891833e-03,1.883891745595874759e-04,3.321151717246668134e-01
2.001601281024820156e-03,1.736586273389349874e-04,3.321151717246668134e-01
2.802241793434748045e-03,1.600183355476480964e-04,3.321151717246668134e-01
3.602882305844675934e-03,1.473927418345857994e-04,3.321151717246668134e-01
4.403522818254604690e-03,1.357111126195234638e-04,3.321151717246668134e-01
5.204163330664531711e-03,1.249072619792077792e-04,3.321151717246668134e-01
6.004803843074460468e-03,1.149192889725571346e-04,3.321151717246668134e-01
6.805444355484387489e-03,1.056893279216798384e-04,3.321151717246668134e-01
7.606084867894316245e-03,9.716331117028987067e-05,3.321151717246668134e-01
8.406725380304245002e-03,8.929074384704802417e-05,3.321151717246668134e-01
9.207365892714172023e-03,8.202449016820298250e-05,3.321151717246668134e-01
1.000800640512410078e-02,7.532057082162812837e-05,3.321151717246668134e-01
1.080864691753402780e-02,6.913797098270728207e-05,3.321151717246668134e-01
1.160928742994395656e-02,6.343845852165022549e-05,3.321151717246668134e-01
1.240992794235388358e-02,5.818641197139508948e-05,3.321151717246668134e-01
1.321056845476381233e-02,5.334865783536496206e-05,3.321151717246668134e-01
1.401120896717374109e-02,4.889431682488809842e-05,3.321151717246668134e-01
1.481184947958366811e-02,4.479465862692566085e-05,3.321151717246668134e-01
1.561248999199359687e-02,4.102296481387925601e-05,3.321151717246668134e-01
1.641313050440352389e-02,3.755439951864449901e-05,3.321151717246668134e-01
1.721377101681344918e-02,3.436588750954149230e-05,3.321151717246668134e-01
1.801441152922337793e-02,3.143599931142192146e-05,3.321151717246668134e-01
1.881505204163330669e-02,2.874484303091758071e-05,3.321151717246668134e-01
1.961569255404323545e-02,2.627396255550722465e-05,3.321151717246668134e-01
2.041633306645316420e-02,2.400624180777405380e-05,3.321151717246668134e-01
2.121697357886308949e-02,2.192581474784014532e-05,3.321151717246668134e-01
2.201761409127301825e-02,2.001798082850389729e-05,3.321151717246668134e-01
2.281825460368294700e-02,1.826912561903114201e-05,3.321151717246668134e-01
2.361889511609287576e-02,1.666664632479334347e-05,3.321151717246668134e-01
2.441953562850280104e-02,1.519888194105316138e-05,3.321151717246668134e-01
2.522017614091272980e-02,1.385504779008201168e-05,3.321151717246668134e-01
2.602081665332265856e-02,1.262517420147859030e-05,3.321151717246668134e-01
2.682145716573258731e-02,1.150004910600832384e-05,3.321151717246668134e-01
2.762209767814251607e-02,1.047116432347661959e-05,3.321151717246668134e-01
2.842273819055244136e-02,9.530665335111401993e-06,3.321151717246668134e-01
2.922337870296237011e-02,8.671304340593386772e-06,3.321151717246668134e-01
3.002401921537229887e-02,7.886396409287297900e-06,3.321151717246668134e-01
3.082465972778222763e-02,7.169778544341883292e-06,3.321151717246668134e-01
3.162530024019215291e-02,6.515771487164742779e-06,3.321151717246668134e-01
3.242594075260208514e-02,5.919144098321823695e-06,3.321151717246668134e-01
3.322658126501201042e-02,5.375080159161223537e-06,3.321151717246668134e-01
3.402722177742193571e-02,4.879147446424054298e-06,3.321151717246668134e-01
3.482786228983186794e-02,4.427268939767103564e-06,3.321151717246668134e-01
3.562850280224179322e-02,4.015696029501487803e-06,3.321151717246668134e-01
3.642914331465172545e-02,3.640983598936034046e-06,3.321151717246668134e-01
3.722978382706165074e-02,3.299966862515510632e-06,3.321151717246668134e-01
3.803042433947157602e-02,2.989739847465006010e-06,3.321151717246668134e-01
3.883106485188150825e-02,2.707635412892633652e-06,3.321151717246668134e-01
3.963170536429143354e-02,2.451206706275105613e-06,3.321151717246668134e-01
4.043234587670136576e-02,2.218209962954612620e-06,3.321151717246668134e-01
4.123298638911129105e-02,2.006588559721770417e-06,3.321151717246668134e-01
4.203362690152121633e-02,1.814458238750843539e-06,3.321151717246668134e-01
4.283426741393114856e-02,1.640093423098228445e-06,3.321151717246668134e-01
4.363490792634107385e-02,1.481914549682187733e-06,3.321151717246668134e-01
4.443554843875099913e-02,1.338476350134968929e-06,3.321151717246668134e-01
4.523618895116093136e-02,1.208457014168336870e-06,3.321151717246668134e-01
4.603682946357085665e-02,1.090648174125615445e-06,3.321151717246668134e-01
4.683746997598078887e-02,9.839456532157118957e-07,3.321151717246668134e-01
4.763811048839071416e-02,8.873409235464214471e-07,3.321151717246668134e-01
4.843875100080063945e-02,7.999132235003348039e-07,3.321151717246668134e-01
4.923939151321057167e-02,7.208222872376283201e-07,3.321151717246668134e-01
5.004003202562049696e-02,6.493016421711389816e-07,3.321151717246668134e-01
5.084067253803042918e-02,5.846524331489922704e-07,3.321151717246668134e-01
5.164131305044035447e-02,5.262377348060913102e-07,3.321151717246668134e-01
5.244195356285027976e-02,4.734773161142598543e-07,3.321151717246668134e-01
5.324259407526021198e-02,4.258428235801901231e-07,3.321151717246668134e-01
5.404323458767013727e-02,3.828533518166500308e-07,3.321151717246668134e-01
5.484387510008006950e-02,3.440713723522792926e-07,3.321151717246668134e-01
5.564451561248999478e-02,3.090989935562765350e-07,3.321151717246668134e-01
5.644515612489992007e-02,2.775745264416464431e-07,3.321151717246668134e-01
5.724579663730985229e-02,2.491693328814482260e-07,3.321151717246668134e-01
5.804643714971977758e-02,2.235849344323175153e-07,3.321151717246668134e-01
5.884707766212970981e-02,2.005503615141494408e-07,3.321151717246668134e-01
5.964771817453963509e-02,1.798197241502524047e-07,3.321151717246668134e-01
6.044835868694956038e-02,1.611699868332888405e-07,3.321151717246668134e-01
6.124899919935949261e-02,1.443989313546483103e-07,3.321151717246668134e-01
6.204963971176941789e-02,1.293232926231809856e-07,3.321151717246668134e-01
6.285028022417935012e-02,1.157770536083298897e-07,3.321151717246668134e-01
6.365092073658927541e-02,1.036098865772134303e-07,3.321151717246668134e-01
6.445156124899921457e-02,9.268572875947146516e-08,3.321151717246668134e-01
6.525220176140913986e-02,8.288148147182523483e-08,3.321151717246668134e-01
6.605284227381906514e-02,7.408582257035377289e-08,3.321151717246668134e-01
6.685348278622899043e-02,6.619812287616716239e-08,3.321151717246668134e-01
6.765412329863891572e-02,5.912745794306755833e-08,3.321151717246668134e-01
6.845476381104885488e-02,5.279170720742307231e-08,3.321151717246668134e-01
6.925540432345878017e-02,4.711673318392196334e-08,3.321151717246668134e-01
7.005604483586870546e-02,4.203563394938699791e-08,3.321151717246668134e-01
7.085668534827863074e-02,3.748806269313676637e-08,3.321151717246668134e-01
7.165732586068855603e-02,3.341960860938494816e-08,3.321151717246668134e-01
7.245796637309849519e-02,2.978123386735669081e-08,3.321151717246668134e-01
7.325860688550842048e-02,2.652876182069493961e-08,3.321151717246668134e-01
7.405924739791834577e-02,2.362241201161826158e-08,3.321151717246668134e-01
7.485988791032827105e-02,2.102637788934543610e-08,3.321151717246668134e-01
7.566052842273819634e-02,1.870844349859165082e-08,3.321151717246668134e-01
7.646116893514813551e-02,1.663963570438703521e-08,3.321151717246668134e-01
7.726180944755806079e-02,1.479390880587181838e-08,3.321151717246668134e-01
7.806244995996798608e-02,1.314785865581185878e-08,3.321151717246668134e-01
7.886309047237791137e-02,1.168046364591348534e-08,3.321151717246668134e-01
7.966373098478783665e-02,1.037285014211929217e-08,3.321151717246668134e-01
8.046437149719777582e-02,9.208080160326200536e-09,3.321151717246668134e-01
8.126501200960770110e-02,8.170959262692279427e-09,3.321151717246668134e-01
8.206565252201762639e-02,7.247862829106482216e-09,3.321151717246668134e-01
8.286629303442755168e-02,6.426579018644181212e-09,3.321151717246668134e-01
8.366693354683747696e-02,5.696166882966747730e-09,3.321151717246668134e-01
8.446757405924741613e-02,5.046828228654803121e-09,3.321151717246668134e-01
8.526821457165734142e-02,4.469791949308907483e-09,3.321151717246668134e-01
8.606885508406726670e-02,3.957209661771012677e-09,3.321151717246668134e-01
8.686949559647719199e-02,3.502061584818774789e-09,3.321151717246668134e-01
8.767013610888711728e-02,3.098071693906382069e-09,3.321151717246668134e-01
8.847077662129704256e-02,2.739631272660791929e-09,3.321151717246668134e-01
8.927141713370698173e-02,2.421730061532785041e-09,3.321151717246668134e-01
9.007205764611690701e-02,2.139894276844021185e-09,3.321151717246668134e-01
9.087269815852683230e-02,1.890130840016320672e-09,3.321151717246668134e-01
9.167333867093675759e-02,1.668877217527332935e-09,3.321151717246668134e-01
9.247397918334668288e-02,1.472956327579853614e-09,3.321151717246668134e-01
9.327461969575662204e-02,1.299536020038960512e-09,3.321151717246668134e-01
9.407526020816654733e-02,1.146092682283899299e-09,3.321151717246668134e-01
9.487590072057647261e-02,1.010378565613544569e-09,3.321151717246668134e-01
9.567654123298639790e-02,8.903924650805286003e-10,3.321151717246668134e-01
9.647718174539632319e-02,7.843534204247565413e-10,3.321151717246668134e-01
9.727782225780626235e-02,6.906771374260363580e-10,3.321151717246668134e-01
9.807846277021618764e-02,6.079548577664671686e-10,3.321151717246668134e-01
9.887910328262611293e-02,5.349344316337200891e-10,3.321151717246668134e-01
9.967974379503603821e-02,4.705033710345691619e-10,3.321151717246668134e-01
1.004803843074459635e-01,4.136736833326564394e-10,3.321151717246668134e-01
1.012810248198559027e-01,3.635683040683594672e-10,3.321151717246668134e-01
1.020816653322658280e-01,3.194089658380194467e-10,3.321151717246668134e-01
1.028823058446757532e-01,2.805053560663992647e-10,3.321151717246668134e-01
1.036829463570856785e-01,2.462454310487755919e-10,3.321151717246668134e-01
1.044835868694956038e-01,2.160867668029855096e-10,3.321151717246668134e-01
1.052842273819055430e-01,1.895488391818970839e-10,3.321151717246668134e-01
1.060848678943154683e-01,1.662061364667310054e-10,3.321151717246668134e-01
1.068855084067253935e-01,1.456820173955455704e-10,3.321151717246668134e-01
1.076861489191353188e-01,1.276432363742203011e-10,3.321151717246668134e-01
1.084867894315452441e-01,1.117950655562287548e-10,3.321151717246668134e-01
1.092874299439551833e-01,9.787695064149773164e-11,3.321151717246668134e-01
1.100880704563651086e-01,8.565864370639500474e-11,3.321151717246668134e-01
1.108887109687750339e-01,7.493676220177370820e-11,3.321151717246668134e-01
1.116893514811849591e-01,6.553172850450196102e-11,3.321151717246668134e-01
1.124899919935948844e-01,5.728504913439385809e-11,3.321151717246668134e-01
1.132906325060048236e-01,5.005689700286233409e-11,3.321151717246668134e-01
1.140912730184147489e-01,4.372396388700140845e-11,3.321151717246668134e-01
1.148919135308246742e-01,3.817755376440524290e-11,3.321151717246668134e-01
1.156925540432345995e-01,3.332189073710507691e-11,3.321151717246668134e-01
1.164931945556445247e-01,2.907261805149729733e-11,3.321151717246668134e-01
1.172938350680544639e-01,2.535546721573844967e-11,3.321151717246668134e-01
1.180944755804643892e-01,2.210507845473676503e-11,3.321151717246668134e-01
1.188951160928743145e-01,1.926395575076953062e-11,3.321151717246668134e-01
1.196957566052842398e-01,1.678154151785750188e-11,3.321151717246668134e-01
1.204963971176941651e-01,1.461339757097705811e-11,3.321151717246668134e-01
1.212970376301040903e-01,1.272048049576374174e-11,3.321151717246668134e-01
1.220976781425140295e-01,1.106850081748014953e-11,3.321151717246668134e-01
1.228983186549239548e-01,9.627356525000130760e-12,3.321151717246668134e-01
1.236989591673338801e-01,8.370632540215465625e-12,3.321151717246668134e-01
1.244995996797438054e-01,7.275158648089062434e-12,3.321151717246668134e-01
1.253002401921537168e-01,6.320619228804038179e-12,3.321151717246668134e-01
1.261008807045636559e-01,5.489208871250567947e-12,3.321151717246668134e-01
1.269015212169735674e-01,4.765328605584853543e-12,3.321151717246668134e-01
1.277021617293835065e-01,4.135318080035233265e-12,3.321151717246668134e-01
1.285028022417934457e-01,3.587219530918085770e-12,3.321151717246668134e-01
1.293034427542033571e-01,3.110569861645767657e-12,3.321151717246668134e-01
1.301040832666132963e-01,2.696217562339601887e-12,3.321151717246668134e-01
1.309047237790232077e-01,2.336161571904141367e-12,3.321151717246668134e-01
1.317053642914331468e-01,2.023409513909699415e-12,3.321151717246668134e-01
1.325060048038430860e-01,1.751853030709319921e-12,3.321151717246668134e-01
1.333066453162529974e-01,1.516158200788568327e-12,3.321151717246668134e-01
1.341072858286629366e-01,1.311669255900207794e-12,3.321151717246668134e-01
1.349079263410728480e-01,1.134324020208272017e-12,3.321151717246668134e-01
1.357085668534827871e-01,9.805796762591973588e-13,3.321151717246668134e-01
1.365092073658927263e-01,8.473476246273143016e-13,3.321151717246668134e-01
1.373098478783026377e-01,7.319363477924181422e-13,3.321151717246668134e-01
1.381104883907125769e-01,6.320013162104778571e-13,3.321151717246668134e-01
1.389111289031224883e-01,5.455010874309285708e-13,3.321151717246668134e-01
1.397117694155324275e-01,4.706588491010593270e-13,3.321151717246668134e-01
1.405124099279423666e-01,4.059287452128714375e-13,3.321151717246668134e-01
1.413130504403522780e-01,3.499664032692399887e-13,3.321151717246668134e-01
1.421136909527622172e-01,3.016031493166056812e-13,3.321151717246668134e-01
1.429143314651721286e-01,2.598234590263383991e-13,3.321151717246668134e-01
1.437149719775820678e-01,2.237452471141083988e-13,3.321151717246668134e-01
1.445156124899920069e-01,1.926026451727121255e-13,3.321151717246668134e-01
1.453162530024019183e-01,1.657309601776722720e-13,3.321151717246668134e-01
1.461168935148118575e-01,1.425535431458558456e-13,3.321151717246668134e-01
1.469175340272217689e-01,1.225703302538230573e-13,3.321151717246668134e-01
1.477181745396317081e-01,1.053478476599603548e-13,3.321151717246668134e-01
1.485188150520416472e-01,9.051049677148187954e-14,3.321151717246668134e-01
1.493194555644515586e-01,7.773295915273074557e-14,3.321151717246668134e-01
1.501200960768614978e-01,6.673358003843211289e-14,3.321151717246668134e-01
1.509207365892714092e-01,5.726860680841024502e-14,3.321151717246668134e-01
1.517213771016813484e-01,4.912717407686542527e-14,3.321151717246668134e-01
1.525220176140912876e-01,4.212694049602489013e-14,3.321151717246668134e-01
1.533226581265011990e-01,3.611029418908402770e-14,3.321151717246668134e-01
1.541232986389111381e-01,3.094105410399966500e-14,3.321151717246668134e-01
1.549239391513210495e-01,2.650160368883810953e-14,3.321151717246668134e-01
1.557245796637309887e-01,2.269040128211894926e-14,3.321151717246668134e-01
1.565252201761409279e-01,1.941981862156613062e-14,3.321151717246668134e-01
1.573258606885508393e-01,1.661426501984170736e-14,3.321151717246668134e-01
1.581265012009607784e-01,1.420856014046875442e-14,3.321151717246668134e-01
1.589271417133706898e-01,1.214652302315426689e-14,3.321151717246668134e-01
1.597277822257806290e-01,1.037974913626606106e-14,3.321151717246668134e-01
1.605284227381905682e-01,8.866550846811542871e-15,3.321151717246668134e-01
1.613290632506004796e-01,7.571039857949394024e-15,3.321151717246668134e-01
1.621297037630104187e-01,6.462332926348306563e-15,3.321151717246668134e-01
1.629303442754203302e-01,5.513864585483821004e-15,3.321151717246668134e-01
1.637309847878302693e-01,4.702792709231349265e-15,3.321151717246668134e-01
1.645316253002402085e-01,4.009484590709620405e-15,3.321151717246668134e-01
1.653322658126501199e-01,3.417072817499995279e-15,3.321151717246668134e-01
1.661329063250600591e-01,2.911071625343003715e-15,3.321151717246668134e-01
1.669335468374699705e-01,2.479045633845820290e-15,3.321151717246668134e-01
1.677341873498799096e-01,2.110323932155593215e-15,3.321151717246668134e-01
1.685348278622898488e-01,1.795753409726579843e-15,3.321151717246668134e-01
1.693354683746997602e-01,1.527486034562658099e-15,3.321151717246668134e-01
1.701361088871096994e-01,1.298795483847873526e-15,3.321151717246668134e-01
1.709367493995196108e-01,1.103919142992885772e-15,3.321151717246668134e-01
1.717373899119295499e-01,9.379220204814306628e-16,3.321151717246668134e-01
1.725380304243394614e-01,7.965795876998123477e-16,3.321151717246668134e-01
1.733386709367494005e-01,6.762769540980924401e-16,3.321151717246668134e-01
1.741393114491593397e-01,5.739221363696595255e-16,3.321151717246668134e-01
1.749399519615692511e-01,4.868714826665148211e-16,3.321151717246668134e-01
1.757405924739791903e-01,4.128655751493720938e-16,3.321151717246668134e-01
1.765412329863891017e-01,3.499741616083200837e-16,3.321151717246668134e-01
1.773418734987990408e-01,2.965488640223448246e-16,3.321151717246668134e-01
1.781425140112089800e-01,2.511825827153019823e-16,3.321151717246668134e-01
1.789431545236188914e-01,2.126746626667638999e-16,3.321151717246668134e-01
1.797437950360288306e-01,1.800010165586090477e-16,3.321151717246668134e-01
1.805444355484387420e-01,1.522885099042012273e-16,3.321151717246668134e-01
1.813450760608486811e-01,1.287930094005200140e-16,3.321151717246668134e-01
1.821457165732586203e-01,1.088805784511260690e-16,3.321151717246668134e-01
1.829463570856685317e-01,9.201137535821460197e-17,3.321151717246668134e-01
1.837469975980784709e-01,7.772587147792507523e-17,3.321151717246668134e-01
1.845476381104883823e-01,6.563305998084358261e-17,3.321151717246668134e-01
1.853482786228983215e-01,5.540037189360929534e-17,3.321151717246668134e-01
1.861489191353082606e-01,4.674505580293280155e-17,3.321151717246668134e-01
1.869495596477181720e-01,3.942681183496497144e-17,3.321151717246668134e-01
1.877502001601281112e-01,3.324150002235723006e-17,3.321151717246668134e-01
1.885508406725380226e-01,2.801576858152125803e-17,3.321151717246668134e-01
1.893514811849479618e-01,2.360246950067697135e-17,3.321151717246668134e-01
1.901521216973579009e-01,1.987674766797311923e-17,3.321151717246668134e-01
1.909527622097678123e-01,1.673270596609387439e-17,3.321151717246668134e-01
1.917534027221777515e-01,1.408056268705078073e-17,3.321151717246668134e-01
1.925540432345876629e-01,1.184422959106997398e-17,3.321151717246668134e-01
1.933546837469976021e-01,9.959249217132609169e-18,3.321151717246668134e-01
1.941553242594075412e-01,8.371038883555726221e-18,3.321151717246668134e-01
1.949559647718174527e-01,7.033396396915853166e-18,3.321151717246668134e-01
1.957566052842273918e-01,5.907228990969305385e-18,3.321151717246668134e-01
1.965572457966373032e-01,4.959472594463497263e-18,3.321151717246668134e-01
1.973578863090472424e-01,4.162173307648868392e-18,3.321151717246668134e-01
1.981585268214571816e-01,3.491707063795510475e-18,3.321151717246668134e-01
1.989591673338670930e-01,2.928116960541979888e-18,3.321151717246668134e-01
1.997598078462770321e-01,2.454550749523805144e-18,3.321151717246668134e-01
2.005604483586869435e-01,2.056783542992382069e-18,3.321151717246668134e-01
2.013610888710968827e-01,1.722812994596245986e-18,3.321151717246668134e-01
2.021617293835068219e-01,1.442516091124609875e-18,3.321151717246668134e-01
2.029623698959167333e-01,1.207358298341413211e-18,3.321151717246668134e-01
2.037630104083266724e-01,1.010147176210354570e-18,3.321151717246668134e-01
2.045636509207365838e-01,8.448237504477341109e-19,3.321151717246668134e-01
2.053642914331465230e-01,7.062859273141288819e-19,3.321151717246668134e-01
2.061649319455564622e-01,5.902390916469271385e-19,3.321151717246668134e-01
2.069655724579663736e-01,4.930697556024276861e-19,3.321151717246668134e-01
2.077662129703763128e-01,4.117387456493444761e-19,3.321151717246668134e-01
2.085668534827862242e-01,3.436909436589136922e-19,3.321151717246668134e-01
2.093674939951961633e-01,2.867790478573038941e-19,3.321151717246668134e-01
2.101681345076061025e-01,2.391992024074319901e-19,3.321151717246668134e-01
2.109687750200160139e-01,1.994366702809732982e-19,3.321151717246668134e-01
2.117694155324259531e-01,1.662200012627967459e-19,3.321151717246668134e-01
2.125700560448358645e-01,1.384823825783845034e-19,3.321151717246668134e-01
2.133706965572458036e-01,1.153290598866855240e-19,3.321151717246668134e-01
2.141713370696557428e-01,9.600988647958725256e-20,3.321151717246668134e-01
2.149719775820656542e-01,7.989620295294866560e-20,3.321151717246668134e-01
2.157726180944755934e-01,6.646137218521803254e-20,3.321151717246668134e-01
2.165732586068855048e-01,5.526439843980019128e-20,3.321151717246668134e-01
2.173738991192954439e-01,4.593614757831993798e-20,3.321151717246668134e-01
2.181745396317053831e-01,3.816776010514827538e-20,3.321151717246668134e-01
2.189751801441152945e-01,3.170091207974982420e-20,3.321151717246668134e-01
2.197758206565252337e-01,2.631963255365906933e-20,3.321151717246668134e-01
2.205764611689351451e-01,2.184343157853073041e-20,3.321151717246668134e-01
2.213771016813450843e-01,1.812153123751699383e-20,3.321151717246668134e-01
2.221777421937550234e-01,1.502802463489052300e-20,3.321151717246668134e-01
2.229783827061649348e-01,1.245781524000299067e-20,3.321151717246668134e-01
2.237790232185748740e-01,1.032321218769745434e-20,3.321151717246668134e-01
2.245796637309847854e-01,8.551076739085682691e-21,3.321151717246668134e-01
2.253803042433947246e-01,7.080431656868073115e-21,3.321151717246668134e-01
2.261809447558046637e-01,5.860459217174996783e-21,3.321151717246668134e-01
2.269815852682145751e-01,4.848825363161324335e-21,3.321151717246668134e-01
2.277822257806245143e-01,4.010277441693710778e-21,3.321151717246668134e-01
2.285828662930344257e-01,3.315471339420524257e-21,3.321151717246668134e-01
2.293835068054443649e-01,2.739990890565837171e-21,3.321151717246668134e-01
2.301841473178543040e-01,2.263528371115782250e-21,3.321151717246668134e-01
2.309847878302642155e-01,1.869199896314704711e-21,3.321151717246668134e-01
2.317854283426741546e-01,1.542973747485381666e-21,3.321151717246668134e-01
2.325860688550840660e-01,1.273193194385647665e-21,3.321151717246668134e-01
2.333867093674940052e-01,1.050178355640000713e-21,3.321151717246668134e-01
2.341873498799039444e-01,8.658941409878076970e-22,3.321151717246668134e-01
2.349879903923138558e-01,7.136734201186356893e-22,3.321151717246668134e-01
2.357886309047237949e-01,5.879863269956722691e-22,3.321151717246668134e-01
2.365892714171337063e-01,4.842480891889580338e-22,3.321151717246668134e-01
2.373899119295436455e-01,3.986590138880937612e-22,3.321151717246668134e-01
2.381905524419535847e-01,3.280713039029632863e-22,3.321151717246668134e-01
2.389911929543634961e-01,2.698782500877229326e-22,3.321151717246668134e-01
2.397918334667734352e-01,2.219220781878491532e-22,3.321151717246668134e-01
2.405924739791833467e-01,1.824173408041039848e-22,3.321151717246668134e-01
2.413931144915932858e-01,1.498872580883716403e-22,3.321151717246668134e-01
2.421937550040031972e-01,1.231108399997775852e-22,3.321151717246668134e-01
2.429943955164131364e-01,1.010789819638754059e-22,3.321151717246668134e-01
2.437950360288230756e-01,8.295802594722234608e-23,3.321151717246668134e-01
2.445956765412329870e-01,6.805952982304736056e-23,3.321151717246668134e-01
2.453963170536429261e-01,5.581519747140767736e-23,3.321151717246668134e-01
2.461969575660528375e-01,4.575609705296191071e-23,3.321151717246668134e-01
2.469975980784627767e-01,3.749544096077742746e-23,3.321151717246668134e-01
2.477982385908727159e-01,3.071432282075265909e-23,3.321151717246668134e-01
2.485988791032826273e-01,2.514990854442623650e-23,3.321151717246668134e-01
2.493995196156925664e-01,2.058566316161341725e-23,3.321151717246668134e-01
2.502001601281024779e-01,1.684326575799933081e-23,3.321151717246668134e-01
2.510008006405124448e-01,1.377592364496021826e-23,3.321151717246668134e-01
2.518014411529223562e-01,1.126284584562084552e-23,3.321151717246668134e-01
2.526020816653322676e-01,9.204676723762610906e-24,3.321151717246668134e-01
2.534027221777421790e-01,7.519724474581559706e-24,3.321151717246668134e-01
2.542033626901521459e-01,6.140847378336534785e-24,3.321151717246668134e-01
2.550040032025620573e-01,5.012884141873805417e-24,3.321151717246668134e-01
2.558046437149719687e-01,4.090534113996230555e-24,3.321151717246668134e-01
2.566052842273819357e-01,3.336609322334717714e-24,3.321151717246668134e-01
2.574059247397918471e-01,2.720593695477891726e-24,3.321151717246668134e-01
2.582065652522017585e-01,2.217455966369643247e-24,3.321151717246668134e-01
2.590072057646117254e-01,1.806671986294175620e-24,3.321151717246668134e-01
2.598078462770216368e-01,1.471419833842731558e-24,3.321151717246668134e-01
2.606084867894315482e-01,1.197917447196232127e-24,3.321151717246668134e-01
2.614091273018414596e-01,9.748777632243746894e-25,3.321151717246668134e-01
2.622097678142514265e-01,7.930606983274182295e-25,3.321151717246668134e-01
2.630104083266613380e-01,6.449049075406068878e-25,3.321151717246668134e-01
2.638110488390712494e-01,5.242252381427815699e-25,3.321151717246668134e-01
2.646116893514812163e-01,4.259642582039965283e-25,3.321151717246668134e-01
2.654123298638911277e-01,3.459882775106854930e-25,3.321151717246668134e-01
2.662129703763010391e-01,2.809199614738613665e-25,3.321151717246668134e-01
2.670136108887110060e-01,2.280010288365081129e-25,3.321151717246668134e-01
2.678142514011209174e-01,1.849796717599932709e-25,3.321151717246668134e-01
2.686148919135308288e-01,1.500182840714514449e-25,3.321151717246668134e-01
2.694155324259407402e-01,1.216178648140998056e-25,3.321151717246668134e-01
2.702161729383507072e-01,9.855610852793111798e-26,3.321151717246668134e-01
2.710168134507606186e-01,7.983672472425259743e-26,3.321151717246668134e-01
2.718174539631705300e-01,6.464796652776089805e-26,3.321151717246668134e-01
2.726180944755804969e-01,5.232870876565683490e-26,3.321151717246668134e-01
2.734187349879904083e-01,4.234071238453471156e-26,3.321151717246668134e-01
2.742193755004003197e-01,3.424595613399724810e-26,3.321151717246668134e-01
2.750200160128102311e-01,2.768811719553650892e-26,3.321151717246668134e-01
2.758206565252201981e-01,2.237744747598726770e-26,3.321151717246668134e-01
2.766212970376301095e-01,1.807842791891178200e-26,3.321151717246668134e-01
2.774219375500400209e-01,1.459969460778564931e-26,3.321151717246668134e-01
2.782225780624499878e-01,1.178582192635062500e-26,3.321151717246668134e-01
2.790232185748598992e-01,9.510623137294200982e-27,3.321151717246668134e-01
2.798238590872698106e-01,7.671690353013979653e-27,3.321151717246668134e-01
2.806244995996797775e-01,6.185946401493448142e-27,3.321151717246668134e-01
2.814251401120896889e-01,4.986022512754618177e-27,3.321151717246668134e-01
2.822257806244996003e-01,4.017309694168989380e-27,3.321151717246668134e-01
2.830264211369095118e-01,3.235559465135420506e-27,3.321151717246668134e-01
2.838270616493194787e-01,2.604932384699279527e-27,3.321151717246668134e-01
2.846277021617293901e-01,2.096411435205486606e-27,3.321151717246668134e-01
2.854283426741393015e-01,1.686512565330807086e-27,3.321151717246668134e-01
2.862289831865492684e-01,1.356237158260371474e-27,3.321151717246668134e-01
2.870296236989591798e-01,1.090221377446871778e-27,3.321151717246668134e-01
2.878302642113690912e-01,8.760456654378960048e-28,3.321151717246668134e-01
2.886309047237790582e-01,7.036744688006794042e-28,3.321151717246668134e-01
2.894315452361889696e-01,5.650018115205821278e-28,3.321151717246668134e-01
2.902321857485988810e-01,4.534828677196145549e-28,3.321151717246668134e-01
2.910328262610087924e-01,3.638353784091972534e-28,3.321151717246668134e-01
2.918334667734187593e-01,2.917977688263317267e-28,3.321151717246668134e-01
2.926341072858286707e-01,2.339332776198048370e-28,3.321151717246668134e-01
2.934347477982385821e-01,1.874714089775999571e-28,3.321151717246668134e-01
2.942353883106485490e-01,1.501796473424444802e-28,3.321151717246668134e-01
2.950360288230584604e-01,1.202597000256912859e-28,3.321151717246668134e-01
2.958366693354683719e-01,9.626361168808391539e-29,3.321151717246668134e-01
2.966373098478783388e-01,7.702597197157100744e-29,3.321151717246668134e-01
2.974379503602882502e-01,6.160915082898030513e-29,3.321151717246668134e-01
2.982385908726981616e-01,4.925907574685459484e-29,3.321151717246668134e-01
2.990392313851080730e-01,3.936953592313442893e-29,3.321151717246668134e-01
2.998398718975180399e-01,3.145338079839725467e-29,3.321151717246668134e-01
3.006405124099279513e-01,2.511929066180889123e-29,3.321151717246668134e-01
3.014411529223378627e-01,2.005304882650500726e-29,3.321151717246668134e-01
3.022417934347478297e-01,1.600244906501059170e-29,3.321151717246668134e-01
3.030424339471577411e-01,1.276513753923782490e-29,3.321151717246668134e-01
3.038430744595676525e-01,1.017882260288252448e-29,3.321151717246668134e-01
3.046437149719776194e-01,8.113394490515491400e-30,3.321151717246668134e-01
3.054443554843875308e-01,6.464584843532766738e-30,3.321151717246668134e-01
3.062449959967974422e-01,5.148867190134866465e-30,3.321151717246668134e-01
3.070456365092073536e-01,4.099357101844637173e-30,3.321151717246668134e-01
3.078462770216173205e-01,3.262517376620500866e-30,3.321151717246668134e-01
3.086469175340272320e-01,2.595511300070599905e-30,3.321151717246668134e-01
3.094475580464371434e-01,2.064077446684863605e-30,3.321151717246668134e-01
3.102481985588471103e-01,1.640823956491241336e-30,3.321151717246668134e-01
3.110488390712570217e-01,1.303859937905741552e-30,3.321151717246668134e-01
3.118494795836669331e-01,1.035697628928302919e-30,3.321151717246668134e-01
3.126501200960769000e-01,8.223720026725813818e-31,3.321151717246668134e-01
3.134507606084868114e-01,6.527351520073297444e-31,3.321151717246668134e-01
3.142514011208967228e-01,5.178913080164984522e-31,3.321151717246668134e-01
3.150520416333066342e-01,4.107449426927868517e-31,3.321151717246668134e-01
3.158526821457166012e-01,3.256394233527158290e-31,3.321151717246668134e-01
3.166533226581265126e-01,2.580676836215543824e-31,3.321151717246668134e-01
3.174539631705364240e-01,2.044399514545447912e-31,3.321151717246668134e-01
3.182546036829463909e-01,1.618970361682138563e-31,3.321151717246668134e-01
3.190552441953563023e-01,1.281608220414964297e-31,3.321151717246668134e-01
3.198558847077662137e-01,1.014158707181657823e-31,3.321151717246668134e-01
3.206565252201761806e-01,8.021693803221868380e-32,3.321151717246668134e-01
3.214571657325860921e-01,6.341693997749723868e-32,3.321151717246668134e-01
3.222578062449960035e-01,5.010939620238077542e-32,3.321151717246668134e-01
3.230584467574059149e-01,3.957985680989018412e-32,3.321151717246668134e-01
3.238590872698158818e-01,3.126293319543544252e-32,3.321151717246668134e-01
3.246597277822257932e-01,2.470477236721076812e-32,3.321151717246668134e-01
3.254603682946357046e-01,1.953354668868321794e-32,3.321151717246668134e-01
3.262610088070456715e-01,1.544106506964740848e-32,3.321151717246668134e-01
3.270616493194555829e-01,1.217630520578369155e-32,3.321151717246668134e-01
3.278622898318654943e-01,9.547586168347919459e-33,3.321151717246668134e-01
3.286629303442754613e-01,7.426588908130625692e-33,3.321151717246668134e-01
3.294635708566853727e-01,5.746778159926023632e-33,3.321151717246668134e-01
3.302642113690952841e-01,4.491794911469046788e-33,3.321151717246668134e-01
3.310648518815051955e-01,3.674807197568785600e-33,3.321151717246668134e-01
3.318654923939151624e-01,3.314922362099605036e-33,3.321151717246668134e-01
3.326661329063250738e-01,3.418947018055291069e-33,3.321151717246668134e-01
3.334667734187349852e-01,3.974956175636903102e-33,3.321151717246668134e-01
3.342674139311449522e-01,4.959337439040523476e-33,3.321151717246668134e-01
3.350680544435548636e-01,6.353709754552131850e-33,3.321151717246668134e-01
3.358686949559647750e-01,8.164927090012904172e-33,3.321151717246668134e-01
3.366693354683747419e-01,1.044154091669936299e-32,3.321151717246668134e-01
3.374699759807846533e-01,1.328311115770730249e-32,3.321151717246668134e-01
3.382706164931945647e-01,1.684284159157787831e-32,3.321151717246668134e-01
3.390712570056044761e-01,2.132719567188742924e-32,3.321151717246668134e-01
3.398718975180144430e-01,2.699725566798427426e-32,3.321151717246668134e-01
3.406725380304243544e-01,3.417567242595861305e-32,3.321151717246668134e-01
3.414731785428342659e-01,4.326109370588278708e-32,3.321151717246668134e-01
3.422738190552442328e-01,5.475017571686023304e-32,3.321151717246668134e-01
3.430744595676541442e-01,6.926649599555576710e-32,3.321151717246668134e-01
3.438751000800640556e-01,8.759604298514437432e-32,3.321151717246668134e-01
3.446757405924739670e-01,1.107300664396142157e-31,3.321151717246668134e-01
3.454763811048839339e-01,1.399173647452092342e-31,3.321151717246668134e-01
3.462770216172938453e-01,1.767291551302743281e-31,3.321151717246668134e-01
3.470776621297037567e-01,2.231404291668674996e-31,3.321151717246668134e-01
3.478783026421137237e-01,2.816323085050513093e-31,3.321151717246668134e-01
3.486789431545236351e-01,3.553206545088350705e-31,3.321151717246668134e-01
3.494795836669335465e-01,4.481172739570999128e-31,3.321151717246668134e-01
3.502802241793435134e-01,5.649316166115892154e-31,3.321151717246668134e-01
3.510808646917534248e-01,7.119229114424482188e-31,3.321151717246668134e-01
3.518815052041633362e-01,8.968152527016559091e-31,3.321151717246668134e-01
3.526821457165732476e-01,1.129291284232134466e-30,3.321151717246668134e-01
3.534827862289832145e-01,1.421483969506064261e-30,3.321151717246668134e-01
3.542834267413931260e-01,1.788590671300010582e-30,3.321151717246668134e-01
3.550840672538030374e-01,2.249639645978279265e-30,3.321151717246668134e-01
3.558847077662130043e-01,2.828446375009365111e-30,3.321151717246668134e-01
3.566853482786229157e-01,3.554806254492992657e-30,3.321151717246668134e-01
3.574859887910328271e-01,4.465981457833493040e-30,3.321151717246668134e-01
3.582866293034427940e-01,5.608553790788354649e-30,3.321151717246668134e-01
3.590872698158527054e-01,7.040732711114923402e-30,3.321151717246668134e-01
3.598879103282626168e-01,8.835229180823190050e-30,3.321151717246668134e-01
3.606885508406725283e-01,1.108283263942158036e-29,3.321151717246668134e-01
3.614891913530824952e-01,1.389686134217934852e-29,3.321151717246668134e-01
3.622898318654924066e-01,1.741869708973342707e-29,3.321151717246668134e-01
3.630904723779023180e-01,2.182466582154579621e-29,3.321151717246668134e-01
3.638911128903122849e-01,2.733458791905657646e-29,3.321151717246668134e-01
3.646917534027221963e-01,3.422239915269523040e-29,3.321151717246668134e-01
3.654923939151321077e-01,4.282933844242469816e-29,3.321151717246668134e-01
3.662930344275420746e-01,5.358031620806866251e-29,3.321151717246668134e-01
3.670936749399519861e-01,6.700422225863875857e-29,3.321151717246668134e-01
3.678943154523618975e-01,8.375911129684388080e-29,3.321151717246668134e-01
3.686949559647718089e-01,1.046634250461495123e-28,3.321151717246668134e-01
3.694955964771817758e-01,1.307346823868690055e-28,3.321151717246668134e-01
3.702962369895916872e-01,1.632374045567681418e-28,3.321151717246668134e-01
3.710968775020015986e-01,2.037424559659797131e-28,3.321151717246668134e-01
3.718975180144115655e-01,2.542004903291387464e-28,3.321151717246668134e-01
3.726981585268214769e-01,3.170328185007717898e-28,3.321151717246668134e-01
3.734987990392313884e-01,3.952437854243927271e-28,3.321151717246668134e-01
3.742994395516413553e-01,4.925596918249950595e-28,3.321151717246668134e-01
3.751000800640512667e-01,6.136004619293419988e-28,3.321151717246668134e-01
3.759007205764611781e-01,7.640916908561368007e-28,3.321151717246668134e-01
3.767013610888710895e-01,9.511264646726154791e-28,3.321151717246668134e-01
3.775020016012810564e-01,1.183488506223294216e-27,3.321151717246668134e-01
3.783026421136909678e-01,1.472050850887069077e-27,3.321151717246668134e-01
3.791032826261008792e-01,1.830267508646155229e-27,3.321151717246668134e-01
3.799039231385108462e-01,2.274779556927918106e-27,3.321151717246668134e-01
3.807045636509207576e-01,2.826161997079418182e-27,3.321151717246668134e-01
3.815052041633306690e-01,3.509843696821553170e-27,3.321151717246668134e-01
3.823058446757406359e-01,4.357240076574989240e-27,3.321151717246668134e-01
3.831064851881505473e-01,5.407147177950328267e-27,3.321151717246668134e-01
3.839071257005604587e-01,6.707456742196243636e-27,3.321151717246668134e-01
3.847077662129703701e-01,8.317265368929148666e-27,3.321151717246668134e-01
3.855084067253803370e-01,1.030946726172770570e-26,3.321151717246668134e-01
3.863090472377902485e-01,1.277394015558225077e-26,3.321151717246668134e-01
3.871096877502001599e-01,1.582145856300266222e-26,3.321151717246668134e-01
3.879103282626101268e-01,1.958849844569910670e-26,3.321151717246668134e-01
3.887109687750200382e-01,2.424313400257126744e-26,3.321151717246668134e-01
3.895116092874299496e-01,2.999227190320501677e-26,3.321151717246668134e-01
3.903122497998399165e-01,3.709052273994391702e-26,3.321151717246668134e-01
3.911128903122498279e-01,4.585107584715699697e-26,3.321151717246668134e-01
3.919135308246597393e-01,5.665902452472396211e-26,3.321151717246668134e-01
3.927141713370696507e-01,6.998768723628620554e-26,3.321151717246668134e-01
3.935148118494796177e-01,8.641859033051876620e-26,3.321151717246668134e-01
3.943154523618895291e-01,1.066659238618513390e-25,3.321151717246668134e-01
3.951160928742994405e-01,1.316064597476739200e-25,3.321151717246668134e-01
3.959167333867094074e-01,1.623161375546018066e-25,3.321151717246668134e-01
3.967173738991193188e-01,2.001147858445908035e-25,3.321151717246668134e-01
3.975180144115292302e-01,2.466207661431677761e-25,3.321151717246668134e-01
3.983186549239391971e-01,3.038177142066250205e-25,3.321151717246668134e-01
3.991192954363491086e-01,3.741360238618641002e-25,3.321151717246668134e-01
3.999199359487590200e-01,4.605522897993782262e-25,3.321151717246668134e-01
4.007205764611689314e-01,5.667106184924179447e-25,3.321151717246668134e-01
4.015212169735788983e-01,6.970705564716023047e-25,3.321151717246668134e-01
4.023218574859888097e-01,8.570874033815551690e-25,3.321151717246668134e-01
4.031224979983987211e-01,1.053431910843535592e-24,3.321151717246668134e-01
4.039231385108086880e-01,1.294257862090204604e-24,3.321151717246668134e-01
4.047237790232185994e-01,1.589527835812206920e-24,3.321151717246668134e-01
4.055244195356285108e-01,1.951409645965375779e-24,3.321151717246668134e-01
4.063250600480384778e-01,2.394758596102448189e-24,3.321151717246668134e-01
4.071257005604483892e-01,2.937703886837828371e-24,3.321151717246668134e-01
4.079263410728583006e-01,3.602361382349573747e-24,3.321151717246668134e-01
4.087269815852682120e-01,4.415699613527877853e-24,3.321151717246668134e-01
4.095276220976781789e-01,5.410591536462433507e-24,3.321151717246668134e-01
4.103282626100880903e-01,6.627091373697873763e-24,3.321151717246668134e-01
4.111289031224980017e-01,8.113984080327969356e-24,3.321151717246668134e-01
4.119295436349079687e-01,9.930664883688114008e-24,3.321151717246668134e-01
4.127301841473178801e-01,1.214941828763134582e-23,3.321151717246668134e-01
4.135308246597277915e-01,1.485818032236373437e-23,3.321151717246668134e-01
4.143314651721377029e-01,1.816388515296106327e-23,3.321151717246668134e-01
4.151321056845476698e-01,2.219651802677288542e-23,3.321151717246668134e-01
4.159327461969575812e-01,2.711402165235598062e-23,3.321151717246668134e-01
4.167333867093674926e-01,3.310823331130820481e-23,3.321151717246668134e-01
4.175340272217774595e-01,4.041206632836068775e-23,3.321151717246668134e-01
4.183346677341873709e-01,4.930819318388769618e-23,3.321151717246668134e-01
4.191353082465972824e-01,6.013954000556151192e-23,3.321151717246668134e-01
4.199359487590072493e-01,7.332196516687647006e-23,3.321151717246668134e-01
4.207365892714171607e-01,8.935957033519004802e-23,3.321151717246668134e-01
4.215372297838270721e-01,1.088631830423288978e-22,3.321151717246668134e-01
4.223378702962369835e-01,1.325726586723375593e-22,3.321151717246668134e-01
4.231385108086469504e-01,1.613837802258284210e-22,3.321151717246668134e-01
4.239391513210568618e-01,1.963806905671171587e-22,3.321151717246668134e-01
4.247397918334667732e-01,2.388749791441237003e-22,3.321151717246668134e-01
4.255404323458767402e-01,2.904527694188256139e-22,3.321151717246668134e-01
4.263410728582866516e-01,3.530314216396888019e-22,3.321151717246668134e-01
4.271417133706965630e-01,4.289277866817314865e-22,3.321151717246668134e-01
4.279423538831065299e-01,5.209403306601545739e-22,3.321151717246668134e-01
4.287429943955164413e-01,6.324479090110824798e-22,3.321151717246668134e-01
4.295436349079263527e-01,7.675285171482413248e-22,3.321151717246668134e-01
4.303442754203362641e-01,9.311019997922974915e-22,3.321151717246668134e-01
4.311449159327462310e-01,1.129101483009062395e-21,3.321151717246668134e-01
4.319455564451561425e-01,1.368679226093704640e-21,3.321151717246668134e-01
4.327461969575660539e-01,1.658453703448843337e-21,3.321151717246668134e-01
4.335468374699760208e-01,2.008806053650161230e-21,3.321151717246668134e-01
4.343474779823859322e-01,2.432235614459774946e-21,3.321151717246668134e-01
4.351481184947958436e-01,2.943786146651807862e-21,3.321151717246668134e-01
4.359487590072058105e-01,3.561556593069860598e-21,3.321151717246668134e-01
4.367493995196157219e-01,4.307312889785044546e-21,3.321151717246668134e-01
4.375500400320256333e-01,5.207220523438497816e-21,3.321151717246668134e-01
4.383506805444355447e-01,6.292721307389046649e-21,3.321151717246668134e-01
4.391513210568455117e-01,7.601582341042706794e-21,3.321151717246668134e-01
4.399519615692554231e-01,9.179150454052726379e-21,3.321151717246668134e-01
4.407526020816653345e-01,1.107985177641676624e-20,3.321151717246668134e-01
4.415532425940753014e-01,1.336898360178145403e-20,3.321151717246668134e-01
4.423538831064852128e-01,1.612485464287759125e-20,3.321151717246668134e-01
4.431545236188951242e-01,1.944134037287165574e-20,3.321151717246668134e-01
4.439551641313050911e-01,2.343093270886209781e-20,3.321151717246668134e-01
4.447558046437150026e-01,2.822837818280562011e-20,3.321151717246668134e-01
4.455564451561249140e-01,3.399501638416219186e-20,3.321151717246668134e-01
4.463570856685348254e-01,4.092395134647435785e-20,3.321151717246668134e-01
4.471577261809447923e-01,4.924621327475457626e-20,3.321151717246668134e-01
4.479583666933547037e-01,5.923809726410314220e-20,3.321151717246668134e-01
4.487590072057646151e-01,7.122990025717836063e-20,3.321151717246668134e-01
4.495596477181745820e-01,8.561631838750775688e-20,3.321151717246668134e-01
4.503602882305844934e-01,1.028688151843977572e-19,3.321151717246668134e-01
4.511609287429944048e-01,1.235503281983980982e-19,3.321151717246668134e-01
4.519615692554043718e-01,1.483327490006410758e-19,3.321151717246668134e-01
4.527622097678142832e-01,1.780176910433831065e-19,3.321151717246668134e-01
4.535628502802241946e-01,2.135611536887035821e-19,3.321151717246668134e-01
4.543634907926341060e-01,2.561028013361537169e-19,3.321151717246668134e-01
4.551641313050440729e-01,3.070007069617562667e-19,3.321151717246668134e-01
4.559647718174539843e-01,3.678725629821974808e-19,3.321151717246668134e-01
4.567654123298638957e-01,4.406445432374165545e-19,3.321151717246668134e-01
4.575660528422738627e-01,5.276092127929973444e-19,3.321151717246668134e-01
4.583666933546837741e-01,6.314941327654311460e-19,3.321151717246668134e-01
4.591673338670936855e-01,7.555431019779343623e-19,3.321151717246668134e-01
4.599679743795036524e-01,9.036123235771881138e-19,3.321151717246668134e-01
4.607686148919135638e-01,1.080284191684786981e-18,3.321151717246668134e-01
4.615692554043234752e-01,1.291001871125745548e-18,3.321151717246668134e-01
4.623698959167333866e-01,1.542228404423097729e-18,3.321151717246668134e-01
4.631705364291433535e-01,1.841634738759862497e-18,3.321151717246668134e-01
4.639711769415532649e-01,2.198321838049207845e-18,3.321151717246668134e-01
4.647718174539631764e-01,2.623082950935461088e-18,3.321151717246668134e-01
4.655724579663731433e-01,3.128713166992311778e-18,3.321151717246668134e-01
4.663730984787830547e-01,3.730374636844895238e-18,3.321151717246668134e-01
4.671737389911929661e-01,4.446027287986513226e-18,3.321151717246668134e-01
4.679743795036029330e-01,5.296936572301082400e-18,3.321151717246668134e-01
4.687750200160128444e-01,6.308271775169974684e-18,3.321151717246668134e-01
4.695756605284227558e-01,7.509810747740037195e-18,3.321151717246668134e-01
4.703763010408326672e-01,8.936769649513692093e-18,3.321151717246668134e-01
4.711769415532426342e-01,1.063077947302957643e-17,3.321151717246668134e-01
4.719775820656525456e-01,1.264103484172547542e-17,3.321151717246668134e-01
4.727782225780624570e-01,1.502564491397991289e-17,3.321151717246668134e-01
4.735788630904724239e-01,1.785322129282397590e-17,3.321151717246668134e-01
4.743795036028823353e-01,2.120474375023003070e-17,3.321151717246668134e-01
4.751801441152922467e-01,2.517575146442297975e-17,3.321151717246668134e-01
4.759807846277022136e-01,2.987891549738777329e-17,3.321151717246668134e-01
4.767814251401121250e-01,3.544705759189085222e-17,3.321151717246668134e-01
4.775820656525220365e-01,4.203669125626227901e-17,3.321151717246668134e-01
4.783827061649319479e-01,4.983217377788280392e-17,3.321151717246668134e-01
4.791833466773419148e-01,5.905057254844418341e-17,3.321151717246668134e-01
4.799839871897518262e-01,6.994736622606010637e-17,3.321151717246668134e-01
4.807846277021617376e-01,8.282312118300656732e-17,3.321151717246668134e-01
4.815852682145717045e-01,9.803130683452746543e-17,3.321151717246668134e-01
4.823859087269816159e-01,1.159874403231711233e-16,3.321151717246668134e-01
4.831865492393915273e-01,1.371797822326537645e-16,3.321151717246668134e-01
4.839871897518014388e-01,1.621818412036556232e-16,3.321151717246668134e-01
4.847878302642114057e-01,1.916669873036104315e-16,3.321151717246668134e-01
4.855884707766213171e-01,2.264255226652676719e-16,3.321151717246668134e-01
4.863891112890312285e-01,2.673846142934298355e-16,3.321151717246668134e-01
4.871897518014411954e-01,3.156315592422199466e-16,3.321151717246668134e-01
4.879903923138511068e-01,3.724409279635006720e-16,3.321151717246668134e-01
4.887910328262610182e-01,4.393062191046042908e-16,3.321151717246668134e-01
4.895916733386709851e-01,5.179767602126509458e-16,3.321151717246668134e-01
4.903923138510808966e-01,6.105007057765171367e-16,3.321151717246668134e-01
4.911929543634908080e-01,7.192751192121330752e-16,3.321151717246668134e-01
4.919935948759007194e-01,8.471042815339352159e-16,3.321151717246668134e-01
4.927942353883106863e-01,9.972675497258209194e-16,3.321151717246668134e-01
4.935948759007205977e-01,1.173598295865414029e-15,3.321151717246668134e-01
4.943955164131305091e-01,1.380575698036928934e-15,3.321151717246668134e-01
4.951961569255404760e-01,1.623431430769834540e-15,3.321151717246668134e-01
4.959967974379503874e-01,1.908273621639659504e-15,3.321151717246668134e-01
4.967974379503602989e-01,2.242230808031529354e-15,3.321151717246668134e-01
4.975980784627702658e-01,2.633619051075194695e-15,3.321151717246668134e-01
4.983987189751801772e-01,3.092135850619597139e-15,3.321151717246668134e-01
4.991993594875900886e-01,3.629085065211289363e-15,3.321151717246668134e-01
5.000000000000000000e-01,4.257637685101470310e-15,3.321151717246668134e-01
5.008006405124099114e-01,4.993134046583654049e-15,3.321151717246668134e-01
5.016012810248199338e-01,5.853433926449580254e-15,3.321151717246668134e-01
5.024019215372298452e-01,6.859321932009616893e-15,3.321151717246668134e-01
5.032025620496397567e-01,8.034976723164897387e-15,3.321151717246668134e-01
5.040032025620496681e-01,9.408513889202521977e-15,3.321151717246668134e-01
5.048038430744595795e-01,1.101261377798583123e-14,3.321151717246668134e-01
5.056044835868694909e-01,1.288524726594912331e-14,3.321151717246668134e-01
5.064051240992794023e-01,1.507051439449305473e-14,3.321151717246668134e-01
5.072057646116894247e-01,1.761961301689378940e-14,3.321151717246668134e-01
5.080064051240993361e-01,2.059195713940299791e-14,3.321151717246668134e-01
5.088070456365092475e-01,2.405646754596590165e-14,3.321151717246668134e-01
5.096076861489191590e-01,2.809306061917899900e-14,3.321151717246668134e-01
5.104083266613290704e-01,3.279436506903289099e-14,3.321151717246668134e-01
5.112089671737389818e-01,3.826770062167331092e-14,3.321151717246668134e-01
5.120096076861488932e-01,4.463735767795998248e-14,3.321151717246668134e-01
5.128102481985589156e-01,5.204722261097163330e-14,3.321151717246668134e-01
5.136108887109688270e-01,6.066379982926009523e-14,3.321151717246668134e-01
5.144115292233787384e-01,7.067968909778238330e-14,3.321151717246668134e-01
5.152121697357886498e-01,8.231758500467855957e-14,3.321151717246668134e-01
5.160128102481985612e-01,9.583487502940312404e-14,3.321151717246668134e-01
5.168134507606084727e-01,1.115289235644560958e-13,3.321151717246668134e-01
5.176140912730184951e-01,1.297431416480455927e-13,3.321151717246668134e-01
5.184147317854284065e-01,1.508739562807517460e-13,3.321151717246668134e-01
5.192153722978383179e-01,1.753788092541466610e-13,3.321151717246668134e-01
5.200160128102482293e-01,2.037853336710842840e-13,3.321151717246668134e-01
5.208166533226581407e-01,2.367018770773568365e-13,3.321151717246668134e-01
5.216172938350680521e-01,2.748295636804504500e-13,3.321151717246668134e-01
5.224179343474779635e-01,3.189761148733441472e-13,3.321151717246668134e-01
5.232185748598879860e-01,3.700716776265524605e-13,3.321151717246668134e-01
5.240192153722978974e-01,4.291869447290932253e-13,3.321151717246668134e-01
5.248198558847078088e-01,4.975538898771837520e-13,3.321151717246668134e-01
5.256204963971177202e-01,5.765894848223141479e-13,3.321151717246668134e-01
5.264211369095276316e-01,6.679228158659505383e-13,3.321151717246668134e-01
5.272217774219375430e-01,7.734260736780313109e-13,3.321151717246668134e-01
5.280224179343474544e-01,8.952499545625031051e-13,3.321151717246668134e-01
5.288230584467574769e-01,1.035864083843733382e-12,3.321151717246668134e-01
5.296236989591673883e-01,1.198103154064122642e-12,3.321151717246668134e-01
5.304243394715772997e-01,1.385219563356518441e-12,3.321151717246668134e-01
5.312249799839872111e-01,1.600943444021409966e-12,3.321151717246668134e-01
5.320256204963971225e-01,1.849551089493324888e-12,3.321151717246668134e-01
5.328262610088070339e-01,2.135942921199094136e-12,3.321151717246668134e-01
5.336269015212170563e-01,2.465732287165948626e-12,3.321151717246668134e-01
5.344275420336269677e-01,2.845346553727026046e-12,3.321151717246668134e-01
5.352281825460368792e-01,3.282142142640893186e-12,3.321151717246668134e-01
5.360288230584467906e-01,3.784535381005683953e-12,3.321151717246668134e-01
5.368294635708567020e-01,4.362151273437486798e-12,3.321151717246668134e-01
5.376301040832666134e-01,5.025992578353066627e-12,3.321151717246668134e-01
5.384307445956765248e-01,5.788631876499896974e-12,3.321151717246668134e-01
5.392313851080865472e-01,6.664429664166729670e-12,3.321151717246668134e-01
5.400320256204964586e-01,7.669781890307308766e-12,3.321151717246668134e-01
5.408326661329063700e-01,8.823400791165107034e-12,3.321151717246668134e-01
5.416333066453162814e-01,1.014663336350471736e-11,3.321151717246668134e-01
5.424339471577261929e-01,1.166382236447705943e-11,3.321151717246668134e-01
5.432345876701361043e-01,1.340271533940518214e-11,3.321151717246668134e-01
5.440352281825460157e-01,1.539492786610089704e-11,3.321151717246668134e-01
5.448358686949560381e-01,1.767646797426742307e-11,3.321151717246668134e-01
5.456365092073659495e-01,2.028832956061616401e-11,3.321151717246668134e-01
5.464371497197758609e-01,2.327716358509578238e-11,3.321151717246668134e-01
5.472377902321857723e-01,2.669603691277931568e-11,3.321151717246668134e-01
5.480384307445956837e-01,3.060528987247019156e-11,3.321151717246668134e-01
5.488390712570055952e-01,3.507350495130309742e-11,3.321151717246668134e-01
5.496397117694155066e-01,4.017860055048791901e-11,3.321151717246668134e-01
5.504403522818255290e-01,4.600906540841106462e-11,3.321151717246668134e-01
5.512409927942354404e-01,5.266535117304449962e-11,3.321151717246668134e-01
5.520416333066453518e-01,6.026144269756818239e-11,3.321151717246668134e-01
5.528422738190552632e-01,6.892662796494520359e-11,3.321151717246668134e-01
5.536429143314651746e-01,7.880749214523714442e-11,3.321151717246668134e-01
5.544435548438750860e-01,9.007016318249872850e-11,3.321151717246668134e-01
5.552441953562851085e-01,1.029028395282014716e-10,3.321151717246668134e-01
5.560448358686950199e-01,1.175186342202881216e-10,3.321151717246668134e-01
5.568454763811049313e-01,1.341587734900457197e-10,3.321151717246668134e-01
5.576461168935148427e-01,1.530961925054603121e-10,3.321151717246668134e-01
5.584467574059247541e-01,1.746395757765172711e-10,3.321151717246668134e-01
5.592473979183346655e-01,1.991378952066912158e-10,3.321151717246668134e-01
5.600480384307445769e-01,2.269855048319896068e-10,3.321151717246668134e-01
5.608486789431545994e-01,2.586278580068686564e-10,3.321151717246668134e-01
5.616493194555645108e-01,2.945679202430842242e-10,3.321151717246668134e-01
5.624499599679744222e-01,3.353733591583213172e-10,3.321151717246668134e-01
5.632506004803843336e-01,3.816846021276560191e-10,3.321151717246668134e-01
5.640512409927942450e-01,4.342238623432767948e-10,3.321151717246668134e-01
5.648518815052041564e-01,4.938052451740257602e-10,3.321151717246668134e-01
5.656525220176140678e-01,5.613460590844008684e-10,3.321151717246668134e-01
5.664531625300240902e-01,6.378794690401979233e-10,3.321151717246668134e-01
5.672538030424340016e-01,7.245686454235464314e-10,3.321151717246668134e-01
5.680544435548439131e-01,8.227225781444649796e-10,3.321151717246668134e-01
5.688550840672538245e-01,9.338137440218809895e-10,3.321151717246668134e-01
5.696557245796637359e-01,1.059497835783018561e-09,3.321151717246668134e-01
5.704563650920736473e-01,1.201635783375898013e-09,3.321151717246668134e-01
5.712570056044836697e-01,1.362318322906757824e-09,3.321151717246668134e-01
5.720576461168935811e-01,1.543893395616702084e-09,3.321151717246668134e-01
5.728582866293034925e-01,1.748996689135587780e-09,3.321151717246668134e-01
5.736589271417134039e-01,1.980585666051627496e-09,3.321151717246668134e-01
5.744595676541233154e-01,2.241977460889909030e-09,3.321151717246668134e-01
5.752602081665332268e-01,2.536891066203483688e-09,3.321151717246668134e-01
5.760608486789431382e-01,2.869494271974208373e-09,3.321151717246668134e-01
5.768614891913531606e-01,3.244455870251901094e-09,3.321151717246668134e-01
5.776621297037630720e-01,3.667003689312326242e-09,3.321151717246668134e-01
5.784627702161729834e-01,4.142989079004978255e-09,3.321151717246668134e-01
5.792634107285828948e-01,4.678958531839442482e-09,3.321151717246668134e-01
5.800640512409928062e-01,5.282233193212291193e-09,3.321151717246668134e-01
5.808646917534027176e-01,5.960997089527624919e-09,3.321151717246668134e-01
5.816653322658126291e-01,6.724394985384685261e-09,3.321151717246668134e-01
5.824659727782226515e-01,7.582640871105334296e-09,3.321151717246668134e-01
5.832666132906325629e-01,8.547138180314676127e-09,3.321151717246668134e-01
5.840672538030424743e-01,9.630612944781827274e-09,3.321151717246668134e-01
5.848678943154523857e-01,1.084726121102990091e-08,3.321151717246668134e-01
5.856685348278622971e-01,1.221291217118175046e-08,3.321151717246668134e-01
5.864691753402722085e-01,1.374520859997287210e-08,3.321151717246668134e-01
5.872698158526822310e-01,1.546380634181897762e-08,3.321151717246668134e-01
5.880704563650921424e-01,1.739059475727130045e-08,3.321151717246668134e-01
5.888710968775020538e-01,1.954994021822583672e-08,3.321151717246668134e-01
5.896717373899119652e-01,2.196895493705215949e-08,3.321151717246668134e-01
5.904723779023218766e-01,2.467779362762406853e-08,3.321151717246668134e-01
5.912730184147317880e-01,2.770998072740125125e-08,3.321151717246668134e-01
5.920736589271416994e-01,3.110277116068005942e-08,3.321151717246668134e-01
5.928742994395517218e-01,3.489754789542868133e-08,3.321151717246668134e-01
5.936749399519616333e-01,3.914025984135142571e-08,3.321151717246668134e-01
5.944755804643715447e-01,4.388190395679806189e-08,3.321151717246668134e-01
5.952762209767814561e-01,4.917905577862559451e-08,3.321151717246668134e-01
5.960768614891913675e-01,5.509445296416213429e-08,3.321151717246668134e-01
5.968775020016012789e-01,6.169763684007658735e-08,3.321151717246668134e-01
5.976781425140111903e-01,6.906565739150305301e-08,3.321151717246668134e-01
5.984787830264212127e-01,7.728384759848718934e-08,3.321151717246668134e-01
5.992794235388311241e-01,8.644667353832689083e-08,3.321151717246668134e-01
6.000800640512410355e-01,9.665866722422627251e-08,3.321151717246668134e-01
6.008807045636509470e-01,1.080354497457366891e-07,3.321151717246668134e-01
6.016813450760608584e-01,1.207048529176995167e-07,3.321151717246668134e-01
6.024819855884707698e-01,1.348081483349125717e-07,3.321151717246668134e-01
6.032826261008807922e-01,1.505013934728908728e-07,3.321151717246668134e-01
6.040832666132907036e-01,1.679569052742542063e-07,3.321151717246668134e-01
6.048839071257006150e-01,1.873648725192833118e-07,3.321151717246668134e-01
6.056845476381105264e-01,2.089351192016700936e-07,3.321151717246668134e-01
6.064851881505204378e-01,2.328990321207697295e-07,3.321151717246668134e-01
6.072858286629303493e-01,2.595116669636690473e-07,3.321151717246668134e-01
6.080864691753402607e-01,2.890540482887023698e-07,3.321151717246668134e-01
6.088871096877502831e-01,3.218356800415332825e-07,3.321151717246668134e-01
6.096877502001601945e-01,3.581972845398107215e-07,3.321151717246668134e-01
6.104883907125701059e-01,3.985137892585611678e-07,3.321151717246668134e-01
6.112890312249800173e-01,4.431975822403997179e-07,3.321151717246668134e-01
6.120896717373899287e-01,4.927020585481429844e-07,3.321151717246668134e-01
6.128903122497998401e-01,5.475254818786148341e-07,3.321151717246668134e-01
6.136909527622097515e-01,6.082151872699528815e-07,3.321151717246668134e-01
6.144915932746197740e-01,6.753721527682028893e-07,3.321151717246668134e-01
6.152922337870296854e-01,7.496559699774809374e-07,3.321151717246668134e-01
6.160928742994395968e-01,8.317902456085020117e-07,3.321151717246668134e-01
6.168935148118495082e-01,9.225684684696545005e-07,3.321151717246668134e-01
6.176941553242594196e-01,1.022860378819268726e-06,3.321151717246668134e-01
6.184947958366693310e-01,1.133618879624895823e-06,3.321151717246668134e-01
6.192954363490792424e-01,1.255887532062223674e-06,3.321151717246668134e-01
6.200960768614892649e-01,1.390808680539372609e-06,3.321151717246668134e-01
6.208967173738991763e-01,1.539632255660554254e-06,3.321151717246668134e-01
6.216973578863090877e-01,1.703725306852770103e-06,3.321151717246668134e-01
6.224979983987189991e-01,1.884582319878007936e-06,3.321151717246668134e-01
6.232986389111289105e-01,2.083836378149469440e-06,3.321151717246668134e-01
6.240992794235388219e-01,2.303271230671340598e-06,3.321151717246668134e-01
6.248999199359488443e-01,2.544834333534115365e-06,3.321151717246668134e-01
6.257005604483587557e-01,2.810650936231027752e-06,3.321151717246668134e-01
6.265012009607686672e-01,3.103039288621417234e-06,3.321151717246668134e-01
6.273018414731785786e-01,3.424527049161513688e-06,3.321151717246668134e-01
6.281024819855884900e-01,3.777868980061713119e-06,3.321151717246668134e-01
6.289031224979984014e-01,4.166066020314314230e-06,3.321151717246668134e-01
6.297037630104083128e-01,4.592385833079217091e-06,3.321151717246668134e-01
6.305044035228183352e-01,5.060384929718079527e-06,3.321151717246668134e-01
6.313050440352282466e-01,5.573932478841591164e-06,3.321151717246668134e-01
6.321056845476381580e-01,6.137235915080655564e-06,3.321151717246668134e-01
6.329063250600480695e-01,6.754868468916164259e-06,3.321151717246668134e-01
6.337069655724579809e-01,7.431798745811098147e-06,3.321151717246668134e-01
6.345076060848678923e-01,8.173422490083490782e-06,3.321151717246668134e-01
6.353082465972778037e-01,8.985596676445700484e-06,3.321151717246668134e-01
6.361088871096878261e-01,9.874676079907275441e-06,3.321151717246668134e-01
6.369095276220977375e-01,1.084755248281284534e-05,3.321151717246668134e-01
6.377101681345076489e-01,1.191169668614761483e-05,3.321151717246668134e-01
6.385108086469175603e-01,1.307520350089475920e-05,3.321151717246668134e-01
6.393114491593274717e-01,1.434683990417101629e-05,3.321151717246668134e-01
6.401120896717373832e-01,1.573609655410309829e-05,3.321151717246668134e-01
6.409127301841474056e-01,1.725324286690535424e-05,3.321151717246668134e-01
6.417133706965573170e-01,1.890938586940324448e-05,3.321151717246668134e-01
6.425140112089672284e-01,2.071653305029501821e-05,3.321151717246668134e-01
6.433146517213771398e-01,2.268765944373772928e-05,3.321151717246668134e-01
6.441152922337870512e-01,2.483677918938294164e-05,3.321151717246668134e-01
6.449159327461969626e-01,2.717902182374633705e-05,3.321151717246668134e-01
6.457165732586068740e-01,2.973071356877237027e-05,3.321151717246668134e-01
6.465172137710168965e-01,3.250946389461068268e-05,3.321151717246668134e-01
6.473178542834268079e-01,3.553425764493126413e-05,3.321151717246668134e-01
6.481184947958367193e-01,3.882555302459324368e-05,3.321151717246668134e-01
6.489191353082466307e-01,4.240538576103277519e-05,3.321151717246668134e-01
6.497197758206565421e-01,4.629747976239510213e-05,3.321151717246668134e-01
6.505204163330664535e-01,5.052736460714280989e-05,3.321151717246668134e-01
6.513210568454763649e-01,5.512250021156861614e-05,3.321151717246668134e-01
6.521216973578863874e-01,6.011240903332062469e-05,3.321151717246668134e-01
6.529223378702962988e-01,6.552881618062022715e-05,3.321151717246668134e-01
6.537229783827062102e-01,7.140579780833882721e-05,3.321151717246668134e-01
6.545236188951161216e-01,7.777993819335511899e-05,3.321151717246668134e-01
6.553242594075260330e-01,8.469049589268237645e-05,3.321151717246668134e-01
6.561248999199359444e-01,9.217957939856101621e-05,3.321151717246668134e-01
6.569255404323459668e-01,1.002923327150956491e-04,3.321151717246668134e-01
6.577261809447558782e-01,1.090771312909467959e-04,3.321151717246668134e-01
6.585268214571657897e-01,1.185857887520083318e-04,3.321151717246668134e-01
6.593274619695757011e-01,1.288737748868414034e-04,3.321151717246668134e-01
6.601281024819856125e-01,1.400004453457572755e-04,3.321151717246668134e-01
6.609287429943955239e-01,1.520292835218625671e-04,3.321151717246668134e-01
6.617293835068054353e-01,1.650281550888847205e-04,3.321151717246668134e-01
6.625300240192154577e-01,1.790695756761564734e-04,3.321151717246668134e-01
6.633306645316253691e-01,1.942309921657327796e-04,3.321151717246668134e-01
6.641313050440352805e-01,2.105950780998380105e-04,3.321151717246668134e-01
6.649319455564451919e-01,2.282500436889800240e-04,3.321151717246668134e-01
6.657325860688551034e-01,2.472899609117359065e-04,3.321151717246668134e-01
6.665332265812650148e-01,2.678151041963982236e-04,3.321151717246668134e-01
6.673338670936749262e-01,2.899323071721124682e-04,3.321151717246668134e-01
6.681345076060849486e-01,3.137553359729170020e-04,3.321151717246668134e-01
6.689351481184948600e-01,3.394052795720130895e-04,3.321151717246668134e-01
6.697357886309047714e-01,3.670109576152376742e-04,3.321151717246668134e-01
6.705364291433146828e-01,3.967093462124807483e-04,3.321151717246668134e-01
6.713370696557245942e-01,4.286460221330469435e-04,3.321151717246668134e-01
6.721377101681345057e-01,4.629756258357761787e-04,3.321151717246668134e-01
6.729383506805445281e-01,4.998623437469901882e-04,3.321151717246668134e-01
6.737389911929544395e-01,5.394804101789188846e-04,3.321151717246668134e-01
6.745396317053643509e-01,5.820146292575605019e-04,3.321151717246668134e-01
6.753402722177742623e-01,6.276609172025957115e-04,3.321151717246668134e-01
6.761409127301841737e-01,6.766268652724637556e-04,3.321151717246668134e-01
6.769415532425940851e-01,7.291323236542832358e-04,3.321151717246668134e-01
6.777421937550039965e-01,7.854100065420478857e-04,3.321151717246668134e-01
6.785428342674140190e-01,8.457061186061765263e-04,3.321151717246668134e-01
6.793434747798239304e-01,9.102810030135542307e-04,3.321151717246668134e-01
6.801441152922338418e-01,9.794098111093160926e-04,3.321151717246668134e-01
6.809447558046437532e-01,1.053383193819821487e-03,3.321151717246668134e-01
6.817453963170536646e-01,1.132508014779888854e-03,3.321151717246668134e-01
6.825460368294635760e-01,1.217108085126885741e-03,3.321151717246668134e-01
6.833466773418734874e-01,1.307524919840043339e-03,3.321151717246668134e-01
6.841473178542835099e-01,1.404118515433093982e-03,3.321151717246668134e-01
6.849479583666934213e-01,1.507268148735133994e-03,3.321151717246668134e-01
6.857485988791033327e-01,1.617373196415715798e-03,3.321151717246668134e-01
6.865492393915132441e-01,1.734853974826831846e-03,3.321151717246668134e-01
6.873498799039231555e-01,1.860152599646615031e-03,3.321151717246668134e-01
6.881505204163330669e-01,1.993733864715691983e-03,3.321151717246668134e-01
6.889511609287429783e-01,2.136086139360452579e-03,3.321151717246668134e-01
6.897518014411530007e-01,2.287722283393881124e-03,3.321151717246668134e-01
6.905524419535629121e-01,2.449180578877580439e-03,3.321151717246668134e-01
6.913530824659728236e-01,2.621025677616219129e-03,3.321151717246668134e-01
6.921537229783827350e-01,2.803849563238293430e-03,3.321151717246668134e-01
6.929543634907926464e-01,2.998272526595462291e-03,3.321151717246668134e-01
6.937550040032025578e-01,3.204944153086807489e-03,3.321151717246668134e-01
6.945556445156125802e-01,3.424544320383395447e-03,3.321151717246668134e-01
6.953562850280224916e-01,3.657784204893237655e-03,3.321151717246668134e-01
6.961569255404324030e-01,3.905407295168697272e-03,3.321151717246668134e-01
6.969575660528423144e-01,4.168190410314086963e-03,3.321151717246668134e-01
6.977582065652522259e-01,4.446944721307233978e-03,3.321151717246668134e-01
6.985588470776621373e-01,4.742516772996599461e-03,3.321151717246668134e-01
6.993594875900720487e-01,5.055789504384515694e-03,3.321151717246668134e-01
7.001601281024820711e-01,5.387683264651546219e-03,3.321151717246668134e-01
7.009607686148919825e-01,5.739156822219253218e-03,3.321151717246668134e-01
7.017614091273018939e-01,6.111208363989183330e-03,3.321151717246668134e-01
7.025620496397118053e-01,6.504876481735006634e-03,3.321151717246668134e-01
7.033626901521217167e-01,6.921241142464454148e-03,3.321151717246668134e-01
7.041633306645316281e-01,7.361424639402976838e-03,3.321151717246668134e-01
7.049639711769415396e-01,7.826592520090323510e-03,3.321151717246668134e-01
7.057646116893515620e-01,8.317954487917706904e-03,3.321151717246668134e-01
7.065652522017614734e-01,8.836765273276002419e-03,3.321151717246668134e-01
7.073658927141713848e-01,9.384325470321062262e-03,3.321151717246668134e-01
7.081665332265812962e-01,9.961982335209213987e-03,3.321151717246668134e-01
7.089671737389912076e-01,1.057113054150188129e-02,3.321151717246668134e-01
7.097678142514011190e-01,1.121321288828599008e-02,3.321151717246668134e-01
7.105684547638111415e-01,1.188972095641526415e-02,3.321151717246668134e-01
7.113690952762210529e-01,1.260219570813522587e-02,3.321151717246668134e-01
7.121697357886309643e-01,1.335222802522242382e-02,3.321151717246668134e-01
7.129703763010408757e-01,1.414145918064899435e-02,3.321151717246668134e-01
7.137710168134507871e-01,1.497158123865870161e-02,3.321151717246668134e-01
7.145716573258606985e-01,1.584433737804357561e-02,3.321151717246668134e-01
7.153722978382706099e-01,1.676152213330650911e-02,3.321151717246668134e-01
7.161729383506806323e-01,1.772498154831715633e-02,3.321151717246668134e-01
7.169735788630905438e-01,1.873661323699778863e-02,3.321151717246668134e-01
7.177742193755004552e-01,1.979836634551324775e-02,3.321151717246668134e-01
7.185748598879103666e-01,2.091224141039587509e-02,3.321151717246668134e-01
7.193755004003202780e-01,2.208029010701091296e-02,3.321151717246668134e-01
7.201761409127301894e-01,2.330461488274775811e-02,3.321151717246668134e-01
7.209767814251401008e-01,2.458736846933204032e-02,3.321151717246668134e-01
7.217774219375501232e-01,2.593075326866928557e-02,3.321151717246668134e-01
7.225780624499600346e-01,2.733702060666536732e-02,3.321151717246668134e-01
7.233787029623699461e-01,2.880846984953358211e-02,3.321151717246668134e-01
7.241793434747798575e-01,3.034744737717573471e-02,3.321151717246668134e-01
7.249799839871897689e-01,3.195634540832328896e-02,3.321151717246668134e-01
7.257806244995996803e-01,3.363760067223180161e-02,3.321151717246668134e-01
7.265812650120097027e-01,3.539369292189325361e-02,3.321151717246668134e-01
7.273819055244196141e-01,3.722714328387731475e-02,3.321151717246668134e-01
7.281825460368295255e-01,3.914051244011529374e-02,3.321151717246668134e-01
7.289831865492394369e-01,4.113639863715079503e-02,3.321151717246668134e-01
7.297838270616493483e-01,4.321743551863518884e-02,3.321151717246668134e-01
7.305844675740592598e-01,4.538628977710692375e-02,3.321151717246668134e-01
7.313851080864691712e-01,4.764565862139839153e-02,3.321151717246668134e-01
7.321857485988791936e-01,4.999826705632164775e-02,3.321151717246668134e-01
7.329863891112891050e-01,5.244686497165500921e-02,3.321151717246668134e-01
7.337870296236990164e-01,5.499422403781177582e-02,3.321151717246668134e-01
7.345876701361089278e-01,5.764313440598485550e-02,3.321151717246668134e-01
7.353883106485188392e-01,6.039640121098778514e-02,3.321151717246668134e-01
7.361889511609287506e-01,6.325684087547714385e-02,3.321151717246668134e-01
7.369895916733386620e-01,6.622727721471882711e-02,3.321151717246668134e-01
7.377902321857486845e-01,6.931053734155434576e-02,3.321151717246668134e-01
7.385908726981585959e-01,7.250944737180892163e-02,3.321151717246668134e-01
7.393915132105685073e-01,7.582682793087568152e-02,3.321151717246668134e-01
7.401921537229784187e-01,7.926548946284127373e-02,3.321151717246668134e-01
7.409927942353883301e-01,8.282822734411088295e-02,3.321151717246668134e-01
7.417934347477982415e-01,8.651781680411116393e-02,3.321151717246668134e-01
7.425940752602082640e-01,9.033700765631928753e-02,3.321151717246668134e-01
7.433947157726181754e-01,9.428851884348977974e-02,3.321151717246668134e-01
7.441953562850280868e-01,9.837503280170131759e-02,3.321151717246668134e-01
7.449959967974379982e-01,1.025991896484855087e-01,3.321151717246668134e-01
7.457966373098479096e-01,1.069635812010514830e-01,3.321151717246668134e-01
7.465972778222578210e-01,1.114707448313535659e-01,3.321151717246668134e-01
7.473979183346677324e-01,1.161231571654467720e-01,3.321151717246668134e-01
7.481985588470777548e-01,1.209232276353605362e-01,3.321151717246668134e-01
7.489991993594876662e-01,1.258732918924780619e-01,3.321151717246668134e-01
7.497998398718975777e-01,1.309756050921287440e-01,3.321151717246668134e-01
7.506004803843074891e-01,1.362323350598823868e-01,3.321151717246668134e-01
7.514011208967174005e-01,1.416455553508058074e-01,3.321151717246668134e-01
7.522017614091273119e-01,1.472172382136679170e-01,3.321151717246668134e-01
7.530024019215372233e-01,1.529492474728124662e-01,3.321151717246668134e-01
7.538030424339472457e-01,1.588433313411907466e-01,3.321151717246668134e-01
7.546036829463571571e-01,1.649011151787651841e-01,3.321151717246668134e-01
7.554043234587670685e-01,1.711240942111328378e-01,3.321151717246668134e-01
7.562049639711769800e-01,1.775136262240229468e-01,3.321151717246668134e-01
7.570056044835868914e-01,1.840709242498704268e-01,3.321151717246668134e-01
7.578062449959968028e-01,1.907970492633352944e-01,3.321151717246668134e-01
7.586068855084067142e-01,1.976929029033346052e-01,3.321151717246668134e-01
7.594075260208167366e-01,2.047592202396243677e-01,3.321151717246668134e-01
7.602081665332266480e-01,2.119965626025028527e-01,3.321151717246668134e-01
7.610088070456365594e-01,2.194053104948514021e-01,3.321151717246668134e-01
7.618094475580464708e-01,2.269856566059985092e-01,3.321151717246668134e-01
7.626100880704563822e-01,2.347375989474536628e-01,3.321151717246668134e-01
7.634107285828662937e-01,2.426609341308839096e-01,3.321151717246668134e-01
7.642113690952763161e-01,2.507552508089879173e-01,3.321151717246668134e-01
7.650120096076862275e-01,2.590199233002574708e-01,3.321151717246668134e-01
7.658126501200961389e-01,2.674541054187323241e-01,3.321151717246668134e-01
7.666132906325060503e-01,2.760567245300978856e-01,3.321151717246668134e-01
7.674139311449159617e-01,2.848264758555160148e-01,3.321151717246668134e-01
7.682145716573258731e-01,2.937618170445682741e-01,3.321151717246668134e-01
7.690152121697357845e-01,3.028609630387229523e-01,3.321151717246668134e-01
7.698158526821458070e-01,3.121218812466041159e-01,3.321151717246668134e-01
7.706164931945557184e-01,3.215422870520614484e-01,3.321151717246668134e-01
7.714171337069656298e-01,3.311196396759934490e-01,3.321151717246668134e-01
7.722177742193755412e-01,3.408511384123212307e-01,3.321151717246668134e-01
7.730184147317854526e-01,3.507337192582432595e-01,3.321151717246668134e-01
7.738190552441953640e-01,3.607640519584459082e-01,3.321151717246668134e-01
7.746196957566052754e-01,3.709385374823007675e-01,3.321151717246668134e-01
7.754203362690152979e-01,3.812533059525883838e-01,3.321151717246668134e-01
7.762209767814252093e-01,3.917042150433505676e-01,3.321151717246668134e-01
7.770216172938351207e-01,4.022868488639634310e-01,3.321151717246668134e-01
7.778222578062450321e-01,4.129965173455444338e-01,3.321151717246668134e-01
7.786228983186549435e-01,4.238282561448895591e-01,3.321151717246668134e-01
7.794235388310648549e-01,4.347768270800883572e-01,3.321151717246668134e-01
7.802241793434748773e-01,4.458367191110687022e-01,3.321151717246668134e-01
7.810248198558847887e-01,4.570021498769422652e-01,3.321151717246668134e-01
7.818254603682947002e-01,4.682670678010377729e-01,3.321151717246668134e-01
7.826261008807046116e-01,4.796251547730704390e-01,3.321151717246668134e-01
7.834267413931145230e-01,4.910698294166860323e-01,3.321151717246668134e-01
7.842273819055244344e-01,5.025942509491373444e-01,3.321151717246668134e-01
7.850280224179343458e-01,5.141913236384960673e-01,3.321151717246668134e-01
7.858286629303443682e-01,5.258537018621564085e-01,3.321151717246668134e-01
7.866293034427542796e-01,5.375737957690076563e-01,3.321151717246668134e-01
7.874299439551641910e-01,5.493437775460483508e-01,3.321151717246668134e-01
7.882305844675741024e-01,5.611555882883753066e-01,3.321151717246668134e-01
7.890312249799840139e-01,5.730009454701201488e-01,3.321151717246668134e-01
7.898318654923939253e-01,5.848713510119269987e-01,3.321151717246668134e-01
7.906325060048038367e-01,5.967580999390895702e-01,3.321151717246668134e-01
7.914331465172138591e-01,6.086522896226079782e-01,3.321151717246668134e-01
7.922337870296237705e-01,6.205448295937296965e-01,3.321151717246668134e-01
7.930344275420336819e-01,6.324264519206218571e-01,3.321151717246668134e-01
7.938350680544435933e-01,6.442877221344295302e-01,3.321151717246668134e-01
7.946357085668535047e-01,6.561190506897888186e-01,3.321151717246668134e-01
7.954363490792634162e-01,6.679107049435278887e-01,3.321151717246668134e-01
7.962369895916734386e-01,6.796528216331210182e-01,3.321151717246668134e-01
7.970376301040833500e-01,6.913354198352273938e-01,3.321151717246668134e-01
7.978382706164932614e-01,7.029484143829792808e-01,3.321151717246668134e-01
7.986389111289031728e-01,7.144816297182815523e-01,3.321151717246668134e-01
7.994395516413130842e-01,7.259248141549605737e-01,3.321151717246668134e-01
8.002401921537229956e-01,7.372676545260850034e-01,3.321151717246668134e-01
8.010408326661329070e-01,7.484997911879432975e-01,3.321151717246668134e-01
8.018414731785429295e-01,7.596108333512379129e-01,3.321151717246668134e-01
8.026421136909528409e-01,7.705903747092939238e-01,3.321151717246668134e-01
8.034427542033627523e-01,7.814280093313653586e-01,3.321151717246668134e-01
8.042433947157726637e-01,7.921133477880639706e-01,3.321151717246668134e-01
8.050440352281825751e-01,8.026360334746300840e-01,3.321151717246668134e-01
8.058446757405924865e-01,8.129857590968924130e-01,3.321151717246668134e-01
8.066453162530023979e-01,8.231522832837026016e-01,3.321151717246668134e-01
8.074459567654124204e-01,8.331254472894459306e-01,3.321151717246668134e-01
8.082465972778223318e-01,8.428951917492054635e-01,3.321151717246668134e-01
8.090472377902322432e-01,8.524515734483950613e-01,3.321151717246668134e-01
8.098478783026421546e-01,8.617847820674919834e-01,3.321151717246668134e-01
8.106485188150520660e-01,8.708851568619355721e-01,3.321151717246668134e-01
8.114491593274619774e-01,8.797432032376004685e-01,3.321151717246668134e-01
8.122497998398719998e-01,8.883496091833372743e-01,3.321151717246668134e-01
8.130504403522819112e-01,8.966952615225831646e-01,3.321151717246668134e-01
8.138510808646918226e-01,9.047712619457145555e-01,3.321151717246668134e-01
8.146517213771017341e-01,9.125689427825984801e-01,3.321151717246668134e-01
8.154523618895116455e-01,9.200798824724453207e-01,3.321151717246668134e-01
8.162530024019215569e-01,9.272959206887615435e-01,3.321151717246668134e-01
8.170536429143314683e-01,9.342091730814503503e-01,3.321151717246668134e-01
8.178542834267414907e-01,9.408120456054022140e-01,3.321151717246668134e-01
8.186549239391514021e-01,9.470972484091261245e-01,3.321151717246668134e-01
8.194555644515613135e-01,9.530578092539666590e-01,3.321151717246668134e-01
8.202562049639712249e-01,9.586870864228776989e-01,3.321151717246668134e-01
8.210568454763811364e-01,9.639787810646578414e-01,3.321151717246668134e-01
8.218574859887910478e-01,9.689269489175915684e-01,3.321151717246668134e-01
8.226581265012009592e-01,9.735260113739686583e-01,3.321151717246668134e-01
8.234587670136109816e-01,9.777707658821491732e-01,3.321151717246668134e-01
8.242594075260208930e-01,9.816563957160461262e-01,3.321151717246668134e-01
8.250600480384308044e-01,9.851784791468077840e-01,3.321151717246668134e-01
8.258606885508407158e-01,9.883329980101315249e-01,3.321151717246668134e-01
8.266613290632506272e-01,9.911163455821574431e-01,3.321151717246668134e-01
8.274619695756605386e-01,9.935253335976750311e-01,3.321151717246668134e-01
8.282626100880704501e-01,9.955571982256306018e-01,3.321151717246668134e-01
8.290632506004804725e-01,9.972096049060036327e-01,3.321151717246668134e-01
8.298638911128903839e-01,9.984806521516929045e-01,3.321151717246668134e-01
8.306645316253002953e-01,9.993688746628242026e-01,3.321151717246668134e-01
8.314651721377102067e-01,9.998732462384773978e-01,3.321151717246668134e-01
8.322658126501201181e-01,9.999931827674662932e-01,3.321151717246668134e-01
8.330664531625300295e-01,9.997285448329653601e-01,3.321151717246668134e-01
8.338670936749400520e-01,9.990796386584203104e-01,3.321151717246668134e-01
8.346677341873499634e-01,9.980472147267099858e-01,3.321151717246668134e-01
8.354683746997598748e-01,9.966324649840200278e-01,3.321151717246668134e-01
8.362690152121697862e-01,9.948370197256547476e-01,3.321151717246668134e-01
8.370696557245796976e-01,9.926629444070625974e-01,3.321151717246668134e-01
8.378702962369896090e-01,9.901127360817421064e-01,3.321151717246668134e-01
8.386709367493995204e-01,9.871893190998132228e-01,3.321151717246668134e-01
8.394715772618095428e-01,9.838960398466427559e-01,3.321151717246668134e-01
8.402722177742194543e-01,9.802366604736792999e-01,3.321151717246668134e-01
8.410728582866293657e-01,9.762153516906352246e-01,3.321151717246668134e-01
8.418734987990392771e-01,9.718366847301086464e-01,3.321151717246668134e-01
8.426741393114491885e-01,9.671056225827151520e-01,3.321151717246668134e-01
8.434747798238590999e-01,9.620275105633787627e-01,3.321151717246668134e-01
8.442754203362690113e-01,9.566080662350342489e-01,3.321151717246668134e-01
8.450760608486790337e-01,9.508533686978194455e-01,3.321151717246668134e-01
8.458767013610889451e-01,9.447698472508816447e-01,3.321151717246668134e-01
8.466773418734988566e-01,9.383642694428511177e-01,3.321151717246668134e-01
8.474779823859087680e-01,9.316437285383776246e-01,3.321151717246668134e-01
8.482786228983186794e-01,9.246156304358059685e-01,3.321151717246668134e-01
8.490792634107285908e-01,9.172876800745956016e-01,3.321151717246668134e-01
8.498799039231386132e-01,9.096678673706909413e-01,3.321151717246668134e-01
8.506805444355485246e-01,9.017644527171303492e-01,3.321151717246668134e-01
8.514811849479584360e-01,8.935859520859708027e-01,3.321151717246668134e-01
8.522818254603683474e-01,8.851411217682885191e-01,3.321151717246668134e-01
8.530824659727782588e-01,8.764389427895075135e-01,3.321151717246668134e-01
8.538831064851881703e-01,8.674886050385385294e-01,3.321151717246668134e-01
8.546837469975980817e-01,8.582994911499297608e-01,3.321151717246668134e-01
8.554843875100081041e-01,8.488811601788114336e-01,3.321151717246668134e-01
8.562850280224180155e-01,8.392433311081545222e-01,3.321151717246668134e-01
8.570856685348279269e-01,8.293958662282945316e-01,3.321151717246668134e-01
8.578863090472378383e-01,8.193487544279951518e-01,3.321151717246668134e-01
8.586869495596477497e-01,8.091120944364329493e-01,3.321151717246668134e-01
8.594875900720576611e-01,7.986960780551067840e-01,3.321151717246668134e-01
8.602882305844675725e-01,7.881109734180669069e-01,3.321151717246668134e-01
8.610888710968775950e-01,7.773671083187004838e-01,3.321151717246668134e-01
8.618895116092875064e-01,7.664748536403801493e-01,3.321151717246668134e-01
8.626901521216974178e-01,7.554446069274443065e-01,3.321151717246668134e-01
8.634907926341073292e-01,7.442867761323983533e-01,3.321151717246668134e-01
8.642914331465172406e-01,7.330117635739985538e-01,3.321151717246668134e-01
8.650920736589271520e-01,7.216299501399070504e-01,3.321151717246668134e-01
8.658927141713371745e-01,7.101516797665982095e-01,3.321151717246668134e-01
8.666933546837470859e-01,6.985872442277056837e-01,3.321151717246668134e-01
8.674939951961569973e-01,6.869468682608952381e-01,3.321151717246668134e-01
8.682946357085669087e-01,6.752406950619815884e-01,3.321151717246668134e-01
8.690952762209768201e-01,6.634787721733574895e-01,3.321151717246668134e-01
8.698959167333867315e-01,6.516710377925708508e-01,3.321151717246668134e-01
8.706965572457966429e-01,6.398273075250762165e-01,3.321151717246668134e-01
8.714971977582066653e-01,6.279572616038875399e-01,3.321151717246668134e-01
8.722978382706165768e-01,6.160704325968813233e-01,3.321151717246668134e-01
8.730984787830264882e-01,6.041761936211319517e-01,3.321151717246668134e-01
8.738991192954363996e-01,5.922837470816261218e-01,3.321151717246668134e-01
8.746997598078463110e-01,5.804021139503529048e-01,3.321151717246668134e-01
8.755004003202562224e-01,5.685401235997205038e-01,3.321151717246668134e-01
8.763010408326661338e-01,5.567064042025872128e-01,3.321151717246668134e-01
8.771016813450761562e-01,5.449093737094963252e-01,3.321151717246668134e-01
8.779023218574860676e-01,5.331572314120806011e-01,3.321151717246668134e-01
8.787029623698959790e-01,5.214579500994233063e-01,3.321151717246668134e-01
8.795036028823058905e-01,5.098192688128135863e-01,3.321151717246668134e-01
8.803042433947158019e-01,4.982486862026146990e-01,3.321151717246668134e-01
8.811048839071257133e-01,4.867534544891380932e-01,3.321151717246668134e-01
8.819055244195357357e-01,4.753405740277389380e-01,3.321151717246668134e-01
8.827061649319456471e-01,4.640167884769371698e-01,3.321151717246668134e-01
8.835068054443555585e-01,4.527885805665935459e-01,3.321151717246668134e-01
8.843074459567654699e-01,4.416621684617986765e-01,3.321151717246668134e-01
8.851080864691753813e-01,4.306435027164768892e-01,3.321151717246668134e-01
8.859087269815852927e-01,4.197382638093912210e-01,3.321151717246668134e-01
8.867093674939952042e-01,4.089518602539229941e-01,3.321151717246668134e-01
8.875100080064052266e-01,3.982894272715836181e-01,3.321151717246668134e-01
8.883106485188151380e-01,3.877558260180364869e-01,3.321151717246668134e-01
8.891112890312250494e-01,3.773556433491166429e-01,3.321151717246668134e-01
8.899119295436349608e-01,3.670931921133827047e-01,3.321151717246668134e-01
8.907125700560448722e-01,3.569725119565541060e-01,3.321151717246668134e-01
8.915132105684547836e-01,3.469973706223484222e-01,3.321151717246668134e-01
8.923138510808646950e-01,3.371712657331818463e-01,3.321151717246668134e-01
8.931144915932747175e-01,3.274974270335124782e-01,3.321151717246668134e-01
8.939151321056846289e-01,3.179788190777653178e-01,3.321151717246668134e-01
8.947157726180945403e-01,3.086181443441789463e-01,3.321151717246668134e-01
8.955164131305044517e-01,2.994178467552212064e-01,3.321151717246668134e-01
8.963170536429143631e-01,2.903801155847908211e-01,3.321151717246668134e-01
8.971176941553242745e-01,2.815068897319562558e-01,3.321151717246668134e-01
8.979183346677341859e-01,2.727998623405605838e-01,3.321151717246668134e-01
8.987189751801442084e-01,2.642604857437803045e-01,3.321151717246668134e-01
8.995196156925541198e-01,2.558899767124828140e-01,3.321151717246668134e-01
9.003202562049640312e-01,2.476893219860483719e-01,3.321151717246668134e-01
9.011208967173739426e-01,2.396592840643050337e-01,3.321151717246668134e-01
9.019215372297838540e-01,2.318004072390903447e-01,3.321151717246668134e-01
9.027221777421937654e-01,2.241130238441229050e-01,3.321151717246668134e-01
9.035228182546037878e-01,2.165972607019213125e-01,3.321151717246668134e-01
9.043234587670136992e-01,2.092530457466607874e-01,3.321151717246668134e-01
9.051240992794236107e-01,2.020801148021606763e-01,3.321151717246668134e-01
9.059247397918335221e-01,1.950780184943528839e-01,3.321151717246668134e-01
9.067253803042434335e-01,1.882461292780709117e-01,3.321151717246668134e-01
9.075260208166533449e-01,1.815836485582607573e-01,3.321151717246668134e-01
9.083266613290632563e-01,1.750896138862487184e-01,3.321151717246668134e-01
9.091273018414732787e-01,1.687629062120899470e-01,3.321151717246668134e-01
9.099279423538831901e-01,1.626022571745959489e-01,3.321151717246668134e-01
9.107285828662931015e-01,1.566062564112002675e-01,3.321151717246668134e-01
9.115292233787030129e-01,1.507733588703476790e-01,3.321151717246668134e-01
9.123298638911129244e-01,1.451018921098016778e-01,3.321151717246668134e-01
9.131305044035228358e-01,1.395900635648278099e-01,3.321151717246668134e-01
9.139311449159327472e-01,1.342359677709628052e-01,3.321151717246668134e-01
9.147317854283427696e-01,1.290375935266852292e-01,3.321151717246668134e-01
9.155324259407526810e-01,1.239928309821032859e-01,3.321151717246668134e-01
9.163330664531625924e-01,1.190994786404522277e-01,3.321151717246668134e-01
9.171337069655725038e-01,1.143552502599206599e-01,3.321151717246668134e-01
9.179343474779824152e-01,1.097577816441186044e-01,3.321151717246668134e-01
9.187349879903923267e-01,1.053046373102112521e-01,3.321151717246668134e-01
9.195356285028023491e-01,1.009933170245257278e-01,3.321151717246668134e-01
9.203362690152122605e-01,9.682126219618686358e-02,3.321151717246668134e-01
9.211369095276221719e-01,9.278586212009418133e-02,3.321151717246668134e-01
9.219375500400320833e-01,8.888446006130008847e-02,3.321151717246668134e-01
9.227381905524419947e-01,8.511435917360381243e-02,3.321151717246668134e-01
9.235388310648519061e-01,8.147282824588256145e-02,3.321151717246668134e-01
9.243394715772618175e-01,7.795710727045448984e-02,3.321151717246668134e-01
9.251401120896718400e-01,7.456441282843405405e-02,3.321151717246668134e-01
9.259407526020817514e-01,7.129194328775233236e-02,3.321151717246668134e-01
9.267413931144916628e-01,6.813688381020231721e-02,3.321151717246668134e-01
9.275420336269015742e-01,6.509641116451959919e-02,3.321151717246668134e-01
9.283426741393114856e-01,6.216769834314725407e-02,3.321151717246668134e-01
9.291433146517213970e-01,5.934791898096242191e-02,3.321151717246668134e-01
9.299439551641313084e-01,5.663425157483954059e-02,3.321151717246668134e-01
9.307445956765413309e-01,5.402388350348986956e-02,3.321151717246668134e-01
9.315452361889512423e-01,5.151401484757888588e-02,3.321151717246668134e-01
9.323458767013611537e-01,4.910186201063856948e-02,3.321151717246668134e-01
9.331465172137710651e-01,4.678466114180009072e-02,3.321151717246668134e-01
9.339471577261809765e-01,4.455967136184231514e-02,3.321151717246668134e-01
9.347477982385908879e-01,4.242417779449427634e-02,3.321151717246668134e-01
9.355484387510009103e-01,4.037549440535922324e-02,3.321151717246668134e-01
9.363490792634108217e-01,3.841096665121776499e-02,3.321151717246668134e-01
9.371497197758207331e-01,3.652797394282892435e-02,3.321151717246668134e-01
9.379503602882306446e-01,3.472393192469101775e-02,3.321151717246668134e-01
9.387510008006405560e-01,3.299629457554853484e-02,3.321151717246668134e-01
9.395516413130504674e-01,3.134255613369643645e-02,3.321151717246668134e-01
9.403522818254603788e-01,2.976025285141231311e-02,3.321151717246668134e-01
9.411529223378704012e-01,2.824696458306683033e-02,3.321151717246668134e-01
9.419535628502803126e-01,2.680031621167957082e-02,3.321151717246668134e-01
9.427542033626902240e-01,2.541797891886956803e-02,3.321151717246668134e-01
9.435548438751001354e-01,2.409767130330605842e-02,3.321151717246668134e-01
9.443554843875100469e-01,2.283716035290449947e-02,3.321151717246668134e-01
9.451561248999199583e-01,2.163426227612657779e-02,3.321151717246668134e-01
9.459567654123298697e-01,2.048684319783086391e-02,3.321151717246668134e-01
9.467574059247398921e-01,1.939281972518970554e-02,3.321151717246668134e-01
9.475580464371498035e-01,1.835015938923989509e-02,3.321151717246668134e-01
9.483586869495597149e-01,1.735688096766718411e-02,3.321151717246668134e-01
9.491593274619696263e-01,1.641105469443655124e-02,3.321151717246668134e-01
9.499599679743795377e-01,1.551080236187235215e-02,3.321151717246668134e-01
9.507606084867894491e-01,1.465429732077782633e-02,3.321151717246668134e-01
9.515612489991994716e-01,1.383976438414499799e-02,3.321151717246668134e-01
9.523618895116093830e-01,1.306547963995326363e-02,3.321151717246668134e-01
9.531625300240192944e-01,1.232977017850130259e-02,3.321151717246668134e-01
9.539631705364292058e-01,1.163101373962906193e-02,3.321151717246668134e-01
9.547638110488391172e-01,1.096763828510862251e-02,3.321151717246668134e-01
9.555644515612490286e-01,1.033812150137685716e-02,3.321151717246668134e-01
9.563650920736589400e-01,9.740990237679237121e-03,3.321151717246668134e-01
9.571657325860689625e-01,9.174819884568500769e-03,3.321151717246668134e-01
9.579663730984788739e-01,8.638233697582509488e-03,3.321151717246668134e-01
9.587670136108887853e-01,8.129902070784693693e-03,3.321151717246668134e-01
9.595676541232986967e-01,7.648541764711545843e-03,3.321151717246668134e-01
9.603682946357086081e-01,7.192915093124848357e-03,3.321151717246668134e-01
9.611689351481185195e-01,6.761829072811457834e-03,3.321151717246668134e-01
9.619695756605284309e-01,6.354134540524986746e-03,3.321151717246668134e-01
9.627702161729384533e-01,5.968725240998951943e-03,3.321151717246668134e-01
9.635708566853483648e-01,5.604536889805177696e-03,3.321151717246668134e-01
9.643714971977582762e-01,5.260546214666471723e-03,3.321151717246668134e-01
9.651721377101681876e-01,4.935769978673400574e-03,3.321151717246668134e-01
9.659727782225780990e-01,4.629263988688775595e-03,3.321151717246668134e-01
9.667734187349880104e-01,4.340122092065083065e-03,3.321151717246668134e-01
9.675740592473979218e-01,4.067475164635327156e-03,3.321151717246668134e-01
9.683746997598079442e-01,3.810490092778785667e-03,3.321151717246668134e-01
9.691753402722178556e-01,3.568368752205742286e-03,3.321151717246668134e-01
9.699759807846277671e-01,3.340346985945373635e-03,3.321151717246668134e-01
9.707766212970376785e-01,3.125693583869981144e-03,3.321151717246668134e-01
9.715772618094475899e-01,2.923709265935192734e-03,3.321151717246668134e-01
9.723779023218575013e-01,2.733725671168495564e-03,3.321151717246668134e-01
9.731785428342675237e-01,2.555104354293027957e-03,3.321151717246668134e-01
9.739791833466774351e-01,2.387235791732306590e-03,3.321151717246668134e-01
9.747798238590873465e-01,2.229538398604217000e-03,3.321151717246668134e-01
9.755804643714972579e-01,2.081457558179052123e-03,3.321151717246668134e-01
9.763811048839071693e-01,1.942464665147129298e-03,3.321151717246668134e-01
9.771817453963170808e-01,1.812056183918004564e-03,3.321151717246668134e-01
9.779823859087269922e-01,1.689752723052323838e-03,3.321151717246668134e-01
9.787830264211370146e-01,1.575098126812480692e-03,3.321151717246668134e-01
9.795836669335469260e-01,1.467658584707539271e-03,3.321151717246668134e-01
9.803843074459568374e-01,1.367021759801938761e-03,3.321151717246668134e-01
9.811849479583667488e-01,1.272795936457543197e-03,3.321151717246668134e-01
9.819855884707766602e-01,1.184609188081508797e-03,3.321151717246668134e-01
9.827862289831865716e-01,1.102108565361797389e-03,3.321151717246668134e-01
9.835868694955964830e-01,1.024959305385864583e-03,3.321151717246668134e-01
9.843875100080065055e-01,9.528440619561771678e-04,3.321151717246668134e-01
9.851881505204164169e-01,8.854621573398719801e-04,3.321151717246668134e-01
9.859887910328263283e-01,8.225288556169638859e-04,3.321151717246668134e-01
9.867894315452362397e-01,7.637746577246199353e-04,3.321151717246668134e-01
9.875900720576461511e-01,7.089446182312138158e-04,3.321151717246668134e-01
9.883907125700560625e-01,6.577976838155641815e-04,3.321151717246668134e-01
9.891913530824660850e-01,6.101060533719816553e-04,3.321151717246668134e-01
9.899919935948759964e-01,5.656545596111915491e-04,3.321151717246668134e-01
9.907926341072859078e-01,5.242400719813494108e-04,3.321151717246668134e-01
9.915932746196958192e-01,4.856709206901370346e-04,3.321151717246668134e-01
9.923939151321057306e-01,4.497663415706042015e-04,3.321151717246668134e-01
9.931945556445156420e-01,4.163559414980031294e-04,3.321151717246668134e-01
9.939951961569255534e-01,3.852791840330932168e-04,3.321151717246668134e-01
9.947958366693355758e-01,3.563848949390402009e-04,3.321151717246668134e-01
9.955964771817454873e-01,3.295307871935382977e-04,3.321151717246668134e-01
9.963971176941553987e-01,3.045830050956533719e-04,3.321151717246668134e-01
9.971977582065653101e-01,2.814156870472385203e-04,3.321151717246668134e-01
9.979983987189752215e-01,2.599105465721057956e-04,3.321151717246668134e-01
9.987990392313851329e-01,2.399564711219151795e-04,3.321151717246668134e-01
9.995996797437950443e-01,2.214491382058823398e-04,3.321151717246668134e-01
