x, u, time
4.003202562049639444e-04,1.300700498280952055e-16,1.512178517850232828e-01
1.200960768614891833e-03,1.099625636586813979e-16,1.512178517850232828e-01
2.001601281024820156e-03,9.292773992078828349e-17,1.512178517850232828e-01
2.802241793434748045e-03,7.850166391424280257e-17,1.512178517850232828e-01
3.602882305844675934e-03,6.628958774367588075e-17,1.512178517850232828e-01
4.403522818254604690e-03,5.595575281634776927e-17,1.512178517850232828e-01
5.204163330664531711e-03,4.721468937291428333e-17,1.512178517850232828e-01
6.004803843074460468e-03,3.982378178213469882e-17,1.512178517850232828e-01
6.805444355484387489e-03,3.357691809051775146e-17,1.512178517850232828e-01
7.606084867894316245e-03,2.829906795322984605e-17,1.512178517850232828e-01
8.406725380304245002e-03,2.384165514508550469e-17,1.512178517850232828e-01
9.207365892714172023e-03,2.007860984691964481e-17,1.512178517850232828e-01
1.000800640512410078e-02,1.690300224454208188e-17,1.512178517850232828e-01
1.080864691753402780e-02,1.422417302958561605e-17,1.512178517850232828e-01
1.160928742994395656e-02,1.196528846937769465e-17,1.512178517850232828e-01
1.240992794235388358e-02,1.006125808930941852e-17,1.512178517850232828e-01
1.321056845476381233e-02,8.456961921829768985e-18,1.512178517850232828e-01
1.401120896717374109e-02,7.105741924828939143e-18,1.512178517850232828e-01
1.481184947958366811e-02,5.968118734645483787e-18,1.512178517850232828e-01
1.561248999199359687e-02,5.010700547018150269e-18,1.512178517850232828e-01
1.641313050440352389e-02,4.205255743921462251e-18,1.512178517850232828e-01
1.721377101681344918e-02,3.527925018274517968e-18,1.512178517850232828e-01
1.801441152922337793e-02,2.958552289286003011e-18,1.512178517850232828e-01
1.881505204163330669e-02,2.480116732508032392e-18,1.512178517850232828e-01
1.961569255404323545e-02,2.078250842689465894e-18,1.512178517850232828e-01
2.041633306645316420e-02,1.740831666358422053e-18,1.512178517850232828e-01
2.121697357886308949e-02,1.457634238159373733e-18,1.512178517850232828e-01
2.201761409127301825e-02,1.220037876268393635e-18,1.512178517850232828e-01
2.281825460368294700e-02,1.020777377203532390e-18,1.512178517850232828e-01
2.361889511609287576e-02,8.537323329615055998e-19,1.512178517850232828e-01
2.441953562850280104e-02,7.137488027798364414e-19,1.512178517850232828e-01
2.522017614091272980e-02,5.964884329501125388e-19,1.512178517850232828e-01
2.602081665332265856e-02,4.983008524454824106e-19,1.512178517850232828e-01
2.682145716573258731e-02,4.161157980706095203e-19,1.512178517850232828e-01
2.762209767814251607e-02,3.473519561611141181e-19,1.512178517850232828e-01
2.842273819055244136e-02,2.898399620636653091e-19,1.512178517850232828e-01
2.922337870296237011e-02,2.417573852843372464e-19,1.512178517850232828e-01
3.002401921537229887e-02,2.015738572053972847e-19,1.512178517850232828e-01
3.082465972778222763e-02,1.680047781113720035e-19,1.512178517850232828e-01
3.162530024019215291e-02,1.399722781803354970e-19,1.512178517850232828e-01
3.242594075260208514e-02,1.165723092794511660e-19,1.512178517850232828e-01
3.322658126501201042e-02,9.704691614713308163e-20,1.512178517850232828e-01
3.402722177742193571e-02,8.076088136797911957e-20,1.512178517850232828e-01
3.482786228983186794e-02,6.718206230881651941e-20,1.512178517850232828e-01
3.562850280224179322e-02,5.586484317746865830e-20,1.512178517850232828e-01
3.642914331465172545e-02,4.643621439799765746e-20,1.512178517850232828e-01
3.722978382706165074e-02,3.858406696123742218e-20,1.512178517850232828e-01
3.803042433947157602e-02,3.204735334716476211e-20,1.512178517850232828e-01
3.883106485188150825e-02,2.660782076362490931e-20,1.512178517850232828e-01
3.963170536429143354e-02,2.208306828336554045e-20,1.512178517850232828e-01
4.043234587670136576e-02,1.832071824698877896e-20,1.512178517850232828e-01
4.123298638911129105e-02,1.519352510416937839e-20,1.512178517850232828e-01
4.203362690152121633e-02,1.259527259960832725e-20,1.512178517850232828e-01
4.283426741393114856e-02,1.043733364743530936e-20,1.512178517850232828e-01
4.363490792634107385e-02,8.645787035355974821e-21,1.512178517850232828e-01
4.443554843875099913e-02,7.159001815822219303e-21,1.512178517850232828e-01
4.523618895116093136e-02,5.925614349496097726e-21,1.512178517850232828e-01
4.603682946357085665e-02,4.902834868085148996e-21,1.512178517850232828e-01
4.683746997598078887e-02,4.055030459949447745e-21,1.512178517850232828e-01
4.763811048839071416e-02,3.352539841495046727e-21,1.512178517850232828e-01
4.843875100080063945e-02,2.770682404932501366e-21,1.512178517850232828e-01
4.923939151321057167e-02,2.288930035665164412e-21,1.512178517850232828e-01
5.004003202562049696e-02,1.890215245756810178e-21,1.512178517850232828e-01
5.084067253803042918e-02,1.560353421987534638e-21,1.512178517850232828e-01
5.164131305044035447e-02,1.287560563419583844e-21,1.512178517850232828e-01
5.244195356285027976e-02,1.062050890245589244e-21,1.512178517850232828e-01
5.324259407526021198e-02,8.757012326017726948e-22,1.512178517850232828e-01
5.404323458767013727e-02,7.217712307050533903e-22,1.512178517850232828e-01
5.484387510008006950e-02,5.946701600203795003e-22,1.512178517850232828e-01
5.564451561248999478e-02,4.897626911112173347e-22,1.512178517850232828e-01
5.644515612489992007e-02,4.032071488604004472e-22,1.512178517850232828e-01
5.724579663730985229e-02,3.318208882191594173e-22,1.512178517850232828e-01
5.804643714971977758e-02,2.729682858685453899e-22,1.512178517850232828e-01
5.884707766212970981e-02,2.244675863840970645e-22,1.512178517850232828e-01
5.964771817453963509e-02,1.845134606035356916e-22,1.512178517850232828e-01
6.044835868694956038e-02,1.516126522006577944e-22,1.512178517850232828e-01
6.124899919935949261e-02,1.245305221963317260e-22,1.512178517850232828e-01
6.204963971176941789e-02,1.022466639362297675e-22,1.512178517850232828e-01
6.285028022417935012e-02,8.391806440565238902e-23,1.512178517850232828e-01
6.365092073658927541e-02,6.884854127139934777e-23,1.512178517850232828e-01
6.445156124899921457e-02,5.646339683224986769e-23,1.512178517850232828e-01
6.525220176140913986e-02,4.628840691650533445e-23,1.512178517850232828e-01
6.605284227381906514e-02,3.793241038726005056e-23,1.512178517850232828e-01
6.685348278622899043e-02,3.107288808405331293e-23,1.512178517850232828e-01
6.765412329863891572e-02,2.544402275080589038e-23,1.512178517850232828e-01
6.845476381104885488e-02,2.082681713267250537e-23,1.512178517850232828e-01
6.925540432345878017e-02,1.704091878124322035e-23,1.512178517850232828e-01
7.005604483586870546e-02,1.393785954332356455e-23,1.512178517850232828e-01
7.085668534827863074e-02,1.139546719396993952e-23,1.512178517850232828e-01
7.165732586068855603e-02,9.313247858008667213e-24,1.512178517850232828e-01
7.245796637309849519e-02,7.608572124249749629e-24,1.512178517850232828e-01
7.325860688550842048e-02,6.213526244967854688e-24,1.512178517850232828e-01
7.405924739791834577e-02,5.072313492309517462e-24,1.512178517850232828e-01
7.485988791032827105e-02,4.139110416697645633e-24,1.512178517850232828e-01
7.566052842273819634e-02,3.376299090782349865e-24,1.512178517850232828e-01
7.646116893514813551e-02,2.753009985650551868e-24,1.512178517850232828e-01
7.726180944755806079e-02,2.243921380545859278e-24,1.512178517850232828e-01
7.806244995996798608e-02,1.828270542300683268e-24,1.512178517850232828e-01
7.886309047237791137e-02,1.489039650199770012e-24,1.512178517850232828e-01
7.966373098478783665e-02,1.212285856058818888e-24,1.512178517850232828e-01
8.046437149719777582e-02,9.865901826783169337e-25,1.512178517850232828e-01
8.126501200960770110e-02,8.026043635583069397e-25,1.512178517850232828e-01
8.206565252201762639e-02,6.526783684120608530e-25,1.512178517850232828e-01
8.286629303442755168e-02,5.305543719482390748e-25,1.512178517850232828e-01
8.366693354683747696e-02,4.311154151046893385e-25,1.512178517850232828e-01
8.446757405924741613e-02,3.501790677167796195e-25,1.512178517850232828e-01
8.526821457165734142e-02,2.843281036441010360e-25,1.512178517850232828e-01
8.606885508406726670e-02,2.307716052110174840e-25,1.512178517850232828e-01
8.686949559647719199e-02,1.872310745026687090e-25,1.512178517850232828e-01
8.767013610888711728e-02,1.518470869459588715e-25,1.512178517850232828e-01
8.847077662129704256e-02,1.231028127975588378e-25,1.512178517850232828e-01
8.927141713370698173e-02,9.976138374405020459e-26,1.512178517850232828e-01
9.007205764611690701e-02,8.081461888203763428e-26,1.512178517850232828e-01
9.087269815852683230e-02,6.544106683148138553e-26,1.512178517850232828e-01
9.167333867093675759e-02,5.297168514656906982e-26,1.512178517850232828e-01
9.247397918334668288e-02,4.286177817577004202e-26,1.512178517850232828e-01
9.327461969575662204e-02,3.466806137263910693e-26,1.512178517850232828e-01
9.407526020816654733e-02,2.802992309916433072e-26,1.512178517850232828e-01
9.487590072057647261e-02,2.265412189942214570e-26,1.512178517850232828e-01
9.567654123298639790e-02,1.830229441588619379e-26,1.512178517850232828e-01
9.647718174539632319e-02,1.478076182564694768e-26,1.512178517850232828e-01
9.727782225780626235e-02,1.193221522201654826e-26,1.512178517850232828e-01
9.807846277021618764e-02,9.628936331767164454e-27,1.512178517850232828e-01
9.887910328262611293e-02,7.767272285191215680e-27,1.512178517850232828e-01
9.967974379503603821e-02,6.263134272381207089e-27,1.512178517850232828e-01
1.004803843074459635e-01,5.048331823639666981e-27,1.512178517850232828e-01
1.012810248198559027e-01,4.067588790516523763e-27,1.512178517850232828e-01
1.020816653322658280e-01,3.276115230977548136e-27,1.512178517850232828e-01
1.028823058446757532e-01,2.637632431684208833e-27,1.512178517850232828e-01
1.036829463570856785e-01,2.122767148325062470e-27,1.512178517850232828e-01
1.044835868694956038e-01,1.707746564222649711e-27,1.512178517850232828e-01
1.052842273819055430e-01,1.373338076530709260e-27,1.512178517850232828e-01
1.060848678943154683e-01,1.103988326118351009e-27,1.512178517850232828e-01
1.068855084067253935e-01,8.871243086004603976e-28,1.512178517850232828e-01
1.076861489191353188e-01,7.125862819598104637e-28,1.512178517850232828e-01
1.084867894315452441e-01,5.721678013436899914e-28,1.512178517850232828e-01
1.092874299439551833e-01,4.592427938734114021e-28,1.512178517850232828e-01
1.100880704563651086e-01,3.684633241254927876e-28,1.512178517850232828e-01
1.108887109687750339e-01,2.955147486807120030e-28,1.512178517850232828e-01
1.116893514811849591e-01,2.369174421671869964e-28,1.512178517850232828e-01
1.124899919935948844e-01,1.898663009707048556e-28,1.512178517850232828e-01
1.132906325060048236e-01,1.521008788572383003e-28,1.512178517850232828e-01
1.140912730184147489e-01,1.218003503322328716e-28,1.512178517850232828e-01
1.148919135308246742e-01,9.749858919544466257e-29,1.512178517850232828e-01
1.156925540432345995e-01,7.801553763601943336e-29,1.512178517850232828e-01
1.164931945556445247e-01,6.240176308051466848e-29,1.512178517850232828e-01
1.172938350680544639e-01,4.989368665900674156e-29,1.512178517850232828e-01
1.180944755804643892e-01,3.987744372427790521e-29,1.512178517850232828e-01
1.188951160928743145e-01,3.185972384005667963e-29,1.512178517850232828e-01
1.196957566052842398e-01,2.544425175238764867e-29,1.512178517850232828e-01
1.204963971176941651e-01,2.031282569498377720e-29,1.512178517850232828e-01
1.212970376301040903e-01,1.621003606036564035e-29,1.512178517850232828e-01
1.220976781425140295e-01,1.293095503198212110e-29,1.512178517850232828e-01
1.228983186549239548e-01,1.031122355612715599e-29,1.512178517850232828e-01
1.236989591673338801e-01,8.219071997534057256e-30,1.512178517850232828e-01
1.244995996797438054e-01,6.548899839819190577e-30,1.512178517850232828e-01
1.253002401921537168e-01,5.216111854118622247e-30,1.512178517850232828e-01
1.261008807045636559e-01,4.152966503224354320e-30,1.512178517850232828e-01
1.269015212169735674e-01,3.305239543654303898e-30,1.512178517850232828e-01
1.277021617293835065e-01,2.629543877740552000e-30,1.512178517850232828e-01
1.285028022417934457e-01,2.091177404587617051e-30,1.512178517850232828e-01
1.293034427542033571e-01,1.662395429944769895e-30,1.512178517850232828e-01
1.301040832666132963e-01,1.321024371453342166e-30,1.512178517850232828e-01
1.309047237790232077e-01,1.049349896051927945e-30,1.512178517850232828e-01
1.317053642914331468e-01,8.332257480633163988e-31,1.512178517850232828e-01
1.325060048038430860e-01,6.613598096421928791e-31,1.512178517850232828e-01
1.333066453162529974e-01,5.247420754877685217e-31,1.512178517850232828e-01
1.341072858286629366e-01,4.161860825042958435e-31,1.512178517850232828e-01
1.349079263410728480e-01,3.299614173353283409e-31,1.512178517850232828e-01
1.357085668534827871e-01,2.614999875054970048e-31,1.512178517850232828e-01
1.365092073658927263e-01,2.071621585212795634e-31,1.512178517850232828e-01
1.373098478783026377e-01,1.640505963330419143e-31,1.512178517850232828e-01
1.381104883907125769e-01,1.298608426010752475e-31,1.512178517850232828e-01
1.389111289031224883e-01,1.027598503644772049e-31,1.512178517850232828e-01
1.397117694155324275e-01,8.128729219546118497e-32,1.512178517850232828e-01
1.405124099279423666e-01,6.427776755249567684e-32,1.512178517850232828e-01
1.413130504403522780e-01,5.080264188027044239e-32,1.512178517850232828e-01
1.421136909527622172e-01,4.012751210391393434e-32,1.512178517850232828e-01
1.429143314651721286e-01,3.167781200096338419e-32,1.512178517850232828e-01
1.437149719775820678e-01,2.500502676172113769e-32,1.512178517850232828e-01
1.445156124899920069e-01,1.975130722995335434e-32,1.512178517850232828e-01
1.453162530024019183e-01,1.561805485313574101e-32,1.512178517850232828e-01
1.461168935148118575e-01,1.234810465135952231e-32,1.512178517850232828e-01
1.469175340272217689e-01,9.727031096732095569e-33,1.512178517850232828e-01
1.477181745396317081e-01,7.598521788125661173e-33,1.512178517850232828e-01
1.485188150520416472e-01,5.879114939638362314e-33,1.512178517850232828e-01
1.493194555644515586e-01,4.556638519840488565e-33,1.512178517850232828e-01
1.501200960768614978e-01,3.666325266393654590e-33,1.512178517850232828e-01
1.509207365892714092e-01,3.252948960472505920e-33,1.512178517850232828e-01
1.517213771016813484e-01,3.336904916223602851e-33,1.512178517850232828e-01
1.525220176140912876e-01,3.900660996670105607e-33,1.512178517850232828e-01
1.533226581265011990e-01,4.900767785943285015e-33,1.512178517850232828e-01
1.541232986389111381e-01,6.297247361965842582e-33,1.512178517850232828e-01
1.549239391513210495e-01,8.084925690767992274e-33,1.512178517850232828e-01
1.557245796637309887e-01,1.031354691942260016e-32,1.512178517850232828e-01
1.565252201761409279e-01,1.309240544218398356e-32,1.512178517850232828e-01
1.573258606885508393e-01,1.658445595701119500e-32,1.512178517850232828e-01
1.581265012009607784e-01,2.099929517384128386e-32,1.512178517850232828e-01
1.589271417133706898e-01,2.659296228052256036e-32,1.512178517850232828e-01
1.597277822257806290e-01,3.367775507781726047e-32,1.512178517850232828e-01
1.605284227381905682e-01,4.264089744164508972e-32,1.512178517850232828e-01
1.613290632506004796e-01,5.396921722211295513e-32,1.512178517850232828e-01
1.621297037630104187e-01,6.827801250741998479e-32,1.512178517850232828e-01
1.629303442754203302e-01,8.634451821946146678e-32,1.512178517850232828e-01
1.637309847878302693e-01,1.091482866796189359e-31,1.512178517850232828e-01
1.645316253002402085e-01,1.379216927322606546e-31,1.512178517850232828e-01
1.653322658126501199e-01,1.742139195614450849e-31,1.512178517850232828e-01
1.661329063250600591e-01,2.199718253044701920e-31,1.512178517850232828e-01
1.669335468374699705e-01,2.776415347292182047e-31,1.512178517850232828e-01
1.677341873498799096e-01,3.502955869478790820e-31,1.512178517850232828e-01
1.685348278622898488e-01,4.417918941192659129e-31,1.512178517850232828e-01
1.693354683746997602e-01,5.569724958665339625e-31,1.512178517850232828e-01
1.701361088871096994e-01,7.019121134736777755e-31,1.512178517850232828e-01
1.709367493995196108e-01,8.842289265004170364e-31,1.512178517850232828e-01
1.717373899119295499e-01,1.113472986653303162e-30,1.512178517850232828e-01
1.725380304243394614e-01,1.401611434219766325e-30,1.512178517850232828e-01
1.733386709367494005e-01,1.763634374925530366e-30,1.512178517850232828e-01
1.741393114491593397e-01,2.218311115405144301e-30,1.512178517850232828e-01
1.749399519615692511e-01,2.789133701483915242e-30,1.512178517850232828e-01
1.757405924739791903e-01,3.505493686941480157e-30,1.512178517850232828e-01
1.765412329863891017e-01,4.404149199999677670e-30,1.512178517850232828e-01
1.773418734987990408e-01,5.531053188547358568e-30,1.512178517850232828e-01
1.781425140112089800e-01,6.943630849890152908e-30,1.512178517850232828e-01
1.789431545236188914e-01,8.713615470160880147e-30,1.512178517850232828e-01
1.797437950360288306e-01,1.093057817889757171e-29,1.512178517850232828e-01
1.805444355484387420e-01,1.370631965869598772e-29,1.512178517850232828e-01
1.813450760608486811e-01,1.718033211019414196e-29,1.512178517850232828e-01
1.821457165732586203e-01,2.152658957361490929e-29,1.512178517850232828e-01
1.829463570856685317e-01,2.696198628534438251e-29,1.512178517850232828e-01
1.837469975980784709e-01,3.375681885493466552e-29,1.512178517850232828e-01
1.845476381104883823e-01,4.224780207397311852e-29,1.512178517850232828e-01
1.853482786228983215e-01,5.285422428463267335e-29,1.512178517850232828e-01
1.861489191353082606e-01,6.609799157304946739e-29,1.512178517850232828e-01
1.869495596477181720e-01,8.262848691945391298e-29,1.512178517850232828e-01
1.877502001601281112e-01,1.032533885865160748e-28,1.512178517850232828e-01
1.885508406725380226e-01,1.289768609844750665e-28,1.512178517850232828e-01
1.893514811849479618e-01,1.610468627125225409e-28,1.512178517850232828e-01
1.901521216973579009e-01,2.010137247978706745e-28,1.512178517850232828e-01
1.909527622097678123e-01,2.508026549519218137e-28,1.512178517850232828e-01
1.917534027221777515e-01,3.128034425407250131e-28,1.512178517850232828e-01
1.925540432345876629e-01,3.899814004094706506e-28,1.512178517850232828e-01
1.933546837469976021e-01,4.860145161614934053e-28,1.512178517850232828e-01
1.941553242594075412e-01,6.054629367238804750e-28,1.512178517850232828e-01
1.949559647718174527e-01,7.539783247045114126e-28,1.512178517850232828e-01
1.957566052842273918e-01,9.385623627265184760e-28,1.512178517850232828e-01
1.965572457966373032e-01,1.167885815480618845e-27,1.512178517850232828e-01
1.973578863090472424e-01,1.452682177772284559e-27,1.512178517850232828e-01
1.981585268214571816e-01,1.806233149263385386e-27,1.512178517850232828e-01
1.989591673338670930e-01,2.244967115986889924e-27,1.512178517850232828e-01
1.997598078462770321e-01,2.789196647547171518e-27,1.512178517850232828e-01
2.005604483586869435e-01,3.464026935586986619e-27,1.512178517850232828e-01
2.013610888710968827e-01,4.300474345665006813e-27,1.512178517850232828e-01
2.021617293835068219e-01,5.336843126382799880e-27,1.512178517850232828e-01
2.029623698959167333e-01,6.620419176387632586e-27,1.512178517850232828e-01
2.037630104083266724e-01,8.209553050414595081e-27,1.512178517850232828e-01
2.045636509207365838e-01,1.017622062417858068e-26,1.512178517850232828e-01
2.053642914331465230e-01,1.260916968532718226e-26,1.512178517850232828e-01
2.061649319455564622e-01,1.561778496573328984e-26,1.512178517850232828e-01
2.069655724579663736e-01,1.933683374256784244e-26,1.512178517850232828e-01
2.077662129703763128e-01,2.393229028347322714e-26,1.512178517850232828e-01
2.085668534827862242e-01,2.960848151888034457e-26,1.512178517850232828e-01
2.093674939951961633e-01,3.661685012253254175e-26,1.512178517850232828e-01
2.101681345076061025e-01,4.526669677118206062e-26,1.512178517850232828e-01
2.109687750200160139e-01,5.593834328759274839e-26,1.512178517850232828e-01
2.117694155324259531e-01,6.909925574345994282e-26,1.512178517850232828e-01
2.125700560448358645e-01,8.532378516615286683e-26,1.512178517850232828e-01
2.133706965572458036e-01,1.053173278084078114e-25,1.512178517850232828e-01
2.141713370696557428e-01,1.299458825216771716e-25,1.512178517850232828e-01
2.149719775820656542e-01,1.602721963065590673e-25,1.512178517850232828e-01
2.157726180944755934e-01,1.975999486923198843e-25,1.512178517850232828e-01
2.165732586068855048e-01,2.435277410196263818e-25,1.512178517850232828e-01
2.173738991192954439e-01,3.000150398202328007e-25,1.512178517850232828e-01
2.181745396317053831e-01,3.694626886395617117e-25,1.512178517850232828e-01
2.189751801441152945e-01,4.548111671618385708e-25,1.512178517850232828e-01
2.197758206565252337e-01,5.596604613116138847e-25,1.512178517850232828e-01
2.205764611689351451e-01,6.884162384092279511e-25,1.512178517850232828e-01
2.213771016813450843e-01,8.464680279819219237e-25,1.512178517850232828e-01
2.221777421937550234e-01,1.040406328321050090e-24,1.512178517850232828e-01
2.229783827061649348e-01,1.278287035770369383e-24,1.512178517850232828e-01
2.237790232185748740e-01,1.569953381615601725e-24,1.512178517850232828e-01
2.245796637309847854e-01,1.927427724899920461e-24,1.512178517850232828e-01
2.253803042433947246e-01,2.365388166311333869e-24,1.512178517850232828e-01
2.261809447558046637e-01,2.901748112157985149e-24,1.512178517850232828e-01
2.269815852682145751e-01,3.558360741120657209e-24,1.512178517850232828e-01
2.277822257806245143e-01,4.361874945615105985e-24,1.512178517850232828e-01
2.285828662930344257e-01,5.344774897349328024e-24,1.512178517850232828e-01
2.293835068054443649e-01,6.546642119143602540e-24,1.512178517850232828e-01
2.301841473178543040e-01,8.015687067942409828e-24,1.512178517850232828e-01
2.309847878302642155e-01,9.810607030202854050e-24,1.512178517850232828e-01
2.317854283426741546e-01,1.200283894027769999e-23,1.512178517850232828e-01
2.325860688550840660e-01,1.467928996274635124e-23,1.512178517850232828e-01
2.333867093674940052e-01,1.794564581997655592e-23,1.512178517850232828e-01
2.341873498799039444e-01,2.193037748288066111e-23,1.512178517850232828e-01
2.349879903923138558e-01,2.678959167864803374e-23,1.512178517850232828e-01
2.357886309047237949e-01,3.271290054601498109e-23,1.512178517850232828e-01
2.365892714171337063e-01,3.993052169442531355e-23,1.512178517850232828e-01
2.373899119295436455e-01,4.872186310477881847e-23,1.512178517850232828e-01
2.381905524419535847e-01,5.942589918977153142e-23,1.512178517850232828e-01
2.389911929543634961e-01,7.245370663730777850e-23,1.512178517850232828e-01
2.397918334667734352e-01,8.830360345439355243e-23,1.512178517850232828e-01
2.405924739791833467e-01,1.075794243766237426e-22,1.512178517850232828e-01
2.413931144915932858e-01,1.310125734541561343e-22,1.512178517850232828e-01
2.421937550040031972e-01,1.594886236837219122e-22,1.512178517850232828e-01
2.429943955164131364e-01,1.940793882219371968e-22,1.512178517850232828e-01
2.437950360288230756e-01,2.360815729901567421e-22,1.512178517850232828e-01
2.445956765412329870e-01,2.870633423295835159e-22,1.512178517850232828e-01
2.453963170536429261e-01,3.489203948942752903e-22,1.512178517850232828e-01
2.461969575660528375e-01,4.239434646453621904e-22,1.512178517850232828e-01
2.469975980784627767e-01,5.148995417116552881e-22,1.512178517850232828e-01
2.477982385908727159e-01,6.251295620067778584e-22,1.512178517850232828e-01
2.485988791032826273e-01,7.586658571123767232e-22,1.512178517850232828e-01
2.493995196156925664e-01,9.203733040198838384e-22,1.512178517850232828e-01
2.502001601281024779e-01,1.116118888039663819e-21,1.512178517850232828e-01
2.510008006405124448e-01,1.352975315499684800e-21,1.512178517850232828e-01
2.518014411529223562e-01,1.639465414220475264e-21,1.512178517850232828e-01
2.526020816653322676e-01,1.985855372948093902e-21,1.512178517850232828e-01
2.534027221777421790e-01,2.404506436027978204e-21,1.512178517850232828e-01
2.542033626901521459e-01,2.910296534139596989e-21,1.512178517850232828e-01
2.550040032025620573e-01,3.521125552227848364e-21,1.512178517850232828e-01
2.558046437149719687e-01,4.258520578622279621e-21,1.512178517850232828e-01
2.566052842273819357e-01,5.148360623806778179e-21,1.512178517850232828e-01
2.574059247397918471e-01,6.221744036995841596e-21,1.512178517850232828e-01
2.582065652522017585e-01,7.516026294369517594e-21,1.512178517850232828e-01
2.590072057646117254e-01,9.076061115541912407e-21,1.512178517850232828e-01
2.598078462770216368e-01,1.095568413951374055e-20,1.512178517850232828e-01
2.606084867894315482e-01,1.321948584104450774e-20,1.512178517850232828e-01
2.614091273018414596e-01,1.594492920936157982e-20,1.512178517850232828e-01
2.622097678142514265e-01,1.922487819872587919e-20,1.512178517850232828e-01
2.630104083266613380e-01,2.317061539598127121e-20,1.512178517850232828e-01
2.638110488390712494e-01,2.791544208932392701e-20,1.512178517850232828e-01
2.646116893514812163e-01,3.361897138437425683e-20,1.512178517850232828e-01
2.654123298638911277e-01,4.047224569228293747e-20,1.512178517850232828e-01
2.662129703763010391e-01,4.870383439222712678e-20,1.512178517850232828e-01
2.670136108887110060e-01,5.858709643266324530e-20,1.512178517850232828e-01
2.678142514011209174e-01,7.044882688902170884e-20,1.512178517850232828e-01
2.686148919135308288e-01,8.467954698945855971e-20,1.512178517850232828e-01
2.694155324259407402e-01,1.017457449711942109e-19,1.512178517850232828e-01
2.702161729383507072e-01,1.222044316503002887e-19,1.512178517850232828e-01
2.710168134507606186e-01,1.467204413193246932e-19,1.512178517850232828e-01
2.718174539631705300e-01,1.760869873410355795e-19,1.512178517850232828e-01
2.726180944755804969e-01,2.112500747084722055e-19,1.512178517850232828e-01
2.734187349879904083e-01,2.533374813861040157e-19,1.512178517850232828e-01
2.742193755004003197e-01,3.036931493597409243e-19,1.512178517850232828e-01
2.750200160128102311e-01,3.639179784340138475e-19,1.512178517850232828e-01
2.758206565252201981e-01,4.359181949449429776e-19,1.512178517850232828e-01
2.766212970376301095e-01,5.219626784086751533e-19,1.512178517850232828e-01
2.774219375500400209e-01,6.247508772181448856e-19,1.512178517850232828e-01
2.782225780624499878e-01,7.474932362759660159e-19,1.512178517850232828e-01
2.790232185748598992e-01,8.940064024593685271e-19,1.512178517850232828e-01
2.798238590872698106e-01,1.068825876872208178e-18,1.512178517850232828e-01
2.806244995996797775e-01,1.277339256256712022e-18,1.512178517850232828e-01
2.814251401120896889e-01,1.525943761757459230e-18,1.512178517850232828e-01
2.822257806244996003e-01,1.822232405507724490e-18,1.512178517850232828e-01
2.830264211369095118e-01,2.175213910655853626e-18,1.512178517850232828e-01
2.838270616493194787e-01,2.595572397602503984e-18,1.512178517850232828e-01
2.846277021617293901e-01,3.095973900701347307e-18,1.512178517850232828e-01
2.854283426741393015e-01,3.691428011490024539e-18,1.512178517850232828e-01
2.862289831865492684e-01,4.399714386972863482e-18,1.512178517850232828e-01
2.870296236989591798e-01,5.241885549850200568e-18,1.512178517850232828e-01
2.878302642113690912e-01,6.242859382945064718e-18,1.512178517850232828e-01
2.886309047237790582e-01,7.432117030195085674e-18,1.512178517850232828e-01
2.894315452361889696e-01,8.844524617001035089e-18,1.512178517850232828e-01
2.902321857485988810e-01,1.052130035802137989e-17,1.512178517850232828e-01
2.910328262610087924e-01,1.251115230568414355e-17,1.512178517850232828e-01
2.918334667734187593e-01,1.487161629486387597e-17,1.512178517850232828e-01
2.926341072858286707e-01,1.767062865943032789e-17,1.512178517850232828e-01
2.934347477982385821e-01,2.098837415202718936e-17,1.512178517850232828e-01
2.942353883106485490e-01,2.491945632547051613e-17,1.512178517850232828e-01
2.950360288230584604e-01,2.957544559025569847e-17,1.512178517850232828e-01
2.958366693354683719e-01,3.508786943045793435e-17,1.512178517850232828e-01
2.966373098478783388e-01,4.161172005131299649e-17,1.512178517850232828e-01
2.974379503602882502e-01,4.932956729083743472e-17,1.512178517850232828e-01
2.982385908726981616e-01,5.845637923816889926e-17,1.512178517850232828e-01
2.990392313851080730e-01,6.924516999051695321e-17,1.512178517850232828e-01
2.998398718975180399e-01,8.199361372726456504e-17,1.512178517850232828e-01
3.006405124099279513e-01,9.705178722129289604e-17,1.512178517850232828e-01
3.014411529223378627e-01,1.148312295492278785e-16,1.512178517850232828e-01
3.022417934347478297e-01,1.358155386869960418e-16,1.512178517850232828e-01
3.030424339471577411e-01,1.605727605575968252e-16,1.512178517850232828e-01
3.038430744595676525e-01,1.897698677102626153e-16,1.512178517850232828e-01
3.046437149719776194e-01,2.241896730480665967e-16,1.512178517850232828e-01
3.054443554843875308e-01,2.647505799150261780e-16,1.512178517850232828e-01
3.062449959967974422e-01,3.125296345902852577e-16,1.512178517850232828e-01
3.070456365092073536e-01,3.687894221813744741e-16,1.512178517850232828e-01
3.078462770216173205e-01,4.350094336319164424e-16,1.512178517850232828e-01
3.086469175340272320e-01,5.129226318686202647e-16,1.512178517850232828e-01
3.094475580464371434e-01,6.045580610839774781e-16,1.512178517850232828e-01
3.102481985588471103e-01,7.122904771710287288e-16,1.512178517850232828e-01
3.110488390712570217e-01,8.388981321342474270e-16,1.512178517850232828e-01
3.118494795836669331e-01,9.876300240409814350e-16,1.512178517850232828e-01
3.126501200960769000e-01,1.162284130357760915e-15,1.512178517850232828e-01
3.134507606084868114e-01,1.367298380473802134e-15,1.512178517850232828e-01
3.142514011208967228e-01,1.607856397588262804e-15,1.512178517850232828e-01
3.150520416333066342e-01,1.890010356365424800e-15,1.512178517850232828e-01
3.158526821457166012e-01,2.220823667056518368e-15,1.512178517850232828e-01
3.166533226581265126e-01,2.608536616272529867e-15,1.512178517850232828e-01
3.174539631705364240e-01,3.062758577410517490e-15,1.512178517850232828e-01
3.182546036829463909e-01,3.594690959197720440e-15,1.512178517850232828e-01
3.190552441953563023e-01,4.217385699566170352e-15,1.512178517850232828e-01
3.198558847077662137e-01,4.946044846265012729e-15,1.512178517850232828e-01
3.206565252201761806e-01,5.798367609133388988e-15,1.512178517850232828e-01
3.214571657325860921e-01,6.794952237639037222e-15,1.512178517850232828e-01
3.222578062449960035e-01,7.959761189204443612e-15,1.512178517850232828e-01
3.230584467574059149e-01,9.320659329598415762e-15,1.512178517850232828e-01
3.238590872698158818e-01,1.091003636973372547e-14,1.512178517850232828e-01
3.246597277822257932e-01,1.276552642034200082e-14,1.512178517850232828e-01
3.254603682946357046e-01,1.493083946760795084e-14,1.512178517850232828e-01
3.262610088070456715e-01,1.745672177361630944e-14,1.512178517850232828e-01
3.270616493194555829e-01,2.040206472476970624e-14,1.512178517850232828e-01
3.278622898318654943e-01,2.383518453398515813e-14,1.512178517850232828e-01
3.286629303442754613e-01,2.783529849934459423e-14,1.512178517850232828e-01
3.294635708566853727e-01,3.249422729079357195e-14,1.512178517850232828e-01
3.302642113690952841e-01,3.791835704303663807e-14,1.512178517850232828e-01
3.310648518815051955e-01,4.423089995143737571e-14,1.512178517850232828e-01
3.318654923939151624e-01,5.157449768289226011e-14,1.512178517850232828e-01
3.326661329063250738e-01,6.011421832100740057e-14,1.512178517850232828e-01
3.334667734187349852e-01,7.004100487289416135e-14,1.512178517850232828e-01
3.342674139311449522e-01,8.157564169622777137e-14,1.512178517850232828e-01
3.350680544435548636e-01,9.497331469883946351e-14,1.512178517850232828e-01
3.358686949559647750e-01,1.105288519761888980e-13,1.512178517850232828e-01
3.366693354683747419e-01,1.285827438622780925e-13,1.512178517850232828e-01
3.374699759807846533e-01,1.495280553777322217e-13,1.512178517850232828e-01
3.382706164931945647e-01,1.738183599916354773e-13,1.512178517850232828e-01
3.390712570056044761e-01,2.019768417275386406e-13,1.512178517850232828e-01
3.398718975180144430e-01,2.346067332275406786e-13,1.512178517850232828e-01
3.406725380304243544e-01,2.724032807674016628e-13,1.512178517850232828e-01
3.414731785428342659e-01,3.161674537578443613e-13,1.512178517850232828e-01
3.422738190552442328e-01,3.668216463862037467e-13,1.512178517850232828e-01
3.430744595676541442e-01,4.254276532142523479e-13,1.512178517850232828e-01
3.438751000800640556e-01,4.932072392775406527e-13,1.512178517850232828e-01
3.446757405924739670e-01,5.715656691182536808e-13,1.512178517850232828e-01
3.454763811048839339e-01,6.621186088917878997e-13,1.512178517850232828e-01
3.462770216172938453e-01,7.667228719616593167e-13,1.512178517850232828e-01
3.470776621297037567e-01,8.875115420766898607e-13,1.512178517850232828e-01
3.478783026421137237e-01,1.026934080247654887e-12,1.512178517850232828e-01
3.486789431545236351e-01,1.187802102863663786e-12,1.512178517850232828e-01
3.494795836669335465e-01,1.373341610594675897e-12,1.512178517850232828e-01
3.502802241793435134e-01,1.587252551541107744e-12,1.512178517850232828e-01
3.510808646917534248e-01,1.833776719401878717e-12,1.512178517850232828e-01
3.518815052041633362e-01,2.117775119799989161e-12,1.512178517850232828e-01
3.526821457165732476e-01,2.444816087195150663e-12,1.512178517850232828e-01
3.534827862289832145e-01,2.821275603103711062e-12,1.512178517850232828e-01
3.542834267413931260e-01,3.254451455972479253e-12,1.512178517850232828e-01
3.550840672538030374e-01,3.752693096609391121e-12,1.512178517850232828e-01
3.558847077662130043e-01,4.325549283472944166e-12,1.512178517850232828e-01
3.566853482786229157e-01,4.983935882600897125e-12,1.512178517850232828e-01
3.574859887910328271e-01,5.740326491140429983e-12,1.512178517850232828e-01
3.582866293034427940e-01,6.608968895354865115e-12,1.512178517850232828e-01
3.590872698158527054e-01,7.606130758133887544e-12,1.512178517850232828e-01
3.598879103282626168e-01,8.750378362413172273e-12,1.512178517850232828e-01
3.606885508406725283e-01,1.006289272110968123e-11,1.512178517850232828e-01
3.614891913530824952e-01,1.156782790739289925e-11,1.512178517850232828e-01
3.622898318654924066e-01,1.329271706823105408e-11,1.512178517850232828e-01
3.630904723779023180e-01,1.526893226685628181e-11,1.512178517850232828e-01
3.638911128903122849e-01,1.753220506458070099e-11,1.512178517850232828e-01
3.646917534027221963e-01,2.012321560872981442e-11,1.512178517850232828e-01
3.654923939151321077e-01,2.308825895182271450e-11,1.512178517850232828e-01
3.662930344275420746e-01,2.647999839914552015e-11,1.512178517850232828e-01
3.670936749399519861e-01,3.035831688044647790e-11,1.512178517850232828e-01
3.678943154523618975e-01,3.479127868087685895e-11,1.512178517850232828e-01
3.686949559647718089e-01,3.985621536234212254e-11,1.512178517850232828e-01
3.694955964771817758e-01,4.564095137658893085e-11,1.512178517850232828e-01
3.702962369895916872e-01,5.224518673499640660e-11,1.512178517850232828e-01
3.710968775020015986e-01,5.978205617849724980e-11,1.512178517850232828e-01
3.718975180144115655e-01,6.837988660800664931e-11,1.512178517850232828e-01
3.726981585268214769e-01,7.818417711718804342e-11,1.512178517850232828e-01
3.734987990392313884e-01,8.935982884414778629e-11,1.512178517850232828e-01
3.742994395516413553e-01,1.020936550583550102e-10,1.512178517850232828e-01
3.751000800640512667e-01,1.165972054588320957e-10,1.512178517850232828e-01
3.759007205764611781e-01,1.331099426177327156e-10,1.512178517850232828e-01
3.767013610888710895e-01,1.519028129024369180e-10,1.512178517850232828e-01
3.775020016012810564e-01,1.732822590956097360e-10,1.512178517850232828e-01
3.783026421136909678e-01,1.975947273578176094e-10,1.512178517850232828e-01
3.791032826261008792e-01,2.252317271972657763e-10,1.512178517850232828e-01
3.799039231385108462e-01,2.566355097881896101e-10,1.512178517850232828e-01
3.807045636509207576e-01,2.923054373809813659e-10,1.512178517850232828e-01
3.815052041633306690e-01,3.328051247479514070e-10,1.512178517850232828e-01
3.823058446757406359e-01,3.787704426901293585e-10,1.512178517850232828e-01
3.831064851881505473e-01,4.309184836821710237e-10,1.512178517850232828e-01
3.839071257005604587e-01,4.900576008522076045e-10,1.512178517850232828e-01
3.847077662129703701e-01,5.570986437881895343e-10,1.512178517850232828e-01
3.855084067253803370e-01,6.330675282494185672e-10,1.512178517850232828e-01
3.863090472377902485e-01,7.191192918691966104e-10,1.512178517850232828e-01
3.871096877502001599e-01,8.165538045015554706e-10,1.512178517850232828e-01
3.879103282626101268e-01,9.268333201447613605e-10,1.512178517850232828e-01
3.887109687750200382e-01,1.051602077532327633e-09,1.512178517850232828e-01
3.895116092874299496e-01,1.192708178701796968e-09,1.512178517850232828e-01
3.903122497998399165e-01,1.352227999326280598e-09,1.512178517850232828e-01
3.911128903122498279e-01,1.532493411544198180e-09,1.512178517850232828e-01
3.919135308246597393e-01,1.736122129676986978e-09,1.512178517850232828e-01
3.927141713370696507e-01,1.966051521841883895e-09,1.512178517850232828e-01
3.935148118494796177e-01,2.225576266320416717e-09,1.512178517850232828e-01
3.943154523618895291e-01,2.518390270934192337e-09,1.512178517850232828e-01
3.951160928742994405e-01,2.848633316933175166e-09,1.512178517850232828e-01
3.959167333867094074e-01,3.220942936371888341e-09,1.512178517850232828e-01
3.967173738991193188e-01,3.640512084015098334e-09,1.512178517850232828e-01
3.975180144115292302e-01,4.113153221896143513e-09,1.512178517850232828e-01
3.983186549239391971e-01,4.645369497188451047e-09,1.512178517850232828e-01
3.991192954363491086e-01,5.244433762536050200e-09,1.512178517850232828e-01
3.999199359487590200e-01,5.918476262939648424e-09,1.512178517850232828e-01
4.007205764611689314e-01,6.676581895282719559e-09,1.512178517850232828e-01
4.015212169735788983e-01,7.528898036202922401e-09,1.512178517850232828e-01
4.023218574859888097e-01,8.486754031946910858e-09,1.512178517850232828e-01
4.031224979983987211e-01,9.562793550777945700e-09,1.512178517850232828e-01
4.039231385108086880e-01,1.077112111520899093e-08,1.512178517850232828e-01
4.047237790232185994e-01,1.212746425862989915e-08,1.512178517850232828e-01
4.055244195356285108e-01,1.364935288966310140e-08,1.512178517850232828e-01
4.063250600480384778e-01,1.535631759876547329e-08,1.512178517850232828e-01
4.071257005604483892e-01,1.727010880620708397e-08,1.512178517850232828e-01
4.079263410728583006e-01,1.941493882970313844e-08,1.512178517850232828e-01
4.087269815852682120e-01,2.181774914479980252e-08,1.512178517850232828e-01
4.095276220976781789e-01,2.450850532288740009e-08,1.512178517850232828e-01
4.103282626100880903e-01,2.752052236176001139e-08,1.512178517850232828e-01
4.111289031224980017e-01,3.089082337339169255e-08,1.512178517850232828e-01
4.119295436349079687e-01,3.466053486457613663e-08,1.512178517850232828e-01
4.127301841473178801e-01,3.887532213993162871e-08,1.512178517850232828e-01
4.135308246597277915e-01,4.358586867519186759e-08,1.512178517850232828e-01
4.143314651721377029e-01,4.884840365359528646e-08,1.512178517850232828e-01
4.151321056845476698e-01,5.472528223145749603e-08,1.512178517850232828e-01
4.159327461969575812e-01,6.128562350282531256e-08,1.512178517850232828e-01
4.167333867093674926e-01,6.860601156959584112e-08,1.512178517850232828e-01
4.175340272217774595e-01,7.677126559509559816e-08,1.512178517850232828e-01
4.183346677341873709e-01,8.587528522826543447e-08,1.512178517850232828e-01
4.191353082465972824e-01,9.602197833502048044e-08,1.512178517850232828e-01
4.199359487590072493e-01,1.073262785657487575e-07,1.512178517850232828e-01
4.207365892714171607e-01,1.199152609263141084e-07,1.512178517850232828e-01
4.215372297838270721e-01,1.339293642074445408e-07,1.512178517850232828e-01
4.223378702962369835e-01,1.495237298673278359e-07,1.512178517850232828e-01
4.231385108086469504e-01,1.668696677579767182e-07,1.512178517850232828e-01
4.239391513210568618e-01,1.861562599412550685e-07,1.512178517850232828e-01
4.247397918334667732e-01,2.075921147591191729e-07,1.512178517850232828e-01
4.255404323458767402e-01,2.314072843087579088e-07,1.512178517850232828e-01
4.263410728582866516e-01,2.578553595308803949e-07,1.512178517850232828e-01
4.271417133706965630e-01,2.872157582532558282e-07,1.512178517850232828e-01
4.279423538831065299e-01,3.197962227458975823e-07,1.512178517850232828e-01
4.287429943955164413e-01,3.559355446442028400e-07,1.512178517850232828e-01
4.295436349079263527e-01,3.960065364867986671e-07,1.512178517850232828e-01
4.303442754203362641e-01,4.404192706010985933e-07,1.512178517850232828e-01
4.311449159327462310e-01,4.896246076567564676e-07,1.512178517850232828e-01
4.319455564451561425e-01,5.441180389019623005e-07,1.512178517850232828e-01
4.327461969575660539e-01,6.044438679041108744e-07,1.512178517850232828e-01
4.335468374699760208e-01,6.711997595427850662e-07,1.512178517850232828e-01
4.343474779823859322e-01,7.450416860535833914e-07,1.512178517850232828e-01
4.351481184947958436e-01,8.266893021041215338e-07,1.512178517850232828e-01
4.359487590072058105e-01,9.169317832045070541e-07,1.512178517850232828e-01
4.367493995196157219e-01,1.016634164219972110e-06,1.512178517850232828e-01
4.375500400320256333e-01,1.126744217371602394e-06,1.512178517850232828e-01
4.383506805444355447e-01,1.248299911887795318e-06,1.512178517850232828e-01
4.391513210568455117e-01,1.382437500413070619e-06,1.512178517850232828e-01
4.399519615692554231e-01,1.530400280397286142e-06,1.512178517850232828e-01
4.407526020816653345e-01,1.693548081987966307e-06,1.512178517850232828e-01
4.415532425940753014e-01,1.873367537435282196e-06,1.512178517850232828e-01
4.423538831064852128e-01,2.071483190704071781e-06,1.512178517850232828e-01
4.431545236188951242e-01,2.289669509874782283e-06,1.512178517850232828e-01
4.439551641313050911e-01,2.529863869016255650e-06,1.512178517850232828e-01
4.447558046437150026e-01,2.794180570532539249e-06,1.512178517850232828e-01
4.455564451561249140e-01,3.084925983533052462e-06,1.512178517850232828e-01
4.463570856685348254e-01,3.404614878556185925e-06,1.512178517850232828e-01
4.471577261809447923e-01,3.755988043999037721e-06,1.512178517850232828e-01
4.479583666933547037e-01,4.142031274878297835e-06,1.512178517850232828e-01
4.487590072057646151e-01,4.565995830073160252e-06,1.512178517850232828e-01
4.495596477181745820e-01,5.031420459990129432e-06,1.512178517850232828e-01
4.503602882305844934e-01,5.542155112647268559e-06,1.512178517850232828e-01
4.511609287429944048e-01,6.102386432503435011e-06,1.512178517850232828e-01
4.519615692554043718e-01,6.716665172967668095e-06,1.512178517850232828e-01
4.527622097678142832e-01,7.389935650417595403e-06,1.512178517850232828e-01
4.535628502802241946e-01,8.127567374727006190e-06,1.512178517850232828e-01
4.543634907926341060e-01,8.935388998777473054e-06,1.512178517850232828e-01
4.551641313050440729e-01,9.819724737187181184e-06,1.512178517850232828e-01
4.559647718174539843e-01,1.078743341253407621e-05,1.512178517850232828e-01
4.567654123298638957e-01,1.184595029570869846e-05,1.512178517850232828e-01
4.575660528422738627e-01,1.300333191565810428e-05,1.512178517850232828e-01
4.583666933546837741e-01,1.426830402270986932e-05,1.512178517850232828e-01
4.591673338670936855e-01,1.565031289888009930e-05,1.512178517850232828e-01
4.599679743795036524e-01,1.715958021806149631e-05,1.512178517850232828e-01
4.607686148919135638e-01,1.880716166874642532e-05,1.512178517850232828e-01
4.615692554043234752e-01,2.060500956197379855e-05,1.512178517850232828e-01
4.623698959167333866e-01,2.256603965746802783e-05,1.512178517850232828e-01
4.631705364291433535e-01,2.470420245146957245e-05,1.512178517850232828e-01
4.639711769415532649e-01,2.703455918049365594e-05,1.512178517850232828e-01
4.647718174539631764e-01,2.957336280621991476e-05,1.512178517850232828e-01
4.655724579663731433e-01,3.233814425787183021e-05,1.512178517850232828e-01
4.663730984787830547e-01,3.534780421973384302e-05,1.512178517850232828e-01
4.671737389911929661e-01,3.862271076293278003e-05,1.512178517850232828e-01
4.679743795036029330e-01,4.218480313216897254e-05,1.512178517850232828e-01
4.687750200160128444e-01,4.605770200972997248e-05,1.512178517850232828e-01
4.695756605284227558e-01,5.026682659081401443e-05,1.512178517850232828e-01
4.703763010408326672e-01,5.483951881591853865e-05,1.512178517850232828e-01
4.711769415532426342e-01,5.980517511768148529e-05,1.512178517850232828e-01
4.719775820656525456e-01,6.519538605120511114e-05,1.512178517850232828e-01
4.727782225780624570e-01,7.104408418832592676e-05,1.512178517850232828e-01
4.735788630904724239e-01,7.738770066761761768e-05,1.512178517850232828e-01
4.743795036028823353e-01,8.426533080293827191e-05,1.512178517850232828e-01
4.751801441152922467e-01,9.171890916410468323e-05,1.512178517850232828e-01
4.759807846277022136e-01,9.979339455367775924e-05,1.512178517850232828e-01
4.767814251401121250e-01,1.085369653137834082e-04,1.512178517850232828e-01
4.775820656525220365e-01,1.180012254063574491e-04,1.512178517850232828e-01
4.783827061649319479e-01,1.282414217190759956e-04,1.512178517850232828e-01
4.791833466773419148e-01,1.393166730574086677e-04,1.512178517850232828e-01
4.799839871897518262e-01,1.512902112906883655e-04,1.512178517850232828e-01
4.807846277021617376e-01,1.642296351266304359e-04,1.512178517850232828e-01
4.815852682145717045e-01,1.782071769944318027e-04,1.512178517850232828e-01
4.823859087269816159e-01,1.932999835211230441e-04,1.512178517850232828e-01
4.831865492393915273e-01,2.095904100891979554e-04,1.512178517850232828e-01
4.839871897518014388e-01,2.271663299658758302e-04,1.512178517850232828e-01
4.847878302642114057e-01,2.461214584948962078e-04,1.512178517850232828e-01
4.855884707766213171e-01,2.665556928411176737e-04,1.512178517850232828e-01
4.863891112890312285e-01,2.885754677758230755e-04,1.512178517850232828e-01
4.871897518014411954e-01,3.122941279863673423e-04,1.512178517850232828e-01
4.879903923138511068e-01,3.378323173879221918e-04,1.512178517850232828e-01
4.887910328262610182e-01,3.653183859068814842e-04,1.512178517850232828e-01
4.895916733386709851e-01,3.948888141952995373e-04,1.512178517850232828e-01
4.903923138510808966e-01,4.266886567231553402e-04,1.512178517850232828e-01
4.911929543634908080e-01,4.608720036802518784e-04,1.512178517850232828e-01
4.919935948759007194e-01,4.976024621019674602e-04,1.512178517850232828e-01
4.927942353883106863e-01,5.370536566125762778e-04,1.512178517850232828e-01
4.935948759007205977e-01,5.794097501569956798e-04,1.512178517850232828e-01
4.943955164131305091e-01,6.248659850648649117e-04,1.512178517850232828e-01
4.951961569255404760e-01,6.736292447619484725e-04,1.512178517850232828e-01
4.959967974379503874e-01,7.259186364106640608e-04,1.512178517850232828e-01
4.967974379503602989e-01,7.819660947254858515e-04,1.512178517850232828e-01
4.975980784627702658e-01,8.420170071685973388e-04,1.512178517850232828e-01
4.983987189751801772e-01,9.063308606879257739e-04,1.512178517850232828e-01
4.991993594875900886e-01,9.751819101114902804e-04,1.512178517850232828e-01
5.000000000000000000e-01,1.048859868260837869e-03,1.512178517850232828e-01
5.008006405124099114e-01,1.127670617789952763e-03,1.512178517850232828e-01
5.016012810248199338e-01,1.211936944696201737e-03,1.512178517850232828e-01
5.024019215372298452e-01,1.301999293385397872e-03,1.512178517850232828e-01
5.032025620496397567e-01,1.398216543103675833e-03,1.512178517850232828e-01
5.040032025620496681e-01,1.500966805475472407e-03,1.512178517850232828e-01
5.048038430744595795e-01,1.610648242808398068e-03,1.512178517850232828e-01
5.056044835868694909e-01,1.727679906742881060e-03,1.512178517850232828e-01
5.064051240992794023e-01,1.852502596736963674e-03,1.512178517850232828e-01
5.072057646116894247e-01,1.985579737783036390e-03,1.512178517850232828e-01
5.080064051240993361e-01,2.127398276656530980e-03,1.512178517850232828e-01
5.088070456365092475e-01,2.278469595894362480e-03,1.512178517850232828e-01
5.096076861489191590e-01,2.439330444592901093e-03,1.512178517850232828e-01
5.104083266613290704e-01,2.610543885003520012e-03,1.512178517850232828e-01
5.112089671737389818e-01,2.792700253787925094e-03,1.512178517850232828e-01
5.120096076861488932e-01,2.986418136672790071e-03,1.512178517850232828e-01
5.128102481985589156e-01,3.192345355117592095e-03,1.512178517850232828e-01
5.136108887109688270e-01,3.411159963479414286e-03,1.512178517850232828e-01
5.144115292233787384e-01,3.643571255024256449e-03,1.512178517850232828e-01
5.152121697357886498e-01,3.890320774993734614e-03,1.512178517850232828e-01
5.160128102481985612e-01,4.152183338796183211e-03,1.512178517850232828e-01
5.168134507606084727e-01,4.429968053241722069e-03,1.512178517850232828e-01
5.176140912730184951e-01,4.724519338594066788e-03,1.512178517850232828e-01
5.184147317854284065e-01,5.036717949057815426e-03,1.512178517850232828e-01
5.192153722978383179e-01,5.367481989163936859e-03,1.512178517850232828e-01
5.200160128102482293e-01,5.717767923360554151e-03,1.512178517850232828e-01
5.208166533226581407e-01,6.088571575953461226e-03,1.512178517850232828e-01
5.216172938350680521e-01,6.480929118382521524e-03,1.512178517850232828e-01
5.224179343474779635e-01,6.895918040655383587e-03,1.512178517850232828e-01
5.232185748598879860e-01,7.334658103601171021e-03,1.512178517850232828e-01
5.240192153722978974e-01,7.798312268438914278e-03,1.512178517850232828e-01
5.248198558847078088e-01,8.288087599998411603e-03,1.512178517850232828e-01
5.256204963971177202e-01,8.805236139765575121e-03,1.512178517850232828e-01
5.264211369095276316e-01,9.351055744772178435e-03,1.512178517850232828e-01
5.272217774219375430e-01,9.926890888187394138e-03,1.512178517850232828e-01
5.280224179343474544e-01,1.053413341731790701e-02,1.512178517850232828e-01
5.288230584467574769e-01,1.117422326457689040e-02,1.512178517850232828e-01
5.296236989591673883e-01,1.184864910683487704e-02,1.512178517850232828e-01
5.304243394715772997e-01,1.255894896842830490e-02,1.512178517850232828e-01
5.312249799839872111e-01,1.330671076297060100e-02,1.512178517850232828e-01
5.320256204963971225e-01,1.409357276898579904e-02,1.512178517850232828e-01
5.328262610088070339e-01,1.492122403426849285e-02,1.512178517850232828e-01
5.336269015212170563e-01,1.579140470376776476e-02,1.512178517850232828e-01
5.344275420336269677e-01,1.670590626569319614e-02,1.512178517850232828e-01
5.352281825460368792e-01,1.766657171045979760e-02,1.512178517850232828e-01
5.360288230584467906e-01,1.867529559701115033e-02,1.512178517850232828e-01
5.368294635708567020e-01,1.973402402099917741e-02,1.512178517850232828e-01
5.376301040832666134e-01,2.084475447925928163e-02,1.512178517850232828e-01
5.384307445956765248e-01,2.200953562497147409e-02,1.512178517850232828e-01
5.392313851080865472e-01,2.323046690790530819e-02,1.512178517850232828e-01
5.400320256204964586e-01,2.450969809412468017e-02,1.512178517850232828e-01
5.408326661329063700e-01,2.584942865956050412e-02,1.512178517850232828e-01
5.416333066453162814e-01,2.725190705189470958e-02,1.512178517850232828e-01
5.424339471577261929e-01,2.871942981524973001e-02,1.512178517850232828e-01
5.432345876701361043e-01,3.025434057226289442e-02,1.512178517850232828e-01
5.440352281825460157e-01,3.185902885822172736e-02,1.512178517850232828e-01
5.448358686949560381e-01,3.353592880205410326e-02,1.512178517850232828e-01
5.456365092073659495e-01,3.528751764911431527e-02,1.512178517850232828e-01
5.464371497197758609e-01,3.711631412087287168e-02,1.512178517850232828e-01
5.472377902321857723e-01,3.902487660680508536e-02,1.512178517850232828e-01
5.480384307445956837e-01,4.101580118400311586e-02,1.512178517850232828e-01
5.488390712570055952e-01,4.309171946025956018e-02,1.512178517850232828e-01
5.496397117694155066e-01,4.525529623666588869e-02,1.512178517850232828e-01
5.504403522818255290e-01,4.750922698602855210e-02,1.512178517850232828e-01
5.512409927942354404e-01,4.985623514376028020e-02,1.512178517850232828e-01
5.520416333066453518e-01,5.229906920822709193e-02,1.512178517850232828e-01
5.528422738190552632e-01,5.484049964792124532e-02,1.512178517850232828e-01
5.536429143314651746e-01,5.748331561323364453e-02,1.512178517850232828e-01
5.544435548438750860e-01,6.023032145101844814e-02,1.512178517850232828e-01
5.552441953562851085e-01,6.308433302059195114e-02,1.512178517850232828e-01
5.560448358686950199e-01,6.604817381031298507e-02,1.512178517850232828e-01
5.568454763811049313e-01,6.912467085439438774e-02,1.512178517850232828e-01
5.576461168935148427e-01,7.231665045009358361e-02,1.512178517850232828e-01
5.584467574059247541e-01,7.562693367604113315e-02,1.512178517850232828e-01
5.592473979183346655e-01,7.905833171301662743e-02,1.512178517850232828e-01
5.600480384307445769e-01,8.261364096908151156e-02,1.512178517850232828e-01
5.608486789431545994e-01,8.629563801162745684e-02,1.512178517850232828e-01
5.616493194555645108e-01,9.010707430953601715e-02,1.512178517850232828e-01
5.624499599679744222e-01,9.405067078929764401e-02,1.512178517850232828e-01
5.632506004803843336e-01,9.812911220964989911e-02,1.512178517850232828e-01
5.640512409927942450e-01,1.023450413599692466e-01,1.512178517850232828e-01
5.648518815052041564e-01,1.067010530883911734e-01,1.512178517850232828e-01
5.656525220176140678e-01,1.111996881663306763e-01,1.512178517850232828e-01
5.664531625300240902e-01,1.158434269968525998e-01,1.512178517850232828e-01
5.672538030424340016e-01,1.206346831750451931e-01,1.512178517850232828e-01
5.680544435548439131e-01,1.255757969093501125e-01,1.512178517850232828e-01
5.688550840672538245e-01,1.306690283134898656e-01,1.512178517850232828e-01
5.696557245796637359e-01,1.359165505794838469e-01,1.512178517850232828e-01
5.704563650920736473e-01,1.413204430429135239e-01,1.512178517850232828e-01
5.712570056044836697e-01,1.468826841524195626e-01,1.512178517850232828e-01
5.720576461168935811e-01,1.526051443560760834e-01,1.512178517850232828e-01
5.728582866293034925e-01,1.584895789181395565e-01,1.512178517850232828e-01
5.736589271417134039e-01,1.645376206802625640e-01,1.512178517850232828e-01
5.744595676541233154e-01,1.707507727820661292e-01,1.512178517850232828e-01
5.752602081665332268e-01,1.771304013566119828e-01,1.512178517850232828e-01
5.760608486789431382e-01,1.836777282169891334e-01,1.512178517850232828e-01
5.768614891913531606e-01,1.903938235508200738e-01,1.512178517850232828e-01
5.776621297037630720e-01,1.972795986402181567e-01,1.512178517850232828e-01
5.784627702161729834e-01,2.043357986252229419e-01,1.512178517850232828e-01
5.792634107285828948e-01,2.115629953292544052e-01,1.512178517850232828e-01
5.800640512409928062e-01,2.189615801657106287e-01,1.512178517850232828e-01
5.808646917534027176e-01,2.265317571452492851e-01,1.512178517850232828e-01
5.816653322658126291e-01,2.342735360037464798e-01,1.512178517850232828e-01
5.824659727782226515e-01,2.421867254712398165e-01,1.512178517850232828e-01
5.832666132906325629e-01,2.502709267026075324e-01,1.512178517850232828e-01
5.840672538030424743e-01,2.585255268908142057e-01,1.512178517850232828e-01
5.848678943154523857e-01,2.669496930839628801e-01,1.512178517850232828e-01
5.856685348278622971e-01,2.755423662273434049e-01,1.512178517850232828e-01
5.864691753402722085e-01,2.843022554520046596e-01,1.512178517850232828e-01
5.872698158526822310e-01,2.932278326311279493e-01,1.512178517850232828e-01
5.880704563650921424e-01,3.023173272257053679e-01,1.512178517850232828e-01
5.888710968775020538e-01,3.115687214407146799e-01,1.512178517850232828e-01
5.896717373899119652e-01,3.209797457129481835e-01,1.512178517850232828e-01
5.904723779023218766e-01,3.305478745512370753e-01,1.512178517850232828e-01
5.912730184147317880e-01,3.402703227496616800e-01,1.512178517850232828e-01
5.920736589271416994e-01,3.501440419939430004e-01,1.512178517850232828e-01
5.928742994395517218e-01,3.601657178805597326e-01,1.512178517850232828e-01
5.936749399519616333e-01,3.703317673677761768e-01,1.512178517850232828e-01
5.944755804643715447e-01,3.806383366770738075e-01,1.512178517850232828e-01
5.952762209767814561e-01,3.910812996627157645e-01,1.512178517850232828e-01
5.960768614891913675e-01,4.016562566665672906e-01,1.512178517850232828e-01
5.968775020016012789e-01,4.123585338742920547e-01,1.512178517850232828e-01
5.976781425140111903e-01,4.231831831882017503e-01,1.512178517850232828e-01
5.984787830264212127e-01,4.341249826310096815e-01,1.512178517850232828e-01
5.992794235388311241e-01,4.451784372937175882e-01,1.512178517850232828e-01
6.000800640512410355e-01,4.563377808396496538e-01,1.512178517850232828e-01
6.008807045636509470e-01,4.675969775755431934e-01,1.512178517850232828e-01
6.016813450760608584e-01,4.789497250993033917e-01,1.512178517850232828e-01
6.024819855884707698e-01,4.903894575326314120e-01,1.512178517850232828e-01
6.032826261008807922e-01,5.019093493454588328e-01,1.512178517850232828e-01
6.040832666132907036e-01,5.135023197775621107e-01,1.512178517850232828e-01
6.048839071257006150e-01,5.251610378614423036e-01,1.512178517850232828e-01
6.056845476381105264e-01,5.368779280486798422e-01,1.512178517850232828e-01
6.064851881505204378e-01,5.486451764407260789e-01,1.512178517850232828e-01
6.072858286629303493e-01,5.604547376231626687e-01,1.512178517850232828e-01
6.080864691753402607e-01,5.722983421010836569e-01,1.512178517850232828e-01
6.088871096877502831e-01,5.841675043314428217e-01,1.512178517850232828e-01
6.096877502001601945e-01,5.960535313463982687e-01,1.512178517850232828e-01
6.104883907125701059e-01,6.079475319600390337e-01,1.512178517850232828e-01
6.112890312249800173e-01,6.198404265492015730e-01,1.512178517850232828e-01
6.120896717373899287e-01,6.317229573972742429e-01,1.512178517850232828e-01
6.128903122497998401e-01,6.435856995880404607e-01,1.512178517850232828e-01
6.136909527622097515e-01,6.554190724349682196e-01,1.512178517850232828e-01
6.144915932746197740e-01,6.672133514296180179e-01,1.512178517850232828e-01
6.152922337870296854e-01,6.789586806911395156e-01,1.512178517850232828e-01
6.160928742994395968e-01,6.906450858970027973e-01,1.512178517850232828e-01
6.168935148118495082e-01,7.022624876735458210e-01,1.512178517850232828e-01
6.176941553242594196e-01,7.138007154233115825e-01,1.512178517850232828e-01
6.184947958366693310e-01,7.252495215645301530e-01,1.512178517850232828e-01
6.192954363490792424e-01,7.365985961564244233e-01,1.512178517850232828e-01
6.200960768614892649e-01,7.478375818828714161e-01,1.512178517850232828e-01
6.208967173738991763e-01,7.589560893651292606e-01,1.512178517850232828e-01
6.216973578863090877e-01,7.699437127733572694e-01,1.512178517850232828e-01
6.224979983987189991e-01,7.807900457050142018e-01,1.512178517850232828e-01
6.232986389111289105e-01,7.914846972974214356e-01,1.512178517850232828e-01
6.240992794235388219e-01,8.020173085401771651e-01,1.512178517850232828e-01
6.248999199359488443e-01,8.123775687526266776e-01,1.512178517850232828e-01
6.257005604483587557e-01,8.225552321901657971e-01,1.512178517850232828e-01
6.265012009607686672e-01,8.325401347426751864e-01,1.512178517850232828e-01
6.273018414731785786e-01,8.423222106873597959e-01,1.512178517850232828e-01
6.281024819855884900e-01,8.518915094579556646e-01,1.512178517850232828e-01
6.289031224979984014e-01,8.612382123914142928e-01,1.512178517850232828e-01
6.297037630104083128e-01,8.703526494131675895e-01,1.512178517850232828e-01
6.305044035228183352e-01,8.792253156212986864e-01,1.512178517850232828e-01
6.313050440352282466e-01,8.878468877302329032e-01,1.512178517850232828e-01
6.321056845476381580e-01,8.962082403342879200e-01,1.512178517850232828e-01
6.329063250600480695e-01,9.043004619515788711e-01,1.512178517850232828e-01
6.337069655724579809e-01,9.121148708087792878e-01,1.512178517850232828e-01
6.345076060848678923e-01,9.196430303278962937e-01,1.512178517850232828e-01
6.353082465972778037e-01,9.268767642763889869e-01,1.512178517850232828e-01
6.361088871096878261e-01,9.338081715427096752e-01,1.512178517850232828e-01
6.369095276220977375e-01,9.404296404997866121e-01,1.512178517850232828e-01
6.377101681345076489e-01,9.467338629201196287e-01,1.512178517850232828e-01
6.385108086469175603e-01,9.527138474068459484e-01,1.512178517850232828e-01
6.393114491593274717e-01,9.583629323062152761e-01,1.512178517850232828e-01
6.401120896717373832e-01,9.636747980681840131e-01,1.512178517850232828e-01
6.409127301841474056e-01,9.686434790230022962e-01,1.512178517850232828e-01
6.417133706965573170e-01,9.732633745431227279e-01,1.512178517850232828e-01
6.425140112089672284e-01,9.775292595611443369e-01,1.512178517850232828e-01
6.433146517213771398e-01,9.814362944161683089e-01,1.512178517850232828e-01
6.441152922337870512e-01,9.849800340025970380e-01,1.512178517850232828e-01
6.449159327461969626e-01,9.881564361972742239e-01,1.512178517850232828e-01
6.457165732586068740e-01,9.909618695423710877e-01,1.512178517850232828e-01
6.465172137710168965e-01,9.933931201638636077e-01,1.512178517850232828e-01
6.473178542834268079e-01,9.954473979068889644e-01,1.512178517850232828e-01
6.481184947958367193e-01,9.971223416717170940e-01,1.512178517850232828e-01
6.489191353082466307e-01,9.984160239360935218e-01,1.512178517850232828e-01
6.497197758206565421e-01,9.993269544517396907e-01,1.512178517850232828e-01
6.505204163330664535e-01,9.998540831051050404e-01,1.512178517850232828e-01
6.513210568454763649e-01,9.999968019347157400e-01,1.512178517850232828e-01
6.521216973578863874e-01,9.997549462996708769e-01,1.512178517850232828e-01
6.529223378702962988e-01,9.991287951961898006e-01,1.512178517850232828e-01
6.537229783827062102e-01,9.981190707212436175e-01,1.512178517850232828e-01
6.545236188951161216e-01,9.967269366848371392e-01,1.512178517850232828e-01
6.553242594075260330e-01,9.949539963746290017e-01,1.512178517850232828e-01
6.561248999199359444e-01,9.928022894788053332e-01,1.512178517850232828e-01
6.569255404323459668e-01,9.902742881757110593e-01,1.512178517850232828e-01
6.577261809447558782e-01,9.873728924005436003e-01,1.512178517850232828e-01
6.585268214571657897e-01,9.841014243017502938e-01,1.512178517850232828e-01
6.593274619695757011e-01,9.804636219021575227e-01,1.512178517850232828e-01
6.601281024819856125e-01,9.764636319815865884e-01,1.512178517850232828e-01
6.609287429943955239e-01,9.721060022000524992e-01,1.512178517850232828e-01
6.617293835068054353e-01,9.673956724823564723e-01,1.512178517850232828e-01
6.625300240192154577e-01,9.623379656871176024e-01,1.512178517850232828e-01
6.633306645316253691e-01,9.569385775846414033e-01,1.512178517850232828e-01
6.641313050440352805e-01,9.512035661702649136e-01,1.512178517850232828e-01
6.649319455564451919e-01,9.451393403411539884e-01,1.512178517850232828e-01
6.657325860688551034e-01,9.387526479661674195e-01,1.512178517850232828e-01
6.665332265812650148e-01,9.320505633798561451e-01,1.512178517850232828e-01
6.673338670936749262e-01,9.250404743330175039e-01,1.512178517850232828e-01
6.681345076060849486e-01,9.177300684335295555e-01,1.512178517850232828e-01
6.689351481184948600e-01,9.101273191122142281e-01,1.512178517850232828e-01
6.697357886309047714e-01,9.022404711495439766e-01,1.512178517850232828e-01
6.705364291433146828e-01,8.940780258000100567e-01,1.512178517850232828e-01
6.713370696557245942e-01,8.856487255515121948e-01,1.512178517850232828e-01
6.721377101681345057e-01,8.769615385580671330e-01,1.512178517850232828e-01
6.729383506805445281e-01,8.680256427844531553e-01,1.512178517850232828e-01
6.737389911929544395e-01,8.588504099019241833e-01,1.512178517850232828e-01
6.745396317053643509e-01,8.494453889744797426e-01,1.512178517850232828e-01
6.753402722177742623e-01,8.398202899750658590e-01,1.512178517850232828e-01
6.761409127301841737e-01,8.299849671716492683e-01,1.512178517850232828e-01
6.769415532425940851e-01,8.199494024223409339e-01,1.512178517850232828e-01
6.777421937550039965e-01,8.097236884191127970e-01,1.512178517850232828e-01
6.785428342674140190e-01,7.993180119192073718e-01,1.512178517850232828e-01
6.793434747798239304e-01,7.887426370026486833e-01,1.512178517850232828e-01
6.801441152922338418e-01,7.780078883939989254e-01,1.512178517850232828e-01
6.809447558046437532e-01,7.671241348857702480e-01,1.512178517850232828e-01
6.817453963170536646e-01,7.561017729001472398e-01,1.512178517850232828e-01
6.825460368294635760e-01,7.449512102246810263e-01,1.512178517850232828e-01
6.833466773418734874e-01,7.336828499570022810e-01,1.512178517850232828e-01
6.841473178542835099e-01,7.223070746920041696e-01,1.512178517850232828e-01
6.849479583666934213e-01,7.108342309844442042e-01,1.512178517850232828e-01
6.857485988791033327e-01,6.992746141181727104e-01,1.512178517850232828e-01
6.865492393915132441e-01,6.876384532121249116e-01,1.512178517850232828e-01
6.873498799039231555e-01,6.759358966918851408e-01,1.512178517850232828e-01
6.881505204163330669e-01,6.641769981540325274e-01,1.512178517850232828e-01
6.889511609287429783e-01,6.523717026491342441e-01,1.512178517850232828e-01
6.897518014411530007e-01,6.405298334075374411e-01,1.512178517850232828e-01
6.905524419535629121e-01,6.286610790307345376e-01,1.512178517850232828e-01
6.913530824659728236e-01,6.167749811693232775e-01,1.512178517850232828e-01
6.921537229783827350e-01,6.048809227066375138e-01,1.512178517850232828e-01
6.929543634907926464e-01,5.929881164660651960e-01,1.512178517850232828e-01
6.937550040032025578e-01,5.811055944576716259e-01,1.512178517850232828e-01
6.945556445156125802e-01,5.692421976784035609e-01,1.512178517850232828e-01
6.953562850280224916e-01,5.574065664782450469e-01,1.512178517850232828e-01
6.961569255404324030e-01,5.456071315030973645e-01,1.512178517850232828e-01
6.969575660528423144e-01,5.338521052230881248e-01,1.512178517850232828e-01
6.977582065652522259e-01,5.221494740536809509e-01,1.512178517850232828e-01
6.985588470776621373e-01,5.105069910749526763e-01,1.512178517850232828e-01
6.993594875900720487e-01,4.989321693526870827e-01,1.512178517850232828e-01
7.001601281024820711e-01,4.874322758634020425e-01,1.512178517850232828e-01
7.009607686148919825e-01,4.760143260237368334e-01,1.512178517850232828e-01
7.017614091273018939e-01,4.646850788229026086e-01,1.512178517850232828e-01
7.025620496397118053e-01,4.534510325554207966e-01,1.512178517850232828e-01
7.033626901521217167e-01,4.423184211498503715e-01,1.512178517850232828e-01
7.041633306645316281e-01,4.312932110876508962e-01,1.512178517850232828e-01
7.049639711769415396e-01,4.203810989049632241e-01,1.512178517850232828e-01
7.057646116893515620e-01,4.095875092686726004e-01,1.512178517850232828e-01
7.065652522017614734e-01,3.989175936168353198e-01,1.512178517850232828e-01
7.073658927141713848e-01,3.883762293522721731e-01,1.512178517850232828e-01
7.081665332265812962e-01,3.779680195769755668e-01,1.512178517850232828e-01
7.089671737389912076e-01,3.676972933538900645e-01,1.512178517850232828e-01
7.097678142514011190e-01,3.575681064814657528e-01,1.512178517850232828e-01
7.105684547638111415e-01,3.475842427655215783e-01,1.512178517850232828e-01
7.113690952762210529e-01,3.377492157720161092e-01,1.512178517850232828e-01
7.121697357886309643e-01,3.280662710434802398e-01,1.512178517850232828e-01
7.129703763010408757e-01,3.185383887611448750e-01,1.512178517850232828e-01
7.137710168134507871e-01,3.091682868340648316e-01,1.512178517850232828e-01
7.145716573258606985e-01,2.999584243960124463e-01,1.512178517850232828e-01
7.153722978382706099e-01,2.909110056903183583e-01,1.512178517850232828e-01
7.161729383506806323e-01,2.820279843224862693e-01,1.512178517850232828e-01
7.169735788630905438e-01,2.733110678599035559e-01,1.512178517850232828e-01
7.177742193755004552e-01,2.647617227577382937e-01,1.512178517850232828e-01
7.185748598879103666e-01,2.563811795898771617e-01,1.512178517850232828e-01
7.193755004003202780e-01,2.481704385636259169e-01,1.512178517850232828e-01
7.201761409127301894e-01,2.401302752967812149e-01,1.512178517850232828e-01
7.209767814251401008e-01,2.322612468355959026e-01,1.512178517850232828e-01
7.217774219375501232e-01,2.245636978923093718e-01,1.512178517850232828e-01
7.225780624499600346e-01,2.170377672809704339e-01,1.512178517850232828e-01
7.233787029623699461e-01,2.096833945304796276e-01,1.512178517850232828e-01
7.241793434747798575e-01,2.025003266539489033e-01,1.512178517850232828e-01
7.249799839871897689e-01,1.954881250537792436e-01,1.512178517850232828e-01
7.257806244995996803e-01,1.886461725422169944e-01,1.512178517850232828e-01
7.265812650120097027e-01,1.819736804575555200e-01,1.512178517850232828e-01
7.273819055244196141e-01,1.754696958564511411e-01,1.512178517850232828e-01
7.281825460368295255e-01,1.691331087634852515e-01,1.512178517850232828e-01
7.289831865492394369e-01,1.629626594594507094e-01,1.512178517850232828e-01
7.297838270616493483e-01,1.569569457905282683e-01,1.512178517850232828e-01
7.305844675740592598e-01,1.511144304810090322e-01,1.512178517850232828e-01
7.313851080864691712e-01,1.454334484328719257e-01,1.512178517850232828e-01
7.321857485988791936e-01,1.399122139961909428e-01,1.512178517850232828e-01
7.329863891112891050e-01,1.345488281949945297e-01,1.512178517850232828e-01
7.337870296236990164e-01,1.293412858939126664e-01,1.512178517850232828e-01
7.345876701361089278e-01,1.242874828916039759e-01,1.512178517850232828e-01
7.353883106485188392e-01,1.193852229277587718e-01,1.512178517850232828e-01
7.361889511609287506e-01,1.146322245911790272e-01,1.512178517850232828e-01
7.369895916733386620e-01,1.100261281171462935e-01,1.512178517850232828e-01
7.377902321857486845e-01,1.055645020630846115e-01,1.512178517850232828e-01
7.385908726981585959e-01,1.012448498523032675e-01,1.512178517850232828e-01
7.393915132105685073e-01,9.706461617627516747e-02,1.512178517850232828e-01
7.401921537229784187e-01,9.302119324677136925e-02,1.512178517850232828e-01
7.409927942353883301e-01,8.911192688983955723e-02,1.512178517850232828e-01
7.417934347477982415e-01,8.533412247439856047e-02,1.512178517850232828e-01
7.425940752602082640e-01,8.168505066895422051e-02,1.512178517850232828e-01
7.433947157726181754e-01,7.816195302064025963e-02,1.512178517850232828e-01
7.441953562850280868e-01,7.476204735155210501e-02,1.512178517850232828e-01
7.449959967974379982e-01,7.148253296797318912e-02,1.512178517850232828e-01
7.457966373098479096e-01,6.832059567882370343e-02,1.512178517850232828e-01
7.465972778222578210e-01,6.527341262030840474e-02,1.512178517850232828e-01
7.473979183346677324e-01,6.233815688437317065e-02,1.512178517850232828e-01
7.481985588470777548e-01,5.951200194921097558e-02,1.512178517850232828e-01
7.489991993594876662e-01,5.679212591064670967e-02,1.512178517850232828e-01
7.497998398718975777e-01,5.417571551383124767e-02,1.512178517850232828e-01
7.506004803843074891e-01,5.165996998518868066e-02,1.512178517850232828e-01
7.514011208967174005e-01,4.924210466511857315e-02,1.512178517850232828e-01
7.522017614091273119e-01,4.691935444244913628e-02,1.512178517850232828e-01
7.530024019215372233e-01,4.468897699209932461e-02,1.512178517850232828e-01
7.538030424339472457e-01,4.254825581786911975e-02,1.512178517850232828e-01
7.546036829463571571e-01,4.049450310270457515e-02,1.512178517850232828e-01
7.554043234587670685e-01,3.852506236916172777e-02,1.512178517850232828e-01
7.562049639711769800e-01,3.663731095316601766e-02,1.512178517850232828e-01
7.570056044835868914e-01,3.482866229452664247e-02,1.512178517850232828e-01
7.578062449959968028e-01,3.309656804794620238e-02,1.512178517850232828e-01
7.586068855084067142e-01,3.143852001858228606e-02,1.512178517850232828e-01
7.594075260208167366e-01,2.985205192645818892e-02,1.512178517850232828e-01
7.602081665332266480e-01,2.833474100426932110e-02,1.512178517850232828e-01
7.610088070456365594e-01,2.688420943333599822e-02,1.512178517850232828e-01
7.618094475580464708e-01,2.549812562264033161e-02,1.512178517850232828e-01
7.626100880704563822e-01,2.417420533604870345e-02,1.512178517850232828e-01
7.634107285828662937e-01,2.291021267295713024e-02,1.512178517850232828e-01
7.642113690952763161e-01,2.170396090770891975e-02,1.512178517850232828e-01
7.650120096076862275e-01,2.055331319323174324e-02,1.512178517850232828e-01
7.658126501200961389e-01,1.945618313441456818e-02,1.512178517850232828e-01
7.666132906325060503e-01,1.841053523678859438e-02,1.512178517850232828e-01
7.674139311449159617e-01,1.741438523612166833e-02,1.512178517850232828e-01
7.682145716573258731e-01,1.646580031453580978e-02,1.512178517850232828e-01
7.690152121697357845e-01,1.556289920876325998e-02,1.512178517850232828e-01
7.698158526821458070e-01,1.470385221613289273e-02,1.512178517850232828e-01
7.706164931945557184e-01,1.388688110384316172e-02,1.512178517850232828e-01
7.714171337069656298e-01,1.311025892702684034e-02,1.512178517850232828e-01
7.722177742193755412e-01,1.237230976104961543e-02,1.512178517850232828e-01
7.730184147317854526e-01,1.167140835340782848e-02,1.512178517850232828e-01
7.738190552441953640e-01,1.100597970050039287e-02,1.512178517850232828e-01
7.746196957566052754e-01,1.037449855444994885e-02,1.512178517850232828e-01
7.754203362690152979e-01,9.775488865043814937e-03,1.512178517850232828e-01
7.762209767814252093e-01,9.207523161739370604e-03,1.512178517850232828e-01
7.770216172938351207e-01,8.669221880561265789e-03,1.512178517850232828e-01
7.778222578062450321e-01,8.159252640572942430e-03,1.512178517850232828e-01
7.786228983186549435e-01,7.676329474478100004e-03,1.512178517850232828e-01
7.794235388310648549e-01,7.219212017750243141e-03,1.512178517850232828e-01
7.802241793434748773e-01,6.786704660548017499e-03,1.512178517850232828e-01
7.810248198558847887e-01,6.377655666515261688e-03,1.512178517850232828e-01
7.818254603682947002e-01,5.990956262408522401e-03,1.512178517850232828e-01
7.826261008807046116e-01,5.625539702335525388e-03,1.512178517850232828e-01
7.834267413931145230e-01,5.280380310228783083e-03,1.512178517850232828e-01
7.842273819055244344e-01,4.954492504014340257e-03,1.512178517850232828e-01
7.850280224179343458e-01,4.646929804772923812e-03,1.512178517850232828e-01
7.858286629303443682e-01,4.356783834029464772e-03,1.512178517850232828e-01
7.866293034427542796e-01,4.083183302144206134e-03,1.512178517850232828e-01
7.874299439551641910e-01,3.825292990618137535e-03,1.512178517850232828e-01
7.882305844675741024e-01,3.582312730966241351e-03,1.512178517850232828e-01
7.890312249799840139e-01,3.353476382654449993e-03,1.512178517850232828e-01
7.898318654923939253e-01,3.138050812442060543e-03,1.512178517850232828e-01
7.906325060048038367e-01,2.935334877319054157e-03,1.512178517850232828e-01
7.914331465172138591e-01,2.744658413079013350e-03,1.512178517850232828e-01
7.922337870296237705e-01,2.565381230423019899e-03,1.512178517850232828e-01
7.930344275420336819e-01,2.396892120348551296e-03,1.512178517850232828e-01
7.938350680544435933e-01,2.238607870438809235e-03,1.512178517850232828e-01
7.946357085668535047e-01,2.089972293535200757e-03,1.512178517850232828e-01
7.954363490792634162e-01,1.950455270145768846e-03,1.512178517850232828e-01
7.962369895916734386e-01,1.819551805818015594e-03,1.512178517850232828e-01
7.970376301040833500e-01,1.696781104584035296e-03,1.512178517850232828e-01
7.978382706164932614e-01,1.581685659470409913e-03,1.512178517850232828e-01
7.986389111289031728e-01,1.473830360954416071e-03,1.512178517850232828e-01
7.994395516413130842e-01,1.372801624142427077e-03,1.512178517850232828e-01
8.002401921537229956e-01,1.278206535345014242e-03,1.512178517850232828e-01
8.010408326661329070e-01,1.189672018626999591e-03,1.512178517850232828e-01
8.018414731785429295e-01,1.106844022819331334e-03,1.512178517850232828e-01
8.026421136909528409e-01,1.029386729393310046e-03,1.512178517850232828e-01
8.034427542033627523e-01,9.569817815152709866e-04,1.512178517850232828e-01
8.042433947157726637e-01,8.893275345233635915e-04,1.512178517850232828e-01
8.050440352281825751e-01,8.261383279950472707e-04,1.512178517850232828e-01
8.058446757405924865e-01,7.671437795064619527e-04,1.512178517850232828e-01
8.066453162530023979e-01,7.120881001212962802e-04,1.512178517850232828e-01
8.074459567654124204e-01,6.607294315877278862e-04,1.512178517850232828e-01
8.082465972778223318e-01,6.128392051670253013e-04,1.512178517850232828e-01
8.090472377902322432e-01,5.682015219671695226e-04,1.512178517850232828e-01
8.098478783026421546e-01,5.266125546078637360e-04,1.512178517850232828e-01
8.106485188150520660e-01,4.878799700005884599e-04,1.512178517850232828e-01
8.114491593274619774e-01,4.518223729885835938e-04,1.512178517850232828e-01
8.122497998398719998e-01,4.182687705558713488e-04,1.512178517850232828e-01
8.130504403522819112e-01,3.870580562828207093e-04,1.512178517850232828e-01
8.138510808646918226e-01,3.580385146966971852e-04,1.512178517850232828e-01
8.146517213771017341e-01,3.310673451405196730e-04,1.512178517850232828e-01
8.154523618895116455e-01,3.060102047607506787e-04,1.512178517850232828e-01
8.162530024019215569e-01,2.827407701949332958e-04,1.512178517850232828e-01
8.170536429143314683e-01,2.611403175232696505e-04,1.512178517850232828e-01
8.178542834267414907e-01,2.410973200339189477e-04,1.512178517850232828e-01
8.186549239391514021e-01,2.225070633397849577e-04,1.512178517850232828e-01
8.194555644515613135e-01,2.052712773749158488e-04,1.512178517850232828e-01
8.202562049639712249e-01,1.892977847910714574e-04,1.512178517850232828e-01
8.210568454763811364e-01,1.745001652695298726e-04,1.512178517850232828e-01
8.218574859887910478e-01,1.607974352594585064e-04,1.512178517850232828e-01
8.226581265012009592e-01,1.481137426523145462e-04,1.512178517850232828e-01
8.234587670136109816e-01,1.363780759012584917e-04,1.512178517850232828e-01
8.242594075260208930e-01,1.255239870958335625e-04,1.512178517850232828e-01
8.250600480384308044e-01,1.154893285045277302e-04,1.512178517850232828e-01
8.258606885508407158e-01,1.062160021016694795e-04,1.512178517850232828e-01
8.266613290632506272e-01,9.764972159988969086e-05,1.512178517850232828e-01
8.274619695756605386e-01,8.973978651530186432e-05,1.512178517850232828e-01
8.282626100880704501e-01,8.243886779936654505e-05,1.512178517850232828e-01
8.290632506004804725e-01,7.570280457901258718e-05,1.512178517850232828e-01
8.298638911128903839e-01,6.949041155501886526e-05,1.512178517850232828e-01
8.306645316253002953e-01,6.376329661763455365e-05,1.512178517850232828e-01
8.314651721377102067e-01,5.848568824802484890e-05,1.512178517850232828e-01
8.322658126501201181e-01,5.362427228422004632e-05,1.512178517850232828e-01
8.330664531625300295e-01,4.914803764071872563e-05,1.512178517850232828e-01
8.338670936749400520e-01,4.502813058174013309e-05,1.512178517850232828e-01
8.346677341873499634e-01,4.123771715925554307e-05,1.512178517850232828e-01
8.354683746997598748e-01,3.775185343826204155e-05,1.512178517850232828e-01
8.362690152121697862e-01,3.454736314326036227e-05,1.512178517850232828e-01
8.370696557245796976e-01,3.160272237153291140e-05,1.512178517850232828e-01
8.378702962369896090e-01,2.889795103050365823e-05,1.512178517850232828e-01
8.386709367493995204e-01,2.641451066816320742e-05,1.512178517850232828e-01
8.394715772618095428e-01,2.413520837723035905e-05,1.512178517850232828e-01
8.402722177742194543e-01,2.204410646536321582e-05,1.512178517850232828e-01
8.410728582866293657e-01,2.012643759525906356e-05,1.512178517850232828e-01
8.418734987990392771e-01,1.836852510992062476e-05,1.512178517850232828e-01
8.426741393114491885e-01,1.675770826962026265e-05,1.512178517850232828e-01
8.434747798238590999e-01,1.528227213821279642e-05,1.512178517850232828e-01
8.442754203362690113e-01,1.393138186734149712e-05,1.512178517850232828e-01
8.450760608486790337e-01,1.269502113777929098e-05,1.512178517850232828e-01
8.458767013610889451e-01,1.156393452760810098e-05,1.512178517850232828e-01
8.466773418734988566e-01,1.052957358716251000e-05,1.512178517850232828e-01
8.474779823859087680e-01,9.584046410620353863e-06,1.512178517850232828e-01
8.482786228983186794e-01,8.720070503819500984e-06,1.512178517850232828e-01
8.490792634107285908e-01,7.930928757301411358e-06,1.512178517850232828e-01
8.498799039231386132e-01,7.210428342719333553e-06,1.512178517850232828e-01
8.506805444355485246e-01,6.552862359600257431e-06,1.512178517850232828e-01
8.514811849479584360e-01,5.952974068012700374e-06,1.512178517850232828e-01
8.522818254603683474e-01,5.405923550959257477e-06,1.512178517850232828e-01
8.530824659727782588e-01,4.907256658292650429e-06,1.512178517850232828e-01
8.538831064851881703e-01,4.452876091635368680e-06,1.512178517850232828e-01
8.546837469975980817e-01,4.039014497176258413e-06,1.512178517850232828e-01
8.554843875100081041e-01,3.662209440322699861e-06,1.512178517850232828e-01
8.562850280224180155e-01,3.319280143002483286e-06,1.512178517850232828e-01
8.570856685348279269e-01,3.007305870948315960e-06,1.512178517850232828e-01
8.578863090472378383e-01,2.723605864554909653e-06,1.512178517850232828e-01
8.586869495596477497e-01,2.465720712886359120e-06,1.512178517850232828e-01
8.594875900720576611e-01,2.231395076132683756e-06,1.512178517850232828e-01
8.602882305844675725e-01,2.018561667273849566e-06,1.512178517850232828e-01
8.610888710968775950e-01,1.825326408916947040e-06,1.512178517850232828e-01
8.618895116092875064e-01,1.649954686231574817e-06,1.512178517850232828e-01
8.626901521216974178e-01,1.490858621628784027e-06,1.512178517850232828e-01
8.634907926341073292e-01,1.346585301316214225e-06,1.512178517850232828e-01
8.642914331465172406e-01,1.215805888124500971e-06,1.512178517850232828e-01
8.650920736589271520e-01,1.097305559045250201e-06,1.512178517850232828e-01
8.658927141713371745e-01,9.899742097553767676e-07,1.512178517850232828e-01
8.666933546837470859e-01,8.927978720357840291e-07,1.512178517850232828e-01
8.674939951961569973e-01,8.048507934300624785e-07,1.512178517850232828e-01
8.682946357085669087e-01,7.252881317405861064e-07,1.512178517850232828e-01
8.690952762209768201e-01,6.533392200307332425e-07,1.512178517850232828e-01
8.698959167333867315e-01,5.883013607020950259e-07,1.512178517850232828e-01
8.706965572457966429e-01,5.295341099507251661e-07,1.512178517850232828e-01
8.714971977582066653e-01,4.764540164844222365e-07,1.512178517850232828e-01
8.722978382706165768e-01,4.285297808109190978e-07,1.512178517850232828e-01
8.730984787830264882e-01,3.852778036912520912e-07,1.512178517850232828e-01
8.738991192954363996e-01,3.462580945006826570e-07,1.512178517850232828e-01
8.746997598078463110e-01,3.110705122577232704e-07,1.512178517850232828e-01
8.755004003202562224e-01,2.793513139764744791e-07,1.512178517850232828e-01
8.763010408326661338e-01,2.507699867749375431e-07,1.512178517850232828e-01
8.771016813450761562e-01,2.250263418381746359e-07,1.512178517850232828e-01
8.779023218574860676e-01,2.018478498959983372e-07,1.512178517850232828e-01
8.787029623698959790e-01,1.809871993358435461e-07,1.512178517850232828e-01
8.795036028823058905e-01,1.622200594381063862e-07,1.512178517850232828e-01
8.803042433947158019e-01,1.453430324985564361e-07,1.512178517850232828e-01
8.811048839071257133e-01,1.301717797956067993e-07,1.512178517850232828e-01
8.819055244195357357e-01,1.165393074738969452e-07,1.512178517850232828e-01
8.827061649319456471e-01,1.042943994544408248e-07,1.512178517850232828e-01
8.835068054443555585e-01,9.330018544988859736e-08,1.512178517850232828e-01
8.843074459567654699e-01,8.343283306543040311e-08,1.512178517850232828e-01
8.851080864691753813e-01,7.458035380546164900e-08,1.512178517850232828e-01
8.859087269815852927e-01,6.664151358718007619e-08,1.512178517850232828e-01
8.867093674939952042e-01,5.952483908833017427e-08,1.512178517850232828e-01
8.875100080064052266e-01,5.314771193089336251e-08,1.512178517850232828e-01
8.883106485188151380e-01,4.743554332875844647e-08,1.512178517850232828e-01
8.891112890312250494e-01,4.232102240845377207e-08,1.512178517850232828e-01
8.899119295436349608e-01,3.774343195079692939e-08,1.512178517850232828e-01
8.907125700560448722e-01,3.364802580054436051e-08,1.512178517850232828e-01
8.915132105684547836e-01,2.998546265343667363e-08,1.512178517850232828e-01
8.923138510808646950e-01,2.671129135789790013e-08,1.512178517850232828e-01
8.931144915932747175e-01,2.378548326435672233e-08,1.512178517850232828e-01
8.939151321056846289e-01,2.117200752094200289e-08,1.512178517850232828e-01
8.947157726180945403e-01,1.883844555216165977e-08,1.512178517850232828e-01
8.955164131305044517e-01,1.675564126911553540e-08,1.512178517850232828e-01
8.963170536429143631e-01,1.489738384756649429e-08,1.512178517850232828e-01
8.971176941553242745e-01,1.324012017555596425e-08,1.512178517850232828e-01
8.979183346677341859e-01,1.176269431678342615e-08,1.512178517850232828e-01
8.987189751801442084e-01,1.044611156116107987e-08,1.512178517850232828e-01
8.995196156925541198e-01,9.273324841239022298e-09,1.512178517850232828e-01
9.003202562049640312e-01,8.229041483865746625e-09,1.512178517850232828e-01
9.011208967173739426e-01,7.299548441734029642e-09,1.512178517850232828e-01
9.019215372297838540e-01,6.472554310511355111e-09,1.512178517850232828e-01
9.027221777421937654e-01,5.737046585148419096e-09,1.512178517850232828e-01
9.035228182546037878e-01,5.083162744674103017e-09,1.512178517850232828e-01
9.043234587670136992e-01,4.502073879269066258e-09,1.512178517850232828e-01
9.051240992794236107e-01,3.985879687520114133e-09,1.512178517850232828e-01
9.059247397918335221e-01,3.527513776297987328e-09,1.512178517850232828e-01
9.067253803042434335e-01,3.120658291423012755e-09,1.512178517850232828e-01
9.075260208166533449e-01,2.759666994879712841e-09,1.512178517850232828e-01
9.083266613290632563e-01,2.439495984453906015e-09,1.512178517850232828e-01
9.091273018414732787e-01,2.155641324900540859e-09,1.512178517850232828e-01
9.099279423538831901e-01,1.904082926652376826e-09,1.512178517850232828e-01
9.107285828662931015e-01,1.681234069165914837e-09,1.512178517850232828e-01
9.115292233787030129e-01,1.483896021749110284e-09,1.512178517850232828e-01
9.123298638911129244e-01,1.309217265556784235e-09,1.512178517850232828e-01
9.131305044035228358e-01,1.154656866788710262e-09,1.512178517850232828e-01
9.139311449159327472e-01,1.017951593349675372e-09,1.512178517850232828e-01
9.147317854283427696e-01,8.970864056803191022e-10,1.512178517850232828e-01
9.155324259407526810e-01,7.902679874588851750e-10,1.512178517850232828e-01
9.163330664531625924e-01,6.959010137016263107e-10,1.512178517850232828e-01
9.171337069655725038e-01,6.125668827239756986e-10,1.512178517850232828e-01
9.179343474779824152e-01,5.390046647143253152e-10,1.512178517850232828e-01
9.187349879903923267e-01,4.740940435467767268e-10,1.512178517850232828e-01
9.195356285028023491e-01,4.168400501281914834e-10,1.512178517850232828e-01
9.203362690152122605e-01,3.663594052324423544e-10,1.512178517850232828e-01
9.211369095276221719e-01,3.218683075974273015e-10,1.512178517850232828e-01
9.219375500400320833e-01,2.826715192112008942e-10,1.512178517850232828e-01
9.227381905524419947e-01,2.481526143420571622e-10,1.512178517850232828e-01
9.235388310648519061e-01,2.177652721092761931e-10,1.512178517850232828e-01
9.243394715772618175e-01,1.910255043724599145e-10,1.512178517850232828e-01
9.251401120896718400e-01,1.675047215518278204e-10,1.512178517850232828e-01
9.259407526020817514e-01,1.468235487844364385e-10,1.512178517850232828e-01
9.267413931144916628e-01,1.286463136674958775e-10,1.512178517850232828e-01
9.275420336269015742e-01,1.126761348272011595e-10,1.512178517850232828e-01
9.283426741393114856e-01,9.865054775939185820e-11,1.512178517850232828e-01
9.291433146517213970e-01,8.633761088973323761e-11,1.512178517850232828e-01
9.299439551641313084e-01,7.553244066202002803e-11,1.512178517850232828e-01
9.307445956765413309e-01,6.605412974426902295e-11,1.512178517850232828e-01
9.315452361889512423e-01,5.774300719823231821e-11,1.512178517850232828e-01
9.323458767013611537e-01,5.045820373904369366e-11,1.512178517850232828e-01
9.331465172137710651e-01,4.407548906317428902e-11,1.512178517850232828e-01
9.339471577261809765e-01,3.848535168626392555e-11,1.512178517850232828e-01
9.347477982385908879e-01,3.359129484515304464e-11,1.512178517850232828e-01
9.355484387510009103e-01,2.930832481463434612e-11,1.512178517850232828e-01
9.363490792634108217e-01,2.556161050009321216e-11,1.512178517850232828e-01
9.371497197758207331e-01,2.228529542026475183e-11,1.512178517850232828e-01
9.379503602882306446e-01,1.942144521525118441e-11,1.512178517850232828e-01
9.387510008006405560e-01,1.691911562675626015e-11,1.512178517850232828e-01
9.395516413130504674e-01,1.473352752098059078e-11,1.512178517850232828e-01
9.403522818254603788e-01,1.282533697867707130e-11,1.512178517850232828e-01
9.411529223378704012e-01,1.115998977851402789e-11,1.512178517850232828e-01
9.419535628502803126e-01,9.707150764533454634e-12,1.512178517850232828e-01
9.427542033626902240e-01,8.440199630034442653e-12,1.512178517850232828e-01
9.435548438751001354e-01,7.335785581200158188e-12,1.512178517850232828e-01
9.443554843875100469e-01,6.373434175564758192e-12,1.512178517850232828e-01
9.451561248999199583e-01,5.535200373175916799e-12,1.512178517850232828e-01
9.459567654123298697e-01,4.805362501263807437e-12,1.512178517850232828e-01
9.467574059247398921e-01,4.170152424655977829e-12,1.512178517850232828e-01
9.475580464371498035e-01,3.617517741543880053e-12,1.512178517850232828e-01
9.483586869495597149e-01,3.136912294225832942e-12,1.512178517850232828e-01
9.491593274619696263e-01,2.719111703144086331e-12,1.512178517850232828e-01
9.499599679743795377e-01,2.356051005338086909e-12,1.512178517850232828e-01
9.507606084867894491e-01,2.040681810211002606e-12,1.512178517850232828e-01
9.515612489991994716e-01,1.766846680631030998e-12,1.512178517850232828e-01
9.523618895116093830e-01,1.529168709783074286e-12,1.512178517850232828e-01
9.531625300240192944e-01,1.322954497368664664e-12,1.512178517850232828e-01
9.539631705364292058e-01,1.144108935873844555e-12,1.512178517850232828e-01
9.547638110488391172e-01,9.890604015130016493e-13,1.512178517850232828e-01
9.555644515612490286e-01,8.546951076374244126e-13,1.512178517850232828e-01
9.563650920736589400e-01,7.382995231342009523e-13,1.512178517850232828e-01
9.571657325860689625e-01,6.375098866578456336e-13,1.512178517850232828e-01
9.579663730984788739e-01,5.502679612417310326e-13,1.512178517850232828e-01
9.587670136108887853e-01,4.747822745457235784e-13,1.512178517850232828e-01
9.595676541232986967e-01,4.094941791535241624e-13,1.512178517850232828e-01
9.603682946357086081e-01,3.530481462247266186e-13,1.512178517850232828e-01
9.611689351481185195e-01,3.042657755831542131e-13,1.512178517850232828e-01
9.619695756605284309e-01,2.621230670074505903e-13,1.512178517850232828e-01
9.627702161729384533e-01,2.257305519952844697e-13,1.512178517850232828e-01
9.635708566853483648e-01,1.943159334120939373e-13,1.512178517850232828e-01
9.643714971977582762e-01,1.672089229321073737e-13,1.512178517850232828e-01
9.651721377101681876e-01,1.438280036774343568e-13,1.512178517850232828e-01
9.659727782225780990e-01,1.236688785329063433e-13,1.512178517850232828e-01
9.667734187349880104e-01,1.062943937688576696e-13,1.512178517850232828e-01
9.675740592473979218e-01,9.132575329300593869e-14,1.512178517850232828e-01
9.683746997598079442e-01,7.843486147768856380e-14,1.512178517850232828e-01
9.691753402722178556e-01,6.733765242584106369e-14,1.512178517850232828e-01
9.699759807846277671e-01,5.778828106439580055e-14,1.512178517850232828e-01
9.707766212970376785e-01,4.957406686725465549e-14,1.512178517850232828e-01
9.715772618094475899e-01,4.251109455976731627e-14,1.512178517850232828e-01
9.723779023218575013e-01,3.644038806268507114e-14,1.512178517850232828e-01
9.731785428342675237e-01,3.122458439035905303e-14,1.512178517850232828e-01
9.739791833466774351e-01,2.674504339763489305e-14,1.512178517850232828e-01
9.747798238590873465e-01,2.289933732484077391e-14,1.512178517850232828e-01
9.755804643714972579e-01,1.959907115490114999e-14,1.512178517850232828e-01
9.763811048839071693e-01,1.676799098992832524e-14,1.512178517850232828e-01
9.771817453963170808e-01,1.434034308156322892e-14,1.512178517850232828e-01
9.779823859087269922e-01,1.225945090253553689e-14,1.512178517850232828e-01
9.787830264211370146e-01,1.047648180812613257e-14,1.512178517850232828e-01
9.795836669335469260e-01,8.949378477481596827e-15,1.512178517850232828e-01
9.803843074459568374e-01,7.641933509585319558e-15,1.512178517850232828e-01
9.811849479583667488e-01,6.522988333058187545e-15,1.512178517850232828e-01
9.819855884707766602e-01,5.565740022086270054e-15,1.512178517850232828e-01
9.827862289831865716e-01,4.747141736011803002e-15,1.512178517850232828e-01
9.835868694955964830e-01,4.047384355575285407e-15,1.512178517850232828e-01
9.843875100080065055e-01,3.449448507980450553e-15,1.512178517850232828e-01
9.851881505204164169e-01,2.938717585313446185e-15,1.512178517850232828e-01
9.859887910328263283e-01,2.502643592238203611e-15,1.512178517850232828e-01
9.867894315452362397e-01,2.130458732020474079e-15,1.512178517850232828e-01
9.875900720576461511e-01,1.812926574712402103e-15,1.512178517850232828e-01
9.883907125700560625e-01,1.542127465231280151e-15,1.512178517850232828e-01
9.891913530824660850e-01,1.311273537399073590e-15,1.512178517850232828e-01
9.899919935948759964e-01,1.114549316188137785e-15,1.512178517850232828e-01
9.907926341072859078e-01,9.469744261924430071e-16,1.512178517850232828e-01
9.915932746196958192e-01,8.042853899924909725e-16,1.512178517850232828e-01
9.923939151321057306e-01,6.828339046048605401e-16,1.512178517850232828e-01
9.931945556445156420e-01,5.794993354675206547e-16,1.512178517850232828e-01
9.939951961569255534e-01,4.916134722883019591e-16,1.512178517850232828e-01
9.947958366693355758e-01,4.168958555802420899e-16,1.512178517850232828e-01
9.955964771817454873e-01,3.533982120708411392e-16,1.512178517850232828e-01
9.963971176941553987e-01,2.994567359796957110e-16,1.512178517850232828e-01
9.971977582065653101e-01,2.536511254039826554e-16,1.512178517850232828e-01
9.979983987189752215e-01,2.147694322165659654e-16,1.512178517850232828e-01
9.987990392313851329e-01,1.817779130015846328e-16,1.512178517850232828e-01
9.995996797437950443e-01,1.537951802713340425e-16,1.512178517850232828e-01
