x, u, time
4.003202562049639444e-04,2.290626181058496094e-02,3.882048793600984538e-01
1.200960768614891833e-03,2.170019178551425842e-02,3.882048793600984538e-01
2.001601281024820156e-03,2.054971901630165548e-02,3.882048793600984538e-01
2.802241793434748045e-03,1.945275726765899674e-02,3.882048793600984538e-01
3.602882305844675934e-03,1.840727120668146297e-02,3.882048793600984538e-01
4.403522818254604690e-03,1.741127673215334473e-02,3.882048793600984538e-01
5.204163330664531711e-03,1.646284119038073784e-02,3.882048793600984538e-01
6.004803843074460468e-03,1.556008348315929789e-02,3.882048793600984538e-01
6.805444355484387489e-03,1.470117407346331791e-02,3.882048793600984538e-01
7.606084867894316245e-03,1.388433489441020033e-02,3.882048793600984538e-01
8.406725380304245002e-03,1.310783916700718373e-02,3.882048793600984538e-01
9.207365892714172023e-03,1.237001113211946834e-02,3.882048793600984538e-01
1.000800640512410078e-02,1.166922570202954396e-02,3.882048793600984538e-01
1.080864691753402780e-02,1.100390803686780369e-02,3.882048793600984538e-01
1.160928742994395656e-02,1.037253305109692679e-02,3.882048793600984538e-01
1.240992794235388358e-02,9.773624855125152833e-03,3.882048793600984538e-01
1.321056845476381233e-02,9.205756137000704886e-03,3.882048793600984538e-01
1.401120896717374109e-02,8.667547489019444135e-03,3.882048793600984538e-01
1.481184947958366811e-02,8.157666683938257640e-03,3.882048793600984538e-01
1.561248999199359687e-02,7.674827905348453709e-03,3.882048793600984538e-01
1.641313050440352389e-02,7.217790936611092473e-03,3.882048793600984538e-01
1.721377101681344918e-02,6.785360312613221596e-03,3.882048793600984538e-01
1.801441152922337793e-02,6.376384438440734805e-03,3.882048793600984538e-01
1.881505204163330669e-02,5.989754678910700139e-03,3.882048793600984538e-01
1.961569255404323545e-02,5.624404422743816898e-03,3.882048793600984538e-01
2.041633306645316420e-02,5.279308124994641291e-03,3.882048793600984538e-01
2.121697357886308949e-02,4.953480331198432084e-03,3.882048793600984538e-01
2.201761409127301825e-02,4.645974686527844753e-03,3.882048793600984538e-01
2.281825460368294700e-02,4.355882933091041222e-03,3.882048793600984538e-01
2.361889511609287576e-02,4.082333898342335038e-03,3.882048793600984538e-01
2.441953562850280104e-02,3.824492477415404167e-03,3.882048793600984538e-01
2.522017614091272980e-02,3.581558612029656866e-03,3.882048793600984538e-01
2.602081665332265856e-02,3.352766268465327739e-03,3.882048793600984538e-01
2.682145716573258731e-02,3.137382416947515334e-03,3.882048793600984538e-01
2.762209767814251607e-02,2.934706014626996262e-03,3.882048793600984538e-01
2.842273819055244136e-02,2.744066994199119165e-03,3.882048793600984538e-01
2.922337870296237011e-02,2.564825260054994210e-03,3.882048793600984538e-01
3.002401921537229887e-02,2.396369693719032495e-03,3.882048793600984538e-01
3.082465972778222763e-02,2.238117170188455313e-03,3.882048793600984538e-01
3.162530024019215291e-02,2.089511586657407608e-03,3.882048793600984538e-01
3.242594075260208514e-02,1.950022904978417114e-03,3.882048793600984538e-01
3.322658126501201042e-02,1.819146209089590261e-03,3.882048793600984538e-01
3.402722177742193571e-02,1.696400778515348576e-03,3.882048793600984538e-01
3.482786228983186794e-02,1.581329178933786866e-03,3.882048793600984538e-01
3.562850280224179322e-02,1.473496370691539667e-03,3.882048793600984538e-01
3.642914331465172545e-02,1.372488836042448429e-03,3.882048793600984538e-01
3.722978382706165074e-02,1.277913725784013497e-03,3.882048793600984538e-01
3.803042433947157602e-02,1.189398025870221694e-03,3.882048793600984538e-01
3.883106485188150825e-02,1.106587744487136241e-03,3.882048793600984538e-01
3.963170536429143354e-02,1.029147119991830495e-03,3.882048793600984538e-01
4.043234587670136576e-02,9.567578500326157217e-04,3.882048793600984538e-01
4.123298638911129105e-02,8.891183420918827556e-04,3.882048793600984538e-01
4.203362690152121633e-02,8.259429856203946273e-04,3.882048793600984538e-01
4.283426741393114856e-02,7.669614458636407443e-04,3.882048793600984538e-01
4.363490792634107385e-02,7.119179794179288740e-04,3.882048793600984538e-01
4.443554843875099913e-02,6.605707714944037074e-04,3.882048793600984538e-01
4.523618895116093136e-02,6.126912948146852030e-04,3.882048793600984538e-01
4.603682946357085665e-02,5.680636900111591574e-04,3.882048793600984538e-01
4.683746997598078887e-02,5.264841673581066714e-04,3.882048793600984538e-01
4.763811048839071416e-02,4.877604296175251002e-04,3.882048793600984538e-01
4.843875100080063945e-02,4.517111157440151605e-04,3.882048793600984538e-01
4.923939151321057167e-02,4.181652651578967976e-04,3.882048793600984538e-01
5.004003202562049696e-02,3.869618022638732918e-04,3.882048793600984538e-01
5.084067253803042918e-02,3.579490408637769189e-04,3.882048793600984538e-01
5.164131305044035447e-02,3.309842080863213275e-04,3.882048793600984538e-01
5.244195356285027976e-02,3.059329874346475276e-04,3.882048793600984538e-01
5.324259407526021198e-02,2.826690805323934033e-04,3.882048793600984538e-01
5.404323458767013727e-02,2.610737871325119063e-04,3.882048793600984538e-01
5.484387510008006950e-02,2.410356029383446631e-04,3.882048793600984538e-01
5.564451561248999478e-02,2.224498347747721724e-04,3.882048793600984538e-01
5.644515612489992007e-02,2.052182326375462840e-04,3.882048793600984538e-01
5.724579663730985229e-02,1.892486381412601453e-04,3.882048793600984538e-01
5.804643714971977758e-02,1.744546488810588499e-04,3.882048793600984538e-01
5.884707766212970981e-02,1.607552982194093737e-04,3.882048793600984538e-01
5.964771817453963509e-02,1.480747500073201033e-04,3.882048793600984538e-01
6.044835868694956038e-02,1.363420077490723698e-04,3.882048793600984538e-01
6.124899919935949261e-02,1.254906377206572803e-04,3.882048793600984538e-01
6.204963971176941789e-02,1.154585055545935410e-04,3.882048793600984538e-01
6.285028022417935012e-02,1.061875258075370692e-04,3.882048793600984538e-01
6.365092073658927541e-02,9.762342403195323724e-05,3.882048793600984538e-01
6.445156124899921457e-02,8.971551087901921445e-05,3.882048793600984538e-01
6.525220176140913986e-02,8.241646776673394856e-05,3.882048793600984538e-01
6.605284227381906514e-02,7.568214365486317671e-05,3.882048793600984538e-01
6.685348278622899043e-02,6.947136247670584964e-05,3.882048793600984538e-01
6.765412329863891572e-02,6.374574078671059940e-05,3.882048793600984538e-01
6.845476381104885488e-02,5.846951519258095775e-05,3.882048793600984538e-01
6.925540432345878017e-02,5.360937915053411054e-05,3.882048793600984538e-01
7.005604483586870546e-02,4.913432871292597282e-05,3.882048793600984538e-01
7.085668534827863074e-02,4.501551682827139108e-05,3.882048793600984538e-01
7.165732586068855603e-02,4.122611580480991600e-05,3.882048793600984538e-01
7.245796637309849519e-02,3.774118756013091592e-05,3.882048793600984538e-01
7.325860688550842048e-02,3.453756129084811489e-05,3.882048793600984538e-01
7.405924739791834577e-02,3.159371820796566169e-05,3.882048793600984538e-01
7.485988791032827105e-02,2.888968299523820342e-05,3.882048793600984538e-01
7.566052842273819634e-02,2.640692165956500345e-05,3.882048793600984538e-01
7.646116893514813551e-02,2.412824545411228650e-05,3.882048793600984538e-01
7.726180944755806079e-02,2.203772056651886633e-05,3.882048793600984538e-01
7.806244995996798608e-02,2.012058327606312683e-05,3.882048793600984538e-01
7.886309047237791137e-02,1.836316029509803673e-05,3.882048793600984538e-01
7.966373098478783665e-02,1.675279402133020748e-05,3.882048793600984538e-01
8.046437149719777582e-02,1.527777243862290447e-05,3.882048793600984538e-01
8.126501200960770110e-02,1.392726341490377833e-05,3.882048793600984538e-01
8.206565252201762639e-02,1.269125315645371727e-05,3.882048793600984538e-01
8.286629303442755168e-02,1.156048858831347356e-05,3.882048793600984538e-01
8.366693354683747696e-02,1.052642344076324787e-05,3.882048793600984538e-01
8.446757405924741613e-02,9.581167831793052959e-06,3.882048793600984538e-01
8.526821457165734142e-02,8.717441145171492227e-06,3.882048793600984538e-01
8.606885508406726670e-02,7.928528013144923377e-06,3.882048793600984538e-01
8.686949559647719199e-02,7.208237221930986719e-06,3.882048793600984538e-01
8.767013610888711728e-02,6.550863367027340558e-06,3.882048793600984538e-01
8.847077662129704256e-02,5.951151093910014317e-06,3.882048793600984538e-01
8.927141713370698173e-02,5.404261767971164763e-06,3.882048793600984538e-01
9.007205764611690701e-02,4.905742425516681994e-06,3.882048793600984538e-01
9.087269815852683230e-02,4.451496865328810170e-06,3.882048793600984538e-01
9.167333867093675759e-02,4.037758747690741896e-06,3.882048793600984538e-01
9.247397918334668288e-02,3.661066574873922497e-06,3.882048793600984538e-01
9.327461969575662204e-02,3.318240433903856022e-06,3.882048793600984538e-01
9.407526020816654733e-02,3.006360388957042211e-06,3.882048793600984538e-01
9.487590072057647261e-02,2.722746416998935622e-06,3.882048793600984538e-01
9.567654123298639790e-02,2.464939786260296202e-06,3.882048793600984538e-01
9.647718174539632319e-02,2.230685782867540009e-06,3.882048793600984538e-01
9.727782225780626235e-02,2.017917696403274093e-06,3.882048793600984538e-01
9.807846277021618764e-02,1.824741980378286293e-06,3.882048793600984538e-01
9.887910328262611293e-02,1.649424508556430769e-06,3.882048793600984538e-01
9.967974379503603821e-02,1.490377852791633048e-06,3.882048793600984538e-01
1.004803843074459635e-01,1.346149512524338538e-06,3.882048793600984538e-01
1.012810248198559027e-01,1.215411030345617639e-06,3.882048793600984538e-01
1.020816653322658280e-01,1.096947932081556410e-06,3.882048793600984538e-01
1.028823058446757532e-01,9.896504336850852308e-07,3.882048793600984538e-01
1.036829463570856785e-01,8.925048608542957043e-07,3.882048793600984538e-01
1.044835868694956038e-01,8.045857307337726802e-07,3.882048793600984538e-01
1.052842273819055430e-01,7.250484483065279149e-07,3.882048793600984538e-01
1.060848678943154683e-01,6.531225731546519943e-07,3.882048793600984538e-01
1.068855084067253935e-01,5.881056151666702149e-07,3.882048793600984538e-01
1.076861489191353188e-01,5.293573205041406060e-07,3.882048793600984538e-01
1.084867894315452441e-01,4.762944117175675068e-07,3.882048793600984538e-01
1.092874299439551833e-01,4.283857483289815825e-07,3.882048793600984538e-01
1.100880704563651086e-01,3.851478764826394816e-07,3.882048793600984538e-01
1.108887109687750339e-01,3.461409384127924699e-07,3.882048793600984538e-01
1.116893514811849591e-01,3.109649144954572165e-07,3.882048793600984538e-01
1.124899919935948844e-01,2.792561725451845091e-07,3.882048793600984538e-01
1.132906325060048236e-01,2.506843007950799693e-07,3.882048793600984538e-01
1.140912730184147489e-01,2.249492026640278292e-07,3.882048793600984538e-01
1.148919135308246742e-01,2.017784329757654653e-07,3.882048793600984538e-01
1.156925540432345995e-01,1.809247567548905878e-07,3.882048793600984538e-01
1.164931945556445247e-01,1.621639130913493510e-07,3.882048793600984538e-01
1.172938350680544639e-01,1.452925678419905274e-07,3.882048793600984538e-01
1.180944755804643892e-01,1.301264401306254685e-07,3.882048793600984538e-01
1.188951160928743145e-01,1.164985887215264517e-07,3.882048793600984538e-01
1.196957566052842398e-01,1.042578453798164820e-07,3.882048793600984538e-01
1.204963971176941651e-01,9.326738330031121386e-08,3.882048793600984538e-01
1.212970376301040903e-01,8.340340958809952523e-08,3.882048793600984538e-01
1.220976781425140295e-01,7.455397161360834329e-08,3.882048793600984538e-01
1.228983186549239548e-01,6.661786784570726326e-08,3.882048793600984538e-01
1.236989591673338801e-01,5.950365449232378248e-08,3.882048793600984538e-01
1.244995996797438054e-01,5.312873995244844581e-08,3.882048793600984538e-01
1.253002401921537168e-01,4.741855970950346771e-08,3.882048793600984538e-01
1.261008807045636559e-01,4.230582487693529339e-08,3.882048793600984538e-01
1.269015212169735674e-01,3.772983814555196022e-08,3.882048793600984538e-01
1.277021617293835065e-01,3.363587138122612975e-08,3.882048793600984538e-01
1.285028022417934457e-01,2.997459958378995345e-08,3.882048793600984538e-01
1.293034427542033571e-01,2.670158634568466440e-08,3.882048793600984538e-01
1.301040832666132963e-01,2.377681634456550803e-08,3.882048793600984538e-01
1.309047237790232077e-01,2.116427076972371100e-08,3.882048793600984538e-01
1.317053642914331468e-01,1.883154191998651402e-08,3.882048793600984538e-01
1.325060048038430860e-01,1.674948352259914036e-08,3.882048793600984538e-01
1.333066453162529974e-01,1.489189361029384030e-08,3.882048793600984538e-01
1.341072858286629366e-01,1.323522705905616473e-08,3.882048793600984538e-01
1.349079263410728480e-01,1.175833513354663507e-08,3.882048793600984538e-01
1.357085668534827871e-01,1.044222961228935010e-08,3.882048793600984538e-01
1.365092073658927263e-01,9.269869271957130647e-09,3.882048793600984538e-01
1.373098478783026377e-01,8.225966700698495774e-09,3.882048793600984538e-01
1.381104883907125769e-01,7.296813585695370518e-09,3.882048793600984538e-01
1.389111289031224883e-01,6.470122781147121629e-09,3.882048793600984538e-01
1.397117694155324275e-01,5.734885610722250602e-09,3.882048793600984538e-01
1.405124099279423666e-01,5.081242994204142158e-09,3.882048793600984538e-01
1.413130504403522780e-01,4.500369112503126916e-09,3.882048793600984538e-01
1.421136909527622172e-01,3.984366439286573086e-09,3.882048793600984538e-01
1.429143314651721286e-01,3.526171071987961558e-09,3.882048793600984538e-01
1.437149719775820678e-01,3.119467390652966385e-09,3.882048793600984538e-01
1.445156124899920069e-01,2.758611160648900079e-09,3.882048793600984538e-01
1.453162530024019183e-01,2.438560275358426447e-09,3.882048793600984538e-01
1.461168935148118575e-01,2.154812408186543105e-09,3.882048793600984538e-01
1.469175340272217689e-01,1.903348910095848263e-09,3.882048793600984538e-01
1.477181745396317081e-01,1.680584349953660869e-09,3.882048793600984538e-01
1.485188150520416472e-01,1.483321150703190537e-09,3.882048793600984538e-01
1.493194555644515586e-01,1.308708825201187654e-09,3.882048793600984538e-01
1.501200960768614978e-01,1.154207361897065234e-09,3.882048793600984538e-01
1.509207365892714092e-01,1.017554352741561315e-09,3.882048793600984538e-01
1.517213771016813484e-01,8.967354941505511045e-10,3.882048793600984538e-01
1.525220176140912876e-01,7.899581268302278384e-10,3.882048793600984538e-01
1.533226581265011990e-01,6.956275120883279658e-10,3.882048793600984538e-01
1.541232986389111381e-01,6.123255711809963747e-10,3.882048793600984538e-01
1.549239391513210495e-01,5.387918405269554969e-10,3.882048793600984538e-01
1.557245796637309887e-01,4.739064194878560316e-10,3.882048793600984538e-01
1.565252201761409279e-01,4.166747090755584689e-10,3.882048793600984538e-01
1.573258606885508393e-01,3.662137595989044835e-10,3.882048793600984538e-01
1.581265012009607784e-01,3.217400630793310243e-10,3.882048793600984538e-01
1.589271417133706898e-01,2.825586424106836801e-10,3.882048793600984538e-01
1.597277822257806290e-01,2.480533038620763505e-10,3.882048793600984538e-01
1.605284227381905682e-01,2.176779327607217038e-10,3.882048793600984538e-01
1.613290632506004796e-01,1.909487241686509702e-10,3.882048793600984538e-01
1.621297037630104187e-01,1.674372511984830884e-10,3.882048793600984538e-01
1.629303442754203302e-01,1.467642834026913645e-10,3.882048793600984538e-01
1.637309847878302693e-01,1.285942765141843142e-10,3.882048793600984538e-01
1.645316253002402085e-01,1.126304628007069021e-10,3.882048793600984538e-01
1.653322658126501199e-01,9.861047850105095642e-11,3.882048793600984538e-01
1.661329063250600591e-01,8.630247131030567872e-11,3.882048793600984538e-01
1.669335468374699705e-01,7.550163674039658245e-11,3.882048793600984538e-01
1.677341873498799096e-01,6.602713746141350660e-11,3.882048793600984538e-01
1.685348278622898488e-01,5.771936448366314444e-11,3.882048793600984538e-01
1.693354683746997602e-01,5.043750331997374829e-11,3.882048793600984538e-01
1.701361088871096994e-01,4.405737211799375610e-11,3.882048793600984538e-01
1.709367493995196108e-01,3.846950221442798885e-11,3.882048793600984538e-01
1.717373899119295499e-01,3.357743467483312450e-11,3.882048793600984538e-01
1.725380304243394614e-01,2.929620917788228980e-11,3.882048793600984538e-01
1.733386709367494005e-01,2.555102411276033194e-11,3.882048793600984538e-01
1.741393114491593397e-01,2.227604901064722975e-11,3.882048793600984538e-01
1.749399519615692511e-01,1.941337245148169445e-11,3.882048793600984538e-01
1.757405924739791903e-01,1.691207039834749597e-11,3.882048793600984538e-01
1.765412329863891017e-01,1.472738153477993114e-11,3.882048793600984538e-01
1.773418734987990408e-01,1.281997763381514414e-11,3.882048793600984538e-01
1.781425140112089800e-01,1.115531828880963773e-11,3.882048793600984538e-01
1.789431545236188914e-01,9.703080500280272637e-12,3.882048793600984538e-01
1.797437950360288306e-01,8.436654654188564601e-12,3.882048793600984538e-01
1.805444355484387420e-01,7.332699357753943882e-12,3.882048793600984538e-01
1.813450760608486811e-01,6.370748430360802848e-12,3.882048793600984538e-01
1.821457165732586203e-01,5.532864089618770078e-12,3.882048793600984538e-01
1.829463570856685317e-01,4.803331035347350187e-12,3.882048793600984538e-01
1.837469975980784709e-01,4.168386725478859522e-12,3.882048793600984538e-01
1.845476381104883823e-01,3.615983665045232524e-12,3.882048793600984538e-01
1.853482786228983215e-01,3.135579999259850111e-12,3.882048793600984538e-01
1.861489191353082606e-01,2.717955120251850680e-12,3.882048793600984538e-01
1.869495596477181720e-01,2.355047369672451021e-12,3.882048793600984538e-01
1.877502001601281112e-01,2.039811251049839906e-12,3.882048793600984538e-01
1.885508406725380226e-01,1.766091860782846623e-12,3.882048793600984538e-01
1.893514811849479618e-01,1.528514508961747952e-12,3.882048793600984538e-01
1.901521216973579009e-01,1.322387734298722666e-12,3.882048793600984538e-01
1.909527622097678123e-01,1.143618124497197433e-12,3.882048793600984538e-01
1.917534027221777515e-01,9.886355372070190943e-13,3.882048793600984538e-01
1.925540432345876629e-01,8.543274798330040838e-13,3.882048793600984538e-01
1.933546837469976021e-01,7.379815511464190529e-13,3.882048793600984538e-01
1.941553242594075412e-01,6.372349759173100244e-13,3.882048793600984538e-01
1.949559647718174527e-01,5.500303774472843670e-13,3.882048793600984538e-01
1.957566052842273918e-01,4.745770335532844016e-13,3.882048793600984538e-01
1.965572457966373032e-01,4.093169506759808147e-13,3.882048793600984538e-01
1.973578863090472424e-01,3.528951696478624778e-13,3.882048793600984538e-01
1.981585268214571816e-01,3.041337864057647052e-13,3.882048793600984538e-01
1.989591673338670930e-01,2.620092325932303157e-13,3.882048793600984538e-01
1.997598078462770321e-01,2.256324154825624923e-13,3.882048793600984538e-01
2.005604483586869435e-01,1.942313647672346590e-13,3.882048793600984538e-01
2.013610888710968827e-01,1.671360762555925563e-13,3.882048793600984538e-01
2.021617293835068219e-01,1.437652799803295642e-13,3.882048793600984538e-01
2.029623698959167333e-01,1.236148932971515959e-13,3.882048793600984538e-01
2.037630104083266724e-01,1.062479486890438156e-13,3.882048793600984538e-01
2.045636509207365838e-01,9.128581167150587854e-14,3.882048793600984538e-01
2.053642914331465230e-01,7.840052681027940561e-14,3.882048793600984538e-01
2.061649319455564622e-01,6.730814977233803484e-14,3.882048793600984538e-01
2.069655724579663736e-01,5.776294084925657479e-14,3.882048793600984538e-01
2.077662129703763128e-01,4.955231079939214304e-14,3.882048793600984538e-01
2.085668534827862242e-01,4.249242339974600228e-14,3.882048793600984538e-01
2.093674939951961633e-01,3.642437099960767707e-14,3.882048793600984538e-01
2.101681345076061025e-01,3.121084982068140103e-14,3.882048793600984538e-01
2.109687750200160139e-01,2.673327092444454771e-14,3.882048793600984538e-01
2.117694155324259531e-01,2.288925081911314994e-14,3.882048793600984538e-01
2.125700560448358645e-01,1.959043274043507514e-14,3.882048793600984538e-01
2.133706965572458036e-01,1.676059583129701453e-14,3.882048793600984538e-01
2.141713370696557428e-01,1.433401486987086849e-14,3.882048793600984538e-01
2.149719775820656542e-01,1.225403794727726730e-14,3.882048793600984538e-01
2.157726180944755934e-01,1.047185365526568055e-14,3.882048793600984538e-01
2.165732586068855048e-01,8.945422984183428357e-15,3.882048793600984538e-01
2.173738991192954439e-01,7.638554315057363062e-15,3.882048793600984538e-01
2.181745396317053831e-01,6.520102672830525122e-15,3.882048793600984538e-01
2.189751801441152945e-01,5.563276839924546761e-15,3.882048793600984538e-01
2.197758206565252337e-01,4.745040053654625611e-15,3.882048793600984538e-01
2.205764611689351451e-01,4.045591865709671095e-15,3.882048793600984538e-01
2.213771016813450843e-01,3.447920360422848141e-15,3.882048793600984538e-01
2.221777421937550234e-01,2.937415340327375662e-15,3.882048793600984538e-01
2.229783827061649348e-01,2.501534318373310295e-15,3.882048793600984538e-01
2.237790232185748740e-01,2.129514228861206504e-15,3.882048793600984538e-01
2.245796637309847854e-01,1.812122703537117657e-15,3.882048793600984538e-01
2.253803042433947246e-01,1.541443572854865730e-15,3.882048793600984538e-01
2.261809447558046637e-01,1.310691960444764163e-15,3.882048793600984538e-01
2.269815852682145751e-01,1.114054954749602063e-15,3.882048793600984538e-01
2.277822257806245143e-01,9.465543773347205933e-16,3.882048793600984538e-01
2.285828662930344257e-01,8.039286328326179543e-16,3.882048793600984538e-01
2.293835068054443649e-01,6.825310298322476253e-16,3.882048793600984538e-01
2.301841473178543040e-01,5.792423131358815462e-16,3.882048793600984538e-01
2.309847878302642155e-01,4.913954525518728189e-16,3.882048793600984538e-01
2.317854283426741546e-01,4.167109977759727707e-16,3.882048793600984538e-01
2.325860688550840660e-01,3.532415381791129158e-16,3.882048793600984538e-01
2.333867093674940052e-01,2.993240050419080080e-16,3.882048793600984538e-01
2.341873498799039444e-01,2.535387259475563068e-16,3.882048793600984538e-01
2.349879903923138558e-01,2.146742901460416342e-16,3.882048793600984538e-01
2.357886309047237949e-01,1.816974127671703973e-16,3.882048793600984538e-01
2.365892714171337063e-01,1.537270974308490104e-16,3.882048793600984538e-01
2.373899119295436455e-01,1.300124933812013255e-16,3.882048793600984538e-01
2.381905524419535847e-01,1.099139267591518349e-16,3.882048793600984538e-01
2.389911929543634961e-01,9.288665776830466135e-17,3.882048793600984538e-01
2.397918334667734352e-01,7.846697779584803168e-17,3.882048793600984538e-01
2.405924739791833467e-01,6.626031434040499408e-17,3.882048793600984538e-01
2.413931144915932858e-01,5.593105801570479869e-17,3.882048793600984538e-01
2.421937550040031972e-01,4.719386593566033597e-17,3.882048793600984538e-01
2.429943955164131364e-01,3.980623030455933308e-17,3.882048793600984538e-01
2.437950360288230756e-01,3.356213078313026400e-17,3.882048793600984538e-01
2.445956765412329870e-01,2.828661482536144178e-17,3.882048793600984538e-01
2.453963170536429261e-01,2.383117224380027130e-17,3.882048793600984538e-01
2.461969575660528375e-01,2.006978924921366933e-17,3.882048793600984538e-01
2.469975980784627767e-01,1.689558354525813884e-17,3.882048793600984538e-01
2.477982385908727159e-01,1.421793610472568534e-17,3.882048793600984538e-01
2.485988791032826273e-01,1.196004732646212276e-17,3.882048793600984538e-01
2.493995196156925664e-01,1.005685564382323453e-17,3.882048793600984538e-01
2.502001601281024779e-01,8.453265562275513490e-18,3.882048793600984538e-01
2.510008006405124448e-01,7.102639749011475342e-18,3.882048793600984538e-01
2.518014411529223562e-01,5.965516357027226241e-18,3.882048793600984538e-01
2.526020816653322676e-01,5.008518391705729007e-18,3.882048793600984538e-01
2.534027221777421790e-01,4.203426750442374502e-18,3.882048793600984538e-01
2.542033626901521459e-01,3.526392698068882978e-18,3.882048793600984538e-01
2.550040032025620573e-01,2.957269080038347991e-18,3.882048793600984538e-01
2.558046437149719687e-01,2.479042605300717096e-18,3.882048793600984538e-01
2.566052842273819357e-01,2.077352123666537613e-18,3.882048793600984538e-01
2.574059247397918471e-01,1.740080040311189603e-18,3.882048793600984538e-01
2.582065652522017585e-01,1.457005906326070270e-18,3.882048793600984538e-01
2.590072057646117254e-01,1.219512844800700306e-18,3.882048793600984538e-01
2.598078462770216368e-01,1.020338856297868204e-18,3.882048793600984538e-01
2.606084867894315482e-01,8.533662296722635043e-19,3.882048793600984538e-01
2.614091273018414596e-01,7.134432931017563009e-19,3.882048793600984538e-01
2.622097678142514265e-01,5.962336009437098130e-19,3.882048793600984538e-01
2.630104083266613380e-01,4.980883860394514003e-19,3.882048793600984538e-01
2.638110488390712494e-01,4.159387327557153463e-19,3.882048793600984538e-01
2.646116893514812163e-01,3.472044591337226876e-19,3.882048793600984538e-01
2.654123298638911277e-01,2.897171505176355738e-19,3.882048793600984538e-01
2.662129703763010391e-01,2.416551735185124284e-19,3.882048793600984538e-01
2.670136108887110060e-01,2.014888280354969658e-19,3.882048793600984538e-01
2.678142514011209174e-01,1.679340747720128653e-19,3.882048793600984538e-01
2.686148919135308288e-01,1.399135134935407785e-19,3.882048793600984538e-01
2.694155324259407402e-01,1.165234893664559266e-19,3.882048793600984538e-01
2.702161729383507072e-01,9.700637638418798680e-20,3.882048793600984538e-01
2.710168134507606186e-01,8.072723264562799832e-20,3.882048793600984538e-01
2.718174539631705300e-01,6.715414595766363535e-20,3.882048793600984538e-01
2.726180944755804969e-01,5.584169318014814806e-20,3.882048793600984538e-01
2.734187349879904083e-01,4.641702572409772015e-20,3.882048793600984538e-01
2.742193755004003197e-01,3.856816904523469349e-20,3.882048793600984538e-01
2.750200160128102311e-01,3.203418788428531213e-20,3.882048793600984538e-01
2.758206565252201981e-01,2.659692312921665246e-20,3.882048793600984538e-01
2.766212970376301095e-01,2.207405199163538999e-20,3.882048793600984538e-01
2.774219375500400209e-01,1.831326195794611594e-20,3.882048793600984538e-01
2.782225780624499878e-01,1.518736176599270216e-20,3.882048793600984538e-01
2.790232185748598992e-01,1.259018037968417869e-20,3.882048793600984538e-01
2.798238590872698106e-01,1.043312836092469445e-20,3.882048793600984538e-01
2.806244995996797775e-01,8.642315826950562480e-21,3.882048793600984538e-01
2.814251401120896889e-01,7.156137889725098501e-21,3.882048793600984538e-01
2.822257806244996003e-01,5.923252575775978924e-21,3.882048793600984538e-01
2.830264211369095118e-01,4.900888121380543992e-21,3.882048793600984538e-01
2.838270616493194787e-01,4.053426569882301603e-21,3.882048793600984538e-01
2.846277021617293901e-01,3.351219053786855032e-21,3.882048793600984538e-01
2.854283426741393015e-01,2.769595268691753074e-21,3.882048793600984538e-01
2.862289831865492684e-01,2.288035646138489585e-21,3.882048793600984538e-01
2.870296236989591798e-01,1.889479783428558715e-21,3.882048793600984538e-01
2.878302642113690912e-01,1.559748938624965012e-21,3.882048793600984538e-01
2.886309047237790582e-01,1.287063973800061898e-21,3.882048793600984538e-01
2.894315452361889696e-01,1.061643135114723454e-21,3.882048793600984538e-01
2.902321857485988810e-01,8.753665841144297999e-22,3.882048793600984538e-01
2.910328262610087924e-01,7.214967163709443428e-22,3.882048793600984538e-01
2.918334667734187593e-01,5.944450851638725019e-22,3.882048793600984538e-01
2.926341072858286707e-01,4.895782431881407718e-22,3.882048793600984538e-01
2.934347477982385821e-01,4.030560697582196147e-22,3.882048793600984538e-01
2.942353883106485490e-01,3.316972029910726774e-22,3.882048793600984538e-01
2.950360288230584604e-01,2.728670782915498248e-22,3.882048793600984538e-01
2.958366693354683719e-01,2.243848133487030555e-22,3.882048793600984538e-01
2.966373098478783388e-01,1.844457986914194477e-22,3.882048793600984538e-01
2.974379503602882502e-01,1.515573709302069790e-22,3.882048793600984538e-01
2.982385908726981616e-01,1.244853793519243898e-22,3.882048793600984538e-01
2.990392313851080730e-01,1.022098191761701168e-22,3.882048793600984538e-01
2.998398718975180399e-01,8.388800799185895756e-23,3.882048793600984538e-01
3.006405124099279513e-01,6.882403530304690158e-23,3.882048793600984538e-01
3.014411529223378627e-01,5.644342681363693480e-23,3.882048793600984538e-01
3.022417934347478297e-01,4.627214186170852231e-23,3.882048793600984538e-01
3.030424339471577411e-01,3.791916997325043834e-23,3.882048793600984538e-01
3.038430744595676525e-01,3.106211562054712811e-23,3.882048793600984538e-01
3.046437149719776194e-01,2.543526294796702461e-23,3.882048793600984538e-01
3.054443554843875308e-01,2.081969782428087230e-23,3.882048793600984538e-01
3.062449959967974422e-01,1.703513590720096296e-23,3.882048793600984538e-01
3.070456365092073536e-01,1.393316481653231365e-23,3.882048793600984538e-01
3.078462770216173205e-01,1.139165797692428766e-23,3.882048793600984538e-01
3.086469175340272320e-01,9.310158857452707694e-24,3.882048793600984538e-01
3.094475580464371434e-01,7.606068580902179010e-24,3.882048793600984538e-01
3.102481985588471103e-01,6.211498352073823014e-24,3.882048793600984538e-01
3.110488390712570217e-01,5.070671823671798150e-24,3.882048793600984538e-01
3.118494795836669331e-01,4.137782183564719994e-24,3.882048793600984538e-01
3.126501200960769000e-01,3.375225078938521610e-24,3.882048793600984538e-01
3.134507606084868114e-01,2.752142050422683830e-24,3.882048793600984538e-01
3.142514011208967228e-01,2.243220399187540995e-24,3.882048793600984538e-01
3.150520416333066342e-01,1.827704741135447286e-24,3.882048793600984538e-01
3.158526821457166012e-01,1.488583238666547782e-24,3.882048793600984538e-01
3.166533226581265126e-01,1.211917911956965007e-24,3.882048793600984538e-01
3.174539631705364240e-01,9.862937429095233909e-25,3.882048793600984538e-01
3.182546036829463909e-01,8.023656828883447772e-25,3.882048793600984538e-01
3.190552441953563023e-01,6.524863155360337718e-25,3.882048793600984538e-01
3.198558847077662137e-01,5.303999376976936747e-25,3.882048793600984538e-01
3.206565252201761806e-01,4.309913121961779403e-25,3.882048793600984538e-01
3.214571657325860921e-01,3.500794051849451898e-25,3.882048793600984538e-01
3.222578062449960035e-01,2.842481221728979739e-25,3.882048793600984538e-01
3.230584467574059149e-01,2.307074620941567336e-25,3.882048793600984538e-01
3.238590872698158818e-01,1.871796690270278804e-25,3.882048793600984538e-01
3.246597277822257932e-01,1.518059186810607685e-25,3.882048793600984538e-01
3.254603682946357046e-01,1.230698666569221630e-25,3.882048793600984538e-01
3.262610088070456715e-01,9.973503681530558517e-26,3.882048793600984538e-01
3.270616493194555829e-01,8.079356494757331870e-26,3.882048793600984538e-01
3.278622898318654943e-01,6.542425525711354931e-26,3.882048793600984538e-01
3.286629303442754613e-01,5.295827143296719800e-26,3.882048793600984538e-01
3.294635708566853727e-01,4.285108397117267019e-26,3.882048793600984538e-01
3.302642113690952841e-01,3.465954215641397137e-26,3.882048793600984538e-01
3.310648518815051955e-01,2.802314208087515122e-26,3.882048793600984538e-01
3.318654923939151624e-01,2.264872895116568778e-26,3.882048793600984538e-01
3.326661329063250738e-01,1.829800907805244172e-26,3.882048793600984538e-01
3.334667734187349852e-01,1.477735960728523557e-26,3.882048793600984538e-01
3.342674139311449522e-01,1.192951656424849496e-26,3.882048793600984538e-01
3.350680544435548636e-01,9.626797722408060238e-27,3.882048793600984538e-01
3.358686949559647750e-01,7.765579110021967259e-27,3.882048793600984538e-01
3.366693354683747419e-01,6.261795067509068565e-27,3.882048793600984538e-01
3.374699759807846533e-01,5.047273657495361326e-27,3.882048793600984538e-01
3.382706164931945647e-01,4.066753556034207932e-27,3.882048793600984538e-01
3.390712570056044761e-01,3.275456670651904145e-27,3.882048793600984538e-01
3.398718975180144430e-01,2.637113752344997777e-27,3.882048793600984538e-01
3.406725380304243544e-01,2.122359110112353078e-27,3.882048793600984538e-01
3.414731785428342659e-01,1.707425950613426325e-27,3.882048793600984538e-01
3.422738190552442328e-01,1.373086470351054165e-27,3.882048793600984538e-01
3.430744595676541442e-01,1.103791131090528632e-27,3.882048793600984538e-01
3.438751000800640556e-01,8.869699677750747605e-28,3.882048793600984538e-01
3.446757405924739670e-01,7.124656539084493259e-28,3.882048793600984538e-01
3.454763811048839339e-01,5.720736626686376293e-28,3.882048793600984538e-01
3.462770216172938453e-01,4.591694427821722726e-28,3.882048793600984538e-01
3.470776621297037567e-01,3.684062648037021489e-28,3.882048793600984538e-01
3.478783026421137237e-01,2.954704402100940747e-28,3.882048793600984538e-01
3.486789431545236351e-01,2.368830989641140128e-28,3.882048793600984538e-01
3.494795836669335465e-01,1.898397343169429429e-28,3.882048793600984538e-01
3.502802241793435134e-01,1.520803711794378906e-28,3.882048793600984538e-01
3.510808646917534248e-01,1.217845555578734162e-28,3.882048793600984538e-01
3.518815052041633362e-01,9.748645385137371281e-29,3.882048793600984538e-01
3.526821457165732476e-01,7.800623843024874844e-29,3.882048793600984538e-01
3.534827862289832145e-01,6.239465757359477234e-29,3.882048793600984538e-01
3.542834267413931260e-01,4.988827432651076502e-29,3.882048793600984538e-01
3.550840672538030374e-01,3.987333526261533095e-29,3.882048793600984538e-01
3.558847077662130043e-01,3.185661699874282120e-29,3.882048793600984538e-01
3.566853482786229157e-01,2.544191231806059814e-29,3.882048793600984538e-01
3.574859887910328271e-01,2.031107253611751481e-29,3.882048793600984538e-01
3.582866293034427940e-01,1.620872938053210972e-29,3.882048793600984538e-01
3.590872698158527054e-01,1.292998716902359496e-29,3.882048793600984538e-01
3.598879103282626168e-01,1.031051179999220368e-29,3.882048793600984538e-01
3.606885508406725283e-01,8.218552994634869100e-30,3.882048793600984538e-01
3.614891913530824952e-01,6.548525230932162479e-30,3.882048793600984538e-01
3.622898318654924066e-01,5.215844865728469350e-30,3.882048793600984538e-01
3.630904723779023180e-01,4.152779270250988390e-30,3.882048793600984538e-01
3.638911128903122849e-01,3.305110987672106350e-30,3.882048793600984538e-01
3.646917534027221963e-01,2.629458028285494066e-30,3.882048793600984538e-01
3.654923939151321077e-01,2.091122141035254631e-30,3.882048793600984538e-01
3.662930344275420746e-01,1.662361667852909623e-30,3.882048793600984538e-01
3.670936749399519861e-01,1.321005616380487223e-30,3.882048793600984538e-01
3.678943154523618975e-01,1.049341866423233103e-30,3.882048793600984538e-01
3.686949559647718089e-01,8.332256777891880799e-31,3.882048793600984538e-01
3.694955964771817758e-01,6.613653592045252294e-31,3.882048793600984538e-01
3.702962369895916872e-01,5.247504119016014577e-31,3.882048793600984538e-01
3.710968775020015986e-01,4.161940217180136403e-31,3.882048793600984538e-01
3.718975180144115655e-01,3.299669179075507966e-31,3.882048793600984538e-01
3.726981585268214769e-01,2.615039059905147204e-31,3.882048793600984538e-01
3.734987990392313884e-01,2.071682514208108198e-31,3.882048793600984538e-01
3.742994395516413553e-01,1.640626299790419605e-31,3.882048793600984538e-01
3.751000800640512667e-01,1.298782773974672921e-31,3.882048793600984538e-01
3.759007205764611781e-01,1.027758377460971666e-31,3.882048793600984538e-01
3.767013610888710895e-01,8.129207855637502374e-32,3.882048793600984538e-01
3.775020016012810564e-01,6.426653223444141304e-32,3.882048793600984538e-01
3.783026421136909678e-01,5.078213933817110182e-32,3.882048793600984538e-01
3.791032826261008792e-01,4.011499160361383312e-32,3.882048793600984538e-01
3.799039231385108462e-01,3.169054204322058598e-32,3.882048793600984538e-01
3.807045636509207576e-01,2.504645939273722859e-32,3.882048793600984538e-01
3.815052041633306690e-01,1.980429764755344172e-32,3.882048793600984538e-01
3.823058446757406359e-01,1.565212408871412469e-32,3.882048793600984538e-01
3.831064851881505473e-01,1.233798855666666871e-32,3.882048793600984538e-01
3.839071257005604587e-01,9.670717444675691031e-33,3.882048793600984538e-01
3.847077662129703701e-01,7.521898061380016081e-33,3.882048793600984538e-01
3.855084067253803370e-01,5.822774684327927896e-33,3.882048793600984538e-01
3.863090472377902485e-01,4.552558065791950427e-33,3.882048793600984538e-01
3.871096877502001599e-01,3.719218703962274575e-33,3.882048793600984538e-01
3.879103282626101268e-01,3.338023455347009849e-33,3.882048793600984538e-01
3.887109687750200382e-01,3.414843177224418961e-33,3.882048793600984538e-01
3.895116092874299496e-01,3.939781018182841737e-33,3.882048793600984538e-01
3.903122497998399165e-01,4.892748153890884323e-33,3.882048793600984538e-01
3.911128903122498279e-01,6.258198387156960736e-33,3.882048793600984538e-01
3.919135308246597393e-01,8.043375669252730039e-33,3.882048793600984538e-01
3.927141713370696507e-01,1.029425842359086995e-32,3.882048793600984538e-01
3.935148118494796177e-01,1.310566018812353256e-32,3.882048793600984538e-01
3.943154523618895291e-01,1.662534853962119486e-32,3.882048793600984538e-01
3.951160928742994405e-01,2.105496400076443771e-32,3.882048793600984538e-01
3.959167333867094074e-01,2.665186337768371082e-32,3.882048793600984538e-01
3.967173738991193188e-01,3.373561223190906044e-32,3.882048793600984538e-01
3.975180144115292302e-01,4.270135800160744126e-32,3.882048793600984538e-01
3.983186549239391971e-01,5.404071285039385995e-32,3.882048793600984538e-01
3.991192954363491086e-01,6.836985493610414853e-32,3.882048793600984538e-01
3.999199359487590200e-01,8.646461159952841551e-32,3.882048793600984538e-01
4.007205764611689314e-01,1.093031249832035795e-31,3.882048793600984538e-01
4.015212169735788983e-01,1.381178805805245733e-31,3.882048793600984538e-01
4.023218574859888097e-01,1.744600041522401959e-31,3.882048793600984538e-01
4.031224979983987211e-01,2.202796266657359979e-31,3.882048793600984538e-01
4.039231385108086880e-01,2.780268468365707298e-31,3.882048793600984538e-01
4.047237790232185994e-01,3.507785962077459670e-31,3.882048793600984538e-01
4.055244195356285108e-01,4.423977572406362013e-31,3.882048793600984538e-01
4.063250600480384778e-01,5.577323571976065816e-31,3.882048793600984538e-01
4.071257005604483892e-01,7.028646364132822608e-31,3.882048793600984538e-01
4.079263410728583006e-01,8.854223067117857870e-31,3.882048793600984538e-01
4.087269815852682120e-01,1.114967428266667484e-30,3.882048793600984538e-01
4.095276220976781789e-01,1.403482149948082844e-30,3.882048793600984538e-01
4.103282626100880903e-01,1.765975255126296129e-30,3.882048793600984538e-01
4.111289031224980017e-01,2.221239269753393085e-30,3.882048793600984538e-01
4.119295436349079687e-01,2.792795114136916182e-30,3.882048793600984538e-01
4.127301841473178801e-01,3.510070261360165658e-30,3.882048793600984538e-01
4.135308246597277915e-01,4.409867520201287143e-30,3.882048793600984538e-01
4.143314651721377029e-01,5.538195397597100641e-30,3.882048793600984538e-01
4.151321056845476698e-01,6.952548145133814614e-30,3.882048793600984538e-01
4.159327461969575812e-01,8.724744837839328713e-30,3.882048793600984538e-01
4.167333867093674926e-01,1.094446314056212193e-29,3.882048793600984538e-01
4.175340272217774595e-01,1.372363598399932082e-29,3.882048793600984538e-01
4.183346677341873709e-01,1.720191967382797830e-29,3.882048793600984538e-01
4.191353082465972824e-01,2.155349180912348008e-29,3.882048793600984538e-01
4.199359487590072493e-01,2.699549902781687926e-29,3.882048793600984538e-01
4.207365892714171607e-01,3.379855078287221578e-29,3.882048793600984538e-01
4.215372297838270721e-01,4.229974947575600066e-29,3.882048793600984538e-01
4.223378702962369835e-01,5.291886350873932919e-29,3.882048793600984538e-01
4.231385108086469504e-01,6.617839330048279058e-29,3.882048793600984538e-01
4.239391513210568618e-01,8.272845735475498957e-29,3.882048793600984538e-01
4.247397918334667732e-01,1.033776438409458271e-28,3.882048793600984538e-01
4.255404323458767402e-01,1.291312423708998729e-28,3.882048793600984538e-01
4.263410728582866516e-01,1.612386024472718863e-28,3.882048793600984538e-01
4.271417133706965630e-01,2.012517737843117771e-28,3.882048793600984538e-01
4.279423538831065299e-01,2.510980869946014054e-28,3.882048793600984538e-01
4.287429943955164413e-01,3.131699526187007724e-28,3.882048793600984538e-01
4.295436349079263527e-01,3.904359186580484092e-28,3.882048793600984538e-01
4.303442754203362641e-01,4.865779641390048437e-28,3.882048793600984538e-01
4.311449159327462310e-01,6.061611585758795710e-28,3.882048793600984538e-01
4.319455564451561425e-01,7.548432332290890969e-28,3.882048793600984538e-01
4.327461969575660539e-01,9.396333493901003586e-28,3.882048793600984538e-01
4.335468374699760208e-01,1.169211484503258496e-27,3.882048793600984538e-01
4.343474779823859322e-01,1.454322477937809710e-27,3.882048793600984538e-01
4.351481184947958436e-01,1.808261993659795114e-27,3.882048793600984538e-01
4.359487590072058105e-01,2.247475600107464958e-27,3.882048793600984538e-01
4.367493995196157219e-01,2.792297000888752749e-27,3.882048793600984538e-01
4.375500400320256333e-01,3.467857372049557042e-27,3.882048793600984538e-01
4.383506805444355447e-01,4.305205014879998567e-27,3.882048793600984538e-01
4.391513210568455117e-01,5.342683413024171020e-27,3.882048793600984538e-01
4.399519615692554231e-01,6.627626649315087517e-27,3.882048793600984538e-01
4.407526020816653345e-01,8.218444430300025313e-27,3.882048793600984538e-01
4.415532425940753014e-01,1.018718521967456900e-26,3.882048793600984538e-01
4.423538831064852128e-01,1.262268584700163699e-26,3.882048793600984538e-01
4.431545236188951242e-01,1.563444022774786722e-26,3.882048793600984538e-01
4.439551641313050911e-01,1.935734946905583735e-26,3.882048793600984538e-01
4.447558046437150026e-01,2.395755181539510026e-26,3.882048793600984538e-01
4.455564451561249140e-01,2.963957503463181749e-26,3.882048793600984538e-01
4.463570856685348254e-01,3.665510768998991724e-26,3.882048793600984538e-01
4.471577261809447923e-01,4.531375139017246337e-26,3.882048793600984538e-01
4.479583666933547037e-01,5.599619611209222097e-26,3.882048793600984538e-01
4.487590072057646151e-01,6.917035814680753734e-26,3.882048793600984538e-01
4.495596477181745820e-01,8.541113888779392210e-26,3.882048793600984538e-01
4.503602882305844934e-01,1.054246071186597627e-25,3.882048793600984538e-01
4.511609287429944048e-01,1.300775831875116926e-25,3.882048793600984538e-01
4.519615692554043718e-01,1.604338171675913328e-25,3.882048793600984538e-01
4.527622097678142832e-01,1.977982128997524329e-25,3.882048793600984538e-01
4.535628502802241946e-01,2.437708654973951176e-25,3.882048793600984538e-01
4.543634907926341060e-01,3.003130633316245354e-25,3.882048793600984538e-01
4.551641313050440729e-01,3.698278710502427029e-25,3.882048793600984538e-01
4.559647718174539843e-01,4.552584751614943276e-25,3.882048793600984538e-01
4.567654123298638957e-01,5.602081590869936601e-25,3.882048793600984538e-01
4.575660528422738627e-01,6.890866056663588878e-25,3.882048793600984538e-01
4.583666933546837741e-01,8.472882324349922811e-25,3.882048793600984538e-01
4.591673338670936855e-01,1.041409485465795335e-24,3.882048793600984538e-01
4.599679743795036524e-01,1.279513495643478870e-24,3.882048793600984538e-01
4.607686148919135638e-01,1.571452290548986175e-24,3.882048793600984538e-01
4.615692554043234752e-01,1.929258920302124190e-24,3.882048793600984538e-01
4.623698959167333866e-01,2.367624474596942688e-24,3.882048793600984538e-01
4.631705364291433535e-01,2.904478134516991088e-24,3.882048793600984538e-01
4.639711769415532649e-01,3.561692229381271790e-24,3.882048793600984538e-01
4.647718174539631764e-01,4.365938891602519731e-24,3.882048793600984538e-01
4.655724579663731433e-01,5.349730484611547363e-24,3.882048793600984538e-01
4.663730984787830547e-01,6.552682716568584831e-24,3.882048793600984538e-01
4.671737389911929661e-01,8.023047481664550845e-24,3.882048793600984538e-01
4.679743795036029330e-01,9.819572274546074179e-24,3.882048793600984538e-01
4.687750200160128444e-01,1.201375484178770103e-23,3.882048793600984538e-01
4.695756605284227558e-01,1.469257597543104146e-23,3.882048793600984538e-01
4.703763010408326672e-01,1.796181050680997037e-23,3.882048793600984538e-01
4.711769415532426342e-01,2.195003721100872579e-23,3.882048793600984538e-01
4.719775820656525456e-01,2.681349318660625154e-23,3.882048793600984538e-01
4.727782225780624570e-01,3.274194817427885334e-23,3.882048793600984538e-01
4.735788630904724239e-01,3.996581023012229830e-23,3.882048793600984538e-01
4.743795036028823353e-01,4.876471738258895879e-23,3.882048793600984538e-01
4.751801441152922467e-01,5.947792182013907259e-23,3.882048793600984538e-01
4.759807846277022136e-01,7.251683550750180493e-23,3.882048793600984538e-01
4.767814251401121250e-01,8.838018097645104516e-23,3.882048793600984538e-01
4.775820656525220365e-01,1.076722808494063636e-22,3.882048793600984538e-01
4.783827061649319479e-01,1.311251273770477624e-22,3.882048793600984538e-01
4.791833466773419148e-01,1.596250024219807956e-22,3.882048793600984538e-01
4.799839871897518262e-01,1.942445730958733645e-22,3.882048793600984538e-01
4.807846277021617376e-01,2.362815736635884406e-22,3.882048793600984538e-01
4.815852682145717045e-01,2.873054063323871227e-22,3.882048793600984538e-01
4.823859087269816159e-01,3.492132592590710669e-22,3.882048793600984538e-01
4.831865492393915273e-01,4.242976580051357430e-22,3.882048793600984538e-01
4.839871897518014388e-01,5.153277468353386747e-22,3.882048793600984538e-01
4.847878302642114057e-01,6.256470506939310469e-22,3.882048793600984538e-01
4.855884707766213171e-01,7.592910116849055363e-22,3.882048793600984538e-01
4.863891112890312285e-01,9.211282424093564337e-22,3.882048793600984538e-01
4.871897518014411954e-01,1.117030212756820176e-21,3.882048793600984538e-01
4.879903923138511068e-01,1.354075010685649177e-21,3.882048793600984538e-01
4.887910328262610182e-01,1.640791919636697938e-21,3.882048793600984538e-01
4.895916733386709851e-01,1.987454869300770051e-21,3.882048793600984538e-01
4.903923138510808966e-01,2.406434382609962978e-21,3.882048793600984538e-01
4.911929543634908080e-01,2.912619507599518860e-21,3.882048793600984538e-01
4.919935948759007194e-01,3.523923444576374991e-21,3.882048793600984538e-01
4.927942353883106863e-01,4.261889223627307443e-21,3.882048793600984538e-01
4.935948759007205977e-01,5.152414934040155944e-21,3.882048793600984538e-01
4.943955164131305091e-01,6.226621749343776614e-21,3.882048793600984538e-01
4.951961569255404760e-01,7.521892440269786245e-21,3.882048793600984538e-01
4.959967974379503874e-01,9.083113354081897856e-21,3.882048793600984538e-01
4.967974379503602989e-01,1.096415911743843574e-20,3.882048793600984538e-01
4.975980784627702658e-01,1.322966677443090909e-20,3.882048793600984538e-01
4.983987189751801772e-01,1.595715491806807742e-20,3.882048793600984538e-01
4.991993594875900886e-01,1.923955386776472518e-20,3.882048793600984538e-01
5.000000000000000000e-01,2.318822538885873663e-20,3.882048793600984538e-01
5.008006405124099114e-01,2.793656519861135978e-20,3.882048793600984538e-01
5.016012810248199338e-01,3.364429897594528447e-20,3.882048793600984538e-01
5.024019215372298452e-01,4.050260328377839182e-20,3.882048793600984538e-01
5.032025620496397567e-01,4.874020730562858604e-20,3.882048793600984538e-01
5.040032025620496681e-01,5.863066027817266376e-20,3.882048793600984538e-01
5.048038430744595795e-01,7.050098377586355513e-20,3.882048793600984538e-01
5.056044835868694909e-01,8.474196852252922630e-20,3.882048793600984538e-01
5.064051240992794023e-01,1.018204232850831565e-19,3.882048793600984538e-01
5.072057646116894247e-01,1.222937399591945055e-19,3.882048793600984538e-01
5.080064051240993361e-01,1.468272057287690240e-19,3.882048793600984538e-01
5.088070456365092475e-01,1.762145719825246273e-19,3.882048793600984538e-01
5.096076861489191590e-01,2.114024826286876781e-19,3.882048793600984538e-01
5.104083266613290704e-01,2.535194740590150366e-19,3.882048793600984538e-01
5.112089671737389818e-01,3.039103882031043684e-19,3.882048793600984538e-01
5.120096076861488932e-01,3.641771923154060303e-19,3.882048793600984538e-01
5.128102481985589156e-01,4.362273783718096778e-19,3.882048793600984538e-01
5.136108887109688270e-01,5.223313259302713342e-19,3.882048793600984538e-01
5.144115292233787384e-01,6.251902605458646670e-19,3.882048793600984538e-01
5.152121697357886498e-01,7.480167317774364405e-19,3.882048793600984538e-01
5.160128102481985612e-01,8.946298780296090351e-19,3.882048793600984538e-01
5.168134507606084727e-01,1.069568148765891575e-18,3.882048793600984538e-01
5.176140912730184951e-01,1.278222628319552877e-18,3.882048793600984538e-01
5.184147317854284065e-01,1.526994661665755449e-18,3.882048793600984538e-01
5.192153722978383179e-01,1.823482135170224771e-18,3.882048793600984538e-01
5.200160128102482293e-01,2.176699530909925673e-18,3.882048793600984538e-01
5.208166533226581407e-01,2.597337770825171491e-18,3.882048793600984538e-01
5.216172938350680521e-01,3.098070919032085526e-18,3.882048793600984538e-01
5.224179343474779635e-01,3.693918043134161374e-18,3.882048793600984538e-01
5.232185748598879860e-01,4.402669978629505866e-18,3.882048793600984538e-01
5.240192153722978974e-01,5.245392429823357223e-18,3.882048793600984538e-01
5.248198558847078088e-01,6.247018817105131268e-18,3.882048793600984538e-01
5.256204963971177202e-01,7.437048591842067775e-18,3.882048793600984538e-01
5.264211369095276316e-01,8.850369442045163185e-18,3.882048793600984538e-01
5.272217774219375430e-01,1.052822496898763842e-17,3.882048793600984538e-01
5.280224179343474544e-01,1.251935310214602835e-17,3.882048793600984538e-01
5.288230584467574769e-01,1.488132482434628323e-17,3.882048793600984538e-01
5.296236989591673883e-01,1.768211780195906412e-17,3.882048793600984538e-01
5.304243394715772997e-01,2.100196537379064636e-17,3.882048793600984538e-01
5.312249799839872111e-01,2.493552818300521572e-17,3.882048793600984538e-01
5.320256204963971225e-01,2.959444369675426633e-17,3.882048793600984538e-01
5.328262610088070339e-01,3.511031813090653143e-17,3.882048793600984538e-01
5.336269015212170563e-01,4.163823609398347866e-17,3.882048793600984538e-01
5.344275420336269677e-01,4.936087583006275791e-17,3.882048793600984538e-01
5.352281825460368792e-01,5.849333255843680070e-17,3.882048793600984538e-01
5.360288230584467906e-01,6.928876940585447007e-17,3.882048793600984538e-01
5.368294635708567020e-01,8.204503518409845749e-17,3.882048793600984538e-01
5.376301040832666134e-01,9.711241121907423564e-17,3.882048793600984538e-01
5.384307445956765248e-01,1.149026760929361074e-16,3.882048793600984538e-01
5.392313851080865472e-01,1.358997081013310201e-16,3.882048793600984538e-01
5.400320256204964586e-01,1.606718811267462394e-16,3.882048793600984538e-01
5.408326661329063700e-01,1.898865512622766181e-16,3.882048793600984538e-01
5.416333066453162814e-01,2.243269797826338051e-16,3.882048793600984538e-01
5.424339471577261929e-01,2.649120939812892518e-16,3.882048793600984538e-01
5.432345876701361043e-01,3.127195521618266333e-16,3.882048793600984538e-01
5.440352281825460157e-01,3.690126540533419365e-16,3.882048793600984538e-01
5.448358686949560381e-01,4.352717246866393092e-16,3.882048793600984538e-01
5.456365092073659495e-01,5.132307001268630642e-16,3.882048793600984538e-01
5.464371497197758609e-01,6.049197594873642827e-16,3.882048793600984538e-01
5.472377902321857723e-01,7.127149817354669625e-16,3.882048793600984538e-01
5.480384307445956837e-01,8.393961606843773565e-16,3.882048793600984538e-01
5.488390712570055952e-01,9.882140903929493581e-16,3.882048793600984538e-01
5.496397117694155066e-01,1.162968839575766436e-15,3.882048793600984538e-01
5.504403522818255290e-01,1.368100771697947707e-15,3.882048793600984538e-01
5.512409927942354404e-01,1.608796341937787608e-15,3.882048793600984538e-01
5.520416333066453518e-01,1.891111018577055747e-15,3.882048793600984538e-01
5.528422738190552632e-01,2.222112040849249942e-15,3.882048793600984538e-01
5.536429143314651746e-01,2.610044144961532134e-15,3.882048793600984538e-01
5.544435548438750860e-01,3.064521873051765610e-15,3.882048793600984538e-01
5.552441953562851085e-01,3.596752635567703197e-15,3.882048793600984538e-01
5.560448358686950199e-01,4.219795336603234074e-15,3.882048793600984538e-01
5.568454763811049313e-01,4.948860106264417514e-15,3.882048793600984538e-01
5.576461168935148427e-01,5.801655528047967343e-15,3.882048793600984538e-01
5.584467574059247541e-01,6.798790718345146575e-15,3.882048793600984538e-01
5.592473979183346655e-01,7.964240727617379825e-15,3.882048793600984538e-01
5.600480384307445769e-01,9.325885009130623885e-15,3.882048793600984538e-01
5.608486789431545994e-01,1.091613016487234270e-14,3.882048793600984538e-01
5.616493194555645108e-01,1.277262985616404736e-14,3.882048793600984538e-01
5.624499599679744222e-01,1.493911668897565807e-14,3.882048793600984538e-01
5.632506004803843336e-01,1.746636308571054075e-14,3.882048793600984538e-01
5.640512409927942450e-01,2.041329067567335896e-14,3.882048793600984538e-01
5.648518815052041564e-01,2.384825062036540355e-14,3.882048793600984538e-01
5.656525220176140678e-01,2.785050058811261788e-14,3.882048793600984538e-01
5.664531625300240902e-01,3.251190786310899449e-14,3.882048793600984538e-01
5.672538030424340016e-01,3.793891238244161028e-14,3.882048793600984538e-01
5.680544435548439131e-01,4.425478841546146243e-14,3.882048793600984538e-01
5.688550840672538245e-01,5.160224921752832014e-14,3.882048793600984538e-01
5.696557245796637359e-01,6.014644540030002334e-14,3.882048793600984538e-01
5.704563650920736473e-01,7.007841507190824764e-14,3.882048793600984538e-01
5.712570056044836697e-01,8.161905213532005474e-14,3.882048793600984538e-01
5.720576461168935811e-01,9.502366863088613612e-14,3.882048793600984538e-01
5.728582866293034925e-01,1.105872378268571268e-13,3.882048793600984538e-01
5.736589271417134039e-01,1.286504170770527086e-13,3.882048793600984538e-01
5.744595676541233154e-01,1.496064634790476795e-13,3.882048793600984538e-01
5.752602081665332268e-01,1.739091713059571825e-13,3.882048793600984538e-01
5.760608486789431382e-01,2.020819783061962145e-13,3.882048793600984538e-01
5.768614891913531606e-01,2.347284085578975120e-13,3.882048793600984538e-01
5.776621297037630720e-01,2.725440429534907838e-13,3.882048793600984538e-01
5.784627702161729834e-01,3.163302349432347208e-13,3.882048793600984538e-01
5.792634107285828948e-01,3.670098192978674223e-13,3.882048793600984538e-01
5.800640512409928062e-01,4.256450958266131019e-13,3.882048793600984538e-01
5.808646917534027176e-01,4.934584087319350196e-13,3.882048793600984538e-01
5.816653322658126291e-01,5.718556861874201543e-13,3.882048793600984538e-01
5.824659727782226515e-01,6.624533544533403726e-13,3.882048793600984538e-01
5.832666132906325629e-01,7.671090971421153541e-13,3.882048793600984538e-01
5.840672538030424743e-01,8.879569939504656525e-13,3.882048793600984538e-01
5.848678943154523857e-01,1.027447645227754006e-12,3.882048793600984538e-01
5.856685348278622971e-01,1.188393970205843752e-12,3.882048793600984538e-01
5.864691753402722085e-01,1.374023458757994261e-12,3.882048793600984538e-01
5.872698158526822310e-01,1.588037760511343593e-12,3.882048793600984538e-01
5.880704563650921424e-01,1.834680612492915614e-12,3.882048793600984538e-01
5.888710968775020538e-01,2.118815238910424259e-12,3.882048793600984538e-01
5.896717373899119652e-01,2.446012506016480237e-12,3.882048793600984538e-01
5.904723779023218766e-01,2.822651283364055568e-12,3.882048793600984538e-01
5.912730184147317880e-01,3.256032652457018968e-12,3.882048793600984538e-01
5.920736589271416994e-01,3.754509817442669334e-12,3.882048793600984538e-01
5.928742994395517218e-01,4.327635812982344375e-12,3.882048793600984538e-01
5.936749399519616333e-01,4.986331375018843204e-12,3.882048793600984538e-01
5.944755804643715447e-01,5.743075644457008708e-12,3.882048793600984538e-01
5.952762209767814561e-01,6.612122715819965980e-12,3.882048793600984538e-01
5.960768614891913675e-01,7.609747427234162015e-12,3.882048793600984538e-01
5.968775020016012789e-01,8.754524219642395355e-12,3.882048793600984538e-01
5.976781425140111903e-01,1.006764337752673752e-11,3.882048793600984538e-01
5.984787830264212127e-01,1.157326950683527182e-11,3.882048793600984538e-01
5.992794235388311241e-01,1.329894771515620446e-11,3.882048793600984538e-01
6.000800640512410355e-01,1.527606364213892977e-11,3.882048793600984538e-01
6.008807045636509470e-01,1.754036425322515158e-11,3.882048793600984538e-01
6.016813450760608584e-01,2.013254716641127410e-11,3.882048793600984538e-01
6.024819855884707698e-01,2.309892724046616429e-11,3.882048793600984538e-01
6.032826261008807922e-01,2.649219022544197027e-11,3.882048793600984538e-01
6.040832666132907036e-01,3.037224447531980062e-11,3.882048793600984538e-01
6.048839071257006150e-01,3.480718306252725745e-11,3.882048793600984538e-01
6.056845476381105264e-01,3.987437013061165985e-11,3.882048793600984538e-01
6.064851881505204378e-01,4.566166699213779038e-11,3.882048793600984538e-01
6.072858286629303493e-01,5.226881534315063470e-11,3.882048793600984538e-01
6.080864691753402607e-01,5.980899704476509624e-11,3.882048793600984538e-01
6.088871096877502831e-01,6.841059224019084367e-11,3.882048793600984538e-01
6.096877502001601945e-01,7.821916015784072606e-11,3.882048793600984538e-01
6.104883907125701059e-01,8.939966982695974797e-11,3.882048793600984538e-01
6.112890312249800173e-01,1.021390111329997340e-10,3.882048793600984538e-01
6.120896717373899287e-01,1.166488202009292242e-10,3.882048793600984538e-01
6.128903122497998401e-01,1.331686570541285643e-10,3.882048793600984538e-01
6.136909527622097515e-01,1.519695778969667658e-10,3.882048793600984538e-01
6.144915932746197740e-01,1.733581492572241358e-10,3.882048793600984538e-01
6.152922337870296854e-01,1.976809566513522245e-10,3.882048793600984538e-01
6.160928742994395968e-01,2.253296664577373362e-10,3.882048793600984538e-01
6.168935148118495082e-01,2.567467063621326577e-10,3.882048793600984538e-01
6.176941553242594196e-01,2.924316371434849463e-10,3.882048793600984538e-01
6.184947958366693310e-01,3.329482967720629024e-10,3.882048793600984538e-01
6.192954363490792424e-01,3.789328068760606615e-10,3.882048793600984538e-01
6.200960768614892649e-01,4.311025416878487361e-10,3.882048793600984538e-01
6.208967173738991763e-01,4.902661707044400407e-10,3.882048793600984538e-01
6.216973578863090877e-01,5.573348985954867023e-10,3.882048793600984538e-01
6.224979983987189991e-01,6.333350394835235605e-10,3.882048793600984538e-01
6.232986389111289105e-01,7.194220777331897459e-10,3.882048793600984538e-01
6.240992794235388219e-01,8.168963839584496042e-10,3.882048793600984538e-01
6.248999199359488443e-01,9.272207732424748440e-10,3.882048793600984538e-01
6.257005604483587557e-01,1.052040112729194225e-09,3.882048793600984538e-01
6.265012009607686672e-01,1.193203207971507470e-09,3.882048793600984538e-01
6.273018414731785786e-01,1.352787221904325758e-09,3.882048793600984538e-01
6.281024819855884900e-01,1.533124907268428067e-09,3.882048793600984538e-01
6.289031224979984014e-01,1.736834962975230584e-09,3.882048793600984538e-01
6.297037630104083128e-01,1.966855857530045032e-09,3.882048793600984538e-01
6.305044035228183352e-01,2.226483498494468241e-09,3.882048793600984538e-01
6.313050440352282466e-01,2.519413166372821644e-09,3.882048793600984538e-01
6.321056845476381580e-01,2.849786174573551957e-09,3.882048793600984538e-01
6.329063250600480695e-01,3.222241764580617501e-09,3.882048793600984538e-01
6.337069655724579809e-01,3.641974797552142474e-09,3.882048793600984538e-01
6.345076060848678923e-01,4.114799860660187420e-09,3.882048793600984538e-01
6.353082465972778037e-01,4.647222469044320650e-09,3.882048793600984538e-01
6.361088871096878261e-01,5.246518112753855332e-09,3.882048793600984538e-01
6.369095276220977375e-01,5.920819973028353617e-09,3.882048793600984538e-01
6.377101681345076489e-01,6.679216214272950233e-09,3.882048793600984538e-01
6.385108086469175603e-01,7.531857847737764650e-09,3.882048793600984538e-01
6.393114491593274717e-01,8.490078260867038530e-09,3.882048793600984538e-01
6.401120896717373832e-01,9.566525613245978873e-09,3.882048793600984538e-01
6.409127301841474056e-01,1.077530941680937204e-08,3.882048793600984538e-01
6.417133706965573170e-01,1.213216274530575381e-08,3.882048793600984538e-01
6.425140112089672284e-01,1.365462165681753974e-08,3.882048793600984538e-01
6.433146517213771398e-01,1.536222356435981885e-08,3.882048793600984538e-01
6.441152922337870512e-01,1.727672645424315806e-08,3.882048793600984538e-01
6.449159327461969626e-01,1.942235103106689164e-08,3.882048793600984538e-01
6.457165732586068740e-01,2.182604806310524343e-08,3.882048793600984538e-01
6.465172137710168965e-01,2.451779341366083676e-08,3.882048793600984538e-01
6.473178542834268079e-01,2.753091347407622318e-08,3.882048793600984538e-01
6.481184947958367193e-01,3.090244396390260267e-08,3.882048793600984538e-01
6.489191353082466307e-01,3.467352533478531964e-08,3.882048793600984538e-01
6.497197758206565421e-01,3.888983830853931558e-08,3.882048793600984538e-01
6.505204163330664535e-01,4.360208339840512867e-08,3.882048793600984538e-01
6.513210568454763649e-01,4.886650860743611775e-08,3.882048793600984538e-01
6.521216973578863874e-01,5.474548987135974531e-08,3.882048793600984538e-01
6.529223378702962988e-01,6.130816921714469112e-08,3.882048793600984538e-01
6.537229783827062102e-01,6.863115604511687677e-08,3.882048793600984538e-01
6.545236188951161216e-01,7.679929741418163161e-08,3.882048793600984538e-01
6.553242594075260330e-01,8.590652371900670295e-08,3.882048793600984538e-01
6.561248999199359444e-01,9.605677669754144494e-08,3.882048793600984538e-01
6.569255404323459668e-01,1.073650272998084905e-07,3.882048793600984538e-01
6.577261809447558782e-01,1.199583915874828452e-07,3.882048793600984538e-01
6.585268214571657897e-01,1.339773535213882381e-07,3.882048793600984538e-01
6.593274619695757011e-01,1.495771042341936481e-07,3.882048793600984538e-01
6.601281024819856125e-01,1.669290081815270499e-07,3.882048793600984538e-01
6.609287429943955239e-01,1.862222074202415213e-07,3.882048793600984538e-01
6.617293835068054353e-01,2.076653761814135340e-07,3.882048793600984538e-01
6.625300240192154577e-01,2.314886388919932704e-07,3.882048793600984538e-01
6.633306645316253691e-01,2.579456658569833095e-07,3.882048793600984538e-01
6.641313050440352805e-01,2.873159619478370884e-07,3.882048793600984538e-01
6.649319455564451919e-01,3.199073648576085017e-07,3.882048793600984538e-01
6.657325860688551034e-01,3.560587707834587422e-07,3.882048793600984538e-01
6.665332265812650148e-01,3.961431067878028347e-07,3.882048793600984538e-01
6.673338670936749262e-01,4.405705705760425271e-07,3.882048793600984538e-01
6.681345076060849486e-01,4.897921600164109399e-07,3.882048793600984538e-01
6.689351481184948600e-01,5.443035164222537255e-07,3.882048793600984538e-01
6.697357886309047714e-01,6.046491074245219492e-07,3.882048793600984538e-01
6.705364291433146828e-01,6.714267771885209262e-07,3.882048793600984538e-01
6.713370696557245942e-01,7.452926937804218000e-07,3.882048793600984538e-01
6.721377101681345057e-01,8.269667256719543913e-07,3.882048793600984538e-01
6.729383506805445281e-01,9.172382816931788731e-07,3.882048793600984538e-01
6.737389911929544395e-01,1.016972651209325308e-06,3.882048793600984538e-01
6.745396317053643509e-01,1.127117883916071579e-06,3.882048793600984538e-01
6.753402722177742623e-01,1.248712251425255937e-06,3.882048793600984538e-01
6.761409127301841737e-01,1.382892335756906700e-06,3.882048793600984538e-01
6.769415532425940851e-01,1.530901792971489582e-06,3.882048793600984538e-01
6.777421937550039965e-01,1.694100843475616832e-06,3.882048793600984538e-01
6.785428342674140190e-01,1.873976544022229122e-06,3.882048793600984538e-01
6.793434747798239304e-01,2.072153900111463496e-06,3.882048793600984538e-01
6.801441152922338418e-01,2.290407881387528396e-06,3.882048793600984538e-01
6.809447558046437532e-01,2.530676406727593188e-06,3.882048793600984538e-01
6.817453963170536646e-01,2.795074370038745111e-06,3.882048793600984538e-01
6.825460368294635760e-01,3.085908782328029025e-06,3.882048793600984538e-01
6.833466773418734874e-01,3.405695110390293412e-06,3.882048793600984538e-01
6.841473178542835099e-01,3.757174897484270860e-06,3.882048793600984538e-01
6.849479583666934213e-01,4.143334756637708314e-06,3.882048793600984538e-01
6.857485988791033327e-01,4.567426832751748960e-06,3.882048793600984538e-01
6.865492393915132441e-01,5.032990835463163363e-06,3.882048793600984538e-01
6.873498799039231555e-01,5.543877750780650499e-06,3.882048793600984538e-01
6.881505204163330669e-01,6.104275345843310211e-06,3.882048793600984538e-01
6.889511609287429783e-01,6.718735587757635570e-06,3.882048793600984538e-01
6.897518014411530007e-01,7.392204104361589673e-06,3.882048793600984538e-01
6.905524419535629121e-01,8.130051821943578530e-06,3.882048793600984538e-01
6.913530824659728236e-01,8.938108922413335128e-06,3.882048793600984538e-01
6.921537229783827350e-01,9.822701270181535829e-06,3.882048793600984538e-01
6.929543634907926464e-01,1.079068946705698911e-05,3.882048793600984538e-01
6.937550040032025578e-01,1.184951070181821135e-05,3.882048793600984538e-01
6.945556445156125802e-01,1.300722356974860179e-05,3.882048793600984538e-01
6.953562850280224916e-01,1.427255604636042645e-05,3.882048793600984538e-01
6.961569255404324030e-01,1.565495680873500104e-05,3.882048793600984538e-01
6.969575660528423144e-01,1.716465010740701852e-05,3.882048793600984538e-01
6.977582065652522259e-01,1.881269440148087820e-05,3.882048793600984538e-01
6.985588470776621373e-01,2.061104497969817146e-05,3.882048793600984538e-01
6.993594875900720487e-01,2.257262080046525715e-05,3.882048793600984538e-01
7.001601281024820711e-01,2.471137579435884839e-05,3.882048793600984538e-01
7.009607686148919825e-01,2.704237488340213578e-05,3.882048793600984538e-01
7.017614091273018939e-01,2.958187498233461670e-05,3.882048793600984538e-01
7.025620496397118053e-01,3.234741125827014893e-05,3.882048793600984538e-01
7.033626901521217167e-01,3.535788893643851784e-05,3.882048793600984538e-01
7.041633306645316281e-01,3.863368095116583039e-05,3.882048793600984538e-01
7.049639711769415396e-01,4.219673175281476221e-05,3.882048793600984538e-01
7.057646116893515620e-01,4.607066759306796902e-05,3.882048793600984538e-01
7.065652522017614734e-01,5.028091362260524958e-05,3.882048793600984538e-01
7.073658927141713848e-01,5.485481814696644163e-05,3.882048793600984538e-01
7.081665332265812962e-01,5.982178439804092094e-05,3.882048793600984538e-01
7.089671737389912076e-01,6.521341019024013265e-05,3.882048793600984538e-01
7.097678142514011190e-01,7.106363584185892187e-05,3.882048793600984538e-01
7.105684547638111415e-01,7.740890075342990798e-05,3.882048793600984538e-01
7.113690952762210529e-01,8.428830904595308439e-05,3.882048793600984538e-01
7.121697357886309643e-01,9.174380467258815670e-05,3.882048793600984538e-01
7.129703763010408757e-01,9.982035642784222709e-05,3.882048793600984538e-01
7.137710168134507871e-01,1.085661532882014718e-04,3.882048793600984538e-01
7.145716573258606985e-01,1.180328105276239243e-04,3.882048793600984538e-01
7.153722978382706099e-01,1.282755870602125499e-04,3.882048793600984538e-01
7.161729383506806323e-01,1.393536144704786146e-04,3.882048793600984538e-01
7.169735788630905438e-01,1.513301381991649511e-04,3.882048793600984538e-01
7.177742193755004552e-01,1.642727713590504200e-04,3.882048793600984538e-01
7.185748598879103666e-01,1.782537616609216322e-04,3.882048793600984538e-01
7.193755004003202780e-01,1.933502719343459827e-04,3.882048793600984538e-01
7.201761409127301894e-01,2.096446747313695049e-04,3.882048793600984538e-01
7.209767814251401008e-01,2.272248615033856296e-04,3.882048793600984538e-01
7.217774219375501232e-01,2.461845668421422210e-04,3.882048793600984538e-01
7.225780624499600346e-01,2.666237082752094360e-04,3.882048793600984538e-01
7.233787029623699461e-01,2.886487421037265246e-04,3.882048793600984538e-01
7.241793434747798575e-01,3.123730357660997299e-04,3.882048793600984538e-01
7.249799839871897689e-01,3.379172572053640192e-04,3.882048793600984538e-01
7.257806244995996803e-01,3.654097817097221512e-04,3.882048793600984538e-01
7.265812650120097027e-01,3.949871166856981229e-04,3.882048793600984538e-01
7.273819055244196141e-01,4.267943448105684240e-04,3.882048793600984538e-01
7.281825460368295255e-01,4.609855859959042178e-04,3.882048793600984538e-01
7.289831865492394369e-01,4.977244785763575326e-04,3.882048793600984538e-01
7.297838270616493483e-01,5.371846801173782264e-04,3.882048793600984538e-01
7.305844675740592598e-01,5.795503882124958608e-04,3.882048793600984538e-01
7.313851080864691712e-01,6.250168816142756632e-04,3.882048793600984538e-01
7.321857485988791936e-01,6.737910820136390174e-04,3.882048793600984538e-01
7.329863891112891050e-01,7.260921367493772434e-04,3.882048793600984538e-01
7.337870296236990164e-01,7.821520226933103810e-04,3.882048793600984538e-01
7.345876701361089278e-01,8.422161715166247026e-04,3.882048793600984538e-01
7.353883106485188392e-01,9.065441164989357283e-04,3.882048793600984538e-01
7.361889511609287506e-01,9.754101609943551226e-04,3.882048793600984538e-01
7.369895916733386620e-01,1.049104068616768222e-03,3.882048793600984538e-01
7.377902321857486845e-01,1.127931775150839118e-03,3.882048793600984538e-01
7.385908726981585959e-01,1.212216122134927724e-03,3.882048793600984538e-01
7.393915132105685073e-01,1.302297611997403712e-03,3.882048793600984538e-01
7.401921537229784187e-01,1.398535184559390786e-03,3.882048793600984538e-01
7.409927942353883301e-01,1.501307014642512582e-03,3.882048793600984538e-01
7.417934347477982415e-01,1.611011330442261745e-03,3.882048793600984538e-01
7.425940752602082640e-01,1.728067252244607378e-03,3.882048793600984538e-01
7.433947157726181754e-01,1.852915650975140447e-03,3.882048793600984538e-01
7.441953562850280868e-01,1.986020025977832965e-03,3.882048793600984538e-01
7.449959967974379982e-01,2.127867401322832905e-03,3.882048793600984538e-01
7.457966373098479096e-01,2.278969239839831202e-03,3.882048793600984538e-01
7.465972778222578210e-01,2.439862373966348880e-03,3.882048793600984538e-01
7.473979183346677324e-01,2.611109952389444131e-03,3.882048793600984538e-01
7.481985588470777548e-01,2.793302401340485262e-03,3.882048793600984538e-01
7.489991993594876662e-01,2.987058399282715299e-03,3.882048793600984538e-01
7.497998398718975777e-01,3.193025863604727170e-03,3.882048793600984538e-01
7.506004803843074891e-01,3.411882947802854192e-03,3.882048793600984538e-01
7.514011208967174005e-01,3.644339047499838610e-03,3.882048793600984538e-01
7.522017614091273119e-01,3.891135813510002411e-03,3.882048793600984538e-01
7.530024019215372233e-01,4.153048170017063258e-03,3.882048793600984538e-01
7.538030424339472457e-01,4.430885335785609246e-03,3.882048793600984538e-01
7.546036829463571571e-01,4.725491846177197822e-03,3.882048793600984538e-01
7.554043234587670685e-01,5.037748573589978345e-03,3.882048793600984538e-01
7.562049639711769800e-01,5.368573743785256223e-03,3.882048793600984538e-01
7.570056044835868914e-01,5.718923945409175313e-03,3.882048793600984538e-01
7.578062449959968028e-01,6.089795129854231812e-03,3.882048793600984538e-01
7.586068855084067142e-01,6.482223598448131827e-03,3.882048793600984538e-01
7.594075260208167366e-01,6.897286973795812952e-03,3.882048793600984538e-01
7.602081665332266480e-01,7.336105151936269005e-03,3.882048793600984538e-01
7.610088070456365594e-01,7.799841231814643068e-03,3.882048793600984538e-01
7.618094475580464708e-01,8.289702418408022994e-03,3.882048793600984538e-01
7.626100880704563822e-01,8.806940895681942758e-03,3.882048793600984538e-01
7.634107285828662937e-01,9.352854665396035869e-03,3.882048793600984538e-01
7.642113690952763161e-01,9.928788347618896365e-03,3.882048793600984538e-01
7.650120096076862275e-01,1.053613393866044759e-02,3.882048793600984538e-01
7.658126501200961389e-01,1.117633152197656556e-02,3.882048793600984538e-01
7.666132906325060503e-01,1.185086992745763151e-02,3.882048793600984538e-01
7.674139311449159617e-01,1.256128733437083915e-02,3.882048793600984538e-01
7.682145716573258731e-01,1.330917181309764462e-02,3.882048793600984538e-01
7.690152121697357845e-01,1.409616180067352689e-02,3.882048793600984538e-01
7.698158526821458070e-01,1.492394650503267584e-02,3.882048793600984538e-01
7.706164931945557184e-01,1.579426623274114011e-02,3.882048793600984538e-01
7.714171337069656298e-01,1.670891263491754153e-02,3.882048793600984538e-01
7.722177742193755412e-01,1.766972886594556438e-02,3.882048793600984538e-01
7.730184147317854526e-01,1.867860964951848640e-02,3.882048793600984538e-01
7.738190552441953640e-01,1.973750124649611276e-02,3.882048793600984538e-01
7.746196957566052754e-01,2.084840131900634469e-02,3.882048793600984538e-01
7.754203362690152979e-01,2.201335868519697578e-02,3.882048793600984538e-01
7.762209767814252093e-01,2.323447295902536514e-02,3.882048793600984538e-01
7.770216172938351207e-01,2.451389406948016256e-02,3.882048793600984538e-01
7.778222578062450321e-01,2.585382165364566789e-02,3.882048793600984538e-01
7.786228983186549435e-01,2.725650431805174898e-02,3.882048793600984538e-01
7.794235388310648549e-01,2.872423876282253694e-02,3.882048793600984538e-01
7.802241793434748773e-01,3.025936876319212585e-02,3.882048793600984538e-01
7.810248198558847887e-01,3.186428400307891873e-02,3.882048793600984538e-01
7.818254603682947002e-01,3.354141875551186480e-02,3.882048793600984538e-01
7.826261008807046116e-01,3.529325040484419806e-02,3.882048793600984538e-01
7.834267413931145230e-01,3.712229780587115308e-02,3.882048793600984538e-01
7.842273819055244344e-01,3.903111947514533581e-02,3.882048793600984538e-01
7.850280224179343458e-01,4.102231161001138743e-02,3.882048793600984538e-01
7.858286629303443682e-01,4.309850593111604761e-02,3.882048793600984538e-01
7.866293034427542796e-01,4.526236734441622250e-02,3.882048793600984538e-01
7.874299439551641910e-01,4.751659141900285710e-02,3.882048793600984538e-01
7.882305844675741024e-01,4.986390167739778584e-02,3.882048793600984538e-01
7.890312249799840139e-01,5.230704669530291534e-02,3.882048793600984538e-01
7.898318654923939253e-01,5.484879700816357173e-02,3.882048793600984538e-01
7.906325060048038367e-01,5.749194182232932049e-02,3.882048793600984538e-01
7.914331465172138591e-01,6.023928552899069505e-02,3.882048793600984538e-01
7.922337870296237705e-01,6.309364401956774060e-02,3.882048793600984538e-01
7.930344275420336819e-01,6.605784080166017536e-02,3.882048793600984538e-01
7.938350680544435933e-01,6.913470291522237632e-02,3.882048793600984538e-01
7.946357085668535047e-01,7.232705664913841037e-02,3.882048793600984538e-01
7.954363490792634162e-01,7.563772305891333647e-02,3.882048793600984538e-01
7.962369895916734386e-01,7.906951328683471669e-02,3.882048793600984538e-01
7.970376301040833500e-01,8.262522368648238247e-02,3.882048793600984538e-01
7.978382706164932614e-01,8.630763075416829355e-02,3.882048793600984538e-01
7.986389111289031728e-01,9.011948587049234405e-02,3.882048793600984538e-01
7.994395516413130842e-01,9.406350985587742797e-02,3.882048793600984538e-01
8.002401921537229956e-01,9.814238734463304192e-02,3.882048793600984538e-01
8.010408326661329070e-01,1.023587609827899259e-01,3.882048793600984538e-01
8.018414731785429295e-01,1.067152254556788943e-01,3.882048793600984538e-01
8.026421136909528409e-01,1.112143213519462132e-01,3.882048793600984538e-01
8.034427542033627523e-01,1.158585288714253925e-01,3.882048793600984538e-01
8.042433947157726637e-01,1.206502613850526373e-01,3.882048793600984538e-01
8.050440352281825751e-01,1.255918588557480842e-01,3.882048793600984538e-01
8.058446757405924865e-01,1.306855811299543757e-01,3.882048793600984538e-01
8.066453162530023979e-01,1.359336011102877939e-01,3.882048793600984538e-01
8.074459567654124204e-01,1.413379978204587495e-01,3.882048793600984538e-01
8.082465972778223318e-01,1.469007493744889925e-01,3.882048793600984538e-01
8.090472377902322432e-01,1.526237258628373450e-01,3.882048793600984538e-01
8.098478783026421546e-01,1.585086821689372094e-01,3.882048793600984538e-01
8.106485188150520660e-01,1.645572507302471288e-01,3.882048793600984538e-01
8.114491593274619774e-01,1.707709342587282741e-01,3.882048793600984538e-01
8.122497998398719998e-01,1.771510984362560936e-01,3.882048793600984538e-01
8.130504403522819112e-01,1.836989646011900068e-01,3.882048793600984538e-01
8.138510808646918226e-01,1.904156024429397298e-01,3.882048793600984538e-01
8.146517213771017341e-01,1.973019227220444705e-01,3.882048793600984538e-01
8.154523618895116455e-01,2.043586700337459428e-01,3.882048793600984538e-01
8.162530024019215569e-01,2.115864156336878799e-01,3.882048793600984538e-01
8.170536429143314683e-01,2.189855503448089324e-01,3.882048793600984538e-01
8.178542834267414907e-01,2.265562775649746230e-01,3.882048793600984538e-01
8.186549239391514021e-01,2.342986063953470255e-01,3.882048793600984538e-01
8.194555644515613135e-01,2.422123449098475823e-01,3.882048793600984538e-01
8.202562049639712249e-01,2.502970935863620960e-01,3.882048793600984538e-01
8.210568454763811364e-01,2.585522389206018623e-01,3.882048793600984538e-01
8.218574859887910478e-01,2.669769472438425773e-01,3.882048793600984538e-01
8.226581265012009592e-01,2.755701587657756746e-01,3.882048793600984538e-01
8.234587670136109816e-01,2.843305818638529048e-01,3.882048793600984538e-01
8.242594075260208930e-01,2.932566876406060841e-01,3.882048793600984538e-01
8.250600480384308044e-01,3.023467047702839139e-01,3.882048793600984538e-01
8.258606885508407158e-01,3.115986146560568160e-01,3.882048793600984538e-01
8.266613290632506272e-01,3.210101469189096668e-01,3.882048793600984538e-01
8.274619695756605386e-01,3.305787752390762502e-01,3.882048793600984538e-01
8.282626100880704501e-01,3.403017135705028173e-01,3.882048793600984538e-01
8.290632506004804725e-01,3.501759127484868617e-01,3.882048793600984538e-01
8.298638911128903839e-01,3.601980575102100568e-01,3.882048793600984538e-01
8.306645316253002953e-01,3.703645639471679907e-01,3.882048793600984538e-01
8.314651721377102067e-01,3.806715774080742798e-01,3.882048793600984538e-01
8.322658126501201181e-01,3.911149708699802607e-01,3.882048793600984538e-01
8.330664531625300295e-01,4.016903437946798827e-01,3.882048793600984538e-01
8.338670936749400520e-01,4.123930214865595967e-01,3.882048793600984538e-01
8.346677341873499634e-01,4.232180549671302194e-01,3.882048793600984538e-01
8.354683746997598748e-01,4.341602213805033084e-01,3.882048793600984538e-01
8.362690152121697862e-01,4.452140249430581176e-01,3.882048793600984538e-01
8.370696557245796976e-01,4.563736984492698379e-01,3.882048793600984538e-01
8.378702962369896090e-01,4.676332053447015413e-01,3.882048793600984538e-01
8.386709367493995204e-01,4.789862423755911203e-01,3.882048793600984538e-01
8.394715772618095428e-01,4.904262428233829851e-01,3.882048793600984538e-01
8.402722177742194543e-01,5.019463803310644234e-01,3.882048793600984538e-01
8.410728582866293657e-01,5.135395733267660301e-01,3.882048793600984538e-01
8.418734987990392771e-01,5.251984900484982788e-01,3.882048793600984538e-01
8.426741393114491885e-01,5.369155541725143532e-01,3.882048793600984538e-01
8.434747798238590999e-01,5.486829510460350390e-01,3.882048793600984538e-01
8.442754203362690113e-01,5.604926345234140239e-01,3.882048793600984538e-01
8.450760608486790337e-01,5.723363344034848588e-01,3.882048793600984538e-01
8.458767013610889451e-01,5.842055644638514122e-01,3.882048793600984538e-01
8.466773418734988566e-01,5.960916310860492340e-01,3.882048793600984538e-01
8.474779823859087680e-01,6.079856424642028356e-01,3.882048793600984538e-01
8.482786228983186794e-01,6.198785183875989979e-01,3.882048793600984538e-01
8.490792634107285908e-01,6.317610005863388833e-01,3.882048793600984538e-01
8.498799039231386132e-01,6.436236636268839462e-01,3.882048793600984538e-01
8.506805444355485246e-01,6.554569263430726211e-01,3.882048793600984538e-01
8.514811849479584360e-01,6.672510637861663874e-01,3.882048793600984538e-01
8.522818254603683474e-01,6.789962196758770885e-01,3.882048793600984538e-01
8.530824659727782588e-01,6.906824193326144279e-01,3.882048793600984538e-01
8.538831064851881703e-01,7.022995830695276664e-01,3.882048793600984538e-01
8.546837469975980817e-01,7.138375400211662836e-01,3.882048793600984538e-01
8.554843875100081041e-01,7.252860423842589777e-01,3.882048793600984538e-01
8.562850280224180155e-01,7.366347800441744864e-01,3.882048793600984538e-01
8.570856685348279269e-01,7.478733955596139626e-01,3.882048793600984538e-01
8.578863090472378383e-01,7.589914994763494738e-01,3.882048793600984538e-01
8.586869495596477497e-01,7.699786859396965388e-01,3.882048793600984538e-01
8.594875900720576611e-01,7.808245485738770642e-01,3.882048793600984538e-01
8.602882305844675725e-01,7.915186965952550890e-01,3.882048793600984538e-01
8.610888710968775950e-01,8.020507711252582439e-01,3.882048793600984538e-01
8.618895116092875064e-01,8.124104616679839186e-01,3.882048793600984538e-01
8.626901521216974178e-01,8.225875227166181691e-01,3.882048793600984538e-01
8.634907926341073292e-01,8.325717904522187407e-01,3.882048793600984538e-01
8.642914331465172406e-01,8.423531994973726400e-01,3.882048793600984538e-01
8.650920736589271520e-01,8.519217996860486419e-01,3.882048793600984538e-01
8.658927141713371745e-01,8.612677728100516239e-01,3.882048793600984538e-01
8.666933546837470859e-01,8.703814493026736931e-01,3.882048793600984538e-01
8.674939951961569973e-01,8.792533248207191621e-01,3.882048793600984538e-01
8.682946357085669087e-01,8.878740766869749335e-01,3.882048793600984538e-01
8.690952762209768201e-01,8.962345801549252977e-01,3.882048793600984538e-01
8.698959167333867315e-01,9.043259244559963550e-01,3.882048793600984538e-01
8.706965572457966429e-01,9.121394285869729446e-01,3.882048793600984538e-01
8.714971977582066653e-01,9.196666567946472082e-01,3.882048793600984538e-01
8.722978382706165768e-01,9.268994337169255138e-01,3.882048793600984538e-01
8.730984787830264882e-01,9.338298591458994435e-01,3.882048793600984538e-01
8.738991192954363996e-01,9.404503223844189463e-01,3.882048793600984538e-01
8.746997598078463110e-01,9.467535161685481926e-01,3.882048793600984538e-01
8.755004003202562224e-01,9.527324501216035690e-01,3.882048793600984538e-01
8.763010408326661338e-01,9.583804636925146170e-01,3.882048793600984538e-01
8.771016813450761562e-01,9.636912385217545340e-01,3.882048793600984538e-01
8.779023218574860676e-01,9.686588101825853725e-01,3.882048793600984538e-01
8.787029623698959790e-01,9.732775792690816496e-01,3.882048793600984538e-01
8.795036028823058905e-01,9.775423218376820822e-01,3.882048793600984538e-01
8.803042433947158019e-01,9.814481992355909012e-01,3.882048793600984538e-01
8.811048839071257133e-01,9.849907673430000621e-01,3.882048793600984538e-01
8.819055244195357357e-01,9.881659852062671945e-01,3.882048793600984538e-01
8.827061649319456471e-01,9.909702229590252598e-01,3.882048793600984538e-01
8.835068054443555585e-01,9.934002688592195041e-01,3.882048793600984538e-01
8.843074459567654699e-01,9.954533352656426137e-01,3.882048793600984538e-01
8.851080864691753813e-01,9.971270634768265584e-01,3.882048793600984538e-01
8.859087269815852927e-01,9.984195275536014158e-01,3.882048793600984538e-01
8.867093674939952042e-01,9.993292374786820753e-01,3.882048793600984538e-01
8.875100080064052266e-01,9.998551421326372646e-01,3.882048793600984538e-01
8.883106485188151380e-01,9.999966323667709434e-01,3.882048793600984538e-01
8.891112890312250494e-01,9.997535437254736479e-01,3.882048793600984538e-01
8.899119295436349608e-01,9.991261575382794913e-01,3.882048793600984538e-01
8.907125700560448722e-01,9.981151996253423420e-01,3.882048793600984538e-01
8.915132105684547836e-01,9.967218374786241952e-01,3.882048793600984538e-01
8.923138510808646950e-01,9.949476770801892744e-01,3.882048793600984538e-01
8.931144915932747175e-01,9.927947596756212523e-01,3.882048793600984538e-01
8.939151321056846289e-01,9.902655582334300988e-01,3.882048793600984538e-01
8.947157726180945403e-01,9.873629732164765915e-01,3.882048793600984538e-01
8.955164131305044517e-01,9.840903274180573534e-01,3.882048793600984538e-01
8.963170536429143631e-01,9.804513597866800767e-01,3.882048793600984538e-01
8.971176941553242745e-01,9.764502182903900263e-01,3.882048793600984538e-01
8.979183346677341859e-01,9.720914519276844246e-01,3.882048793600984538e-01
8.987189751801442084e-01,9.673800019899759794e-01,3.882048793600984538e-01
8.995196156925541198e-01,9.623211926479590117e-01,3.882048793600984538e-01
9.003202562049640312e-01,9.569207208980141655e-01,3.882048793600984538e-01
9.011208967173739426e-01,9.511846458809316562e-01,3.882048793600984538e-01
9.019215372297838540e-01,9.451193775792786633e-01,3.882048793600984538e-01
9.027221777421937654e-01,9.387316649057463325e-01,3.882048793600984538e-01
9.035228182546037878e-01,9.320285832059921338e-01,3.882048793600984538e-01
9.043234587670136992e-01,9.250175212084632559e-01,3.882048793600984538e-01
9.051240992794236107e-01,9.177061674597895014e-01,3.882048793600984538e-01
9.059247397918335221e-01,9.101024962846753219e-01,3.882048793600984538e-01
9.067253803042434335e-01,9.022147533086547488e-01,3.882048793600984538e-01
9.075260208166533449e-01,8.940514405806369025e-01,3.882048793600984538e-01
9.083266613290632563e-01,8.856213013320520799e-01,3.882048793600984538e-01
9.091273018414732787e-01,8.769333044096102592e-01,3.882048793600984538e-01
9.099279423538831901e-01,8.679966284197979665e-01,3.882048793600984538e-01
9.107285828662931015e-01,8.588206456240381481e-01,3.882048793600984538e-01
9.115292233787030129e-01,8.494149056241901974e-01,3.882048793600984538e-01
9.123298638911129244e-01,8.397891188781616556e-01,3.882048793600984538e-01
9.131305044035228358e-01,8.299531400854492924e-01,3.882048793600984538e-01
9.139311449159327472e-01,8.199169514820776605e-01,3.882048793600984538e-01
9.147317854283427696e-01,8.096906460842858699e-01,3.882048793600984538e-01
9.155324259407526810e-01,7.992844109200045732e-01,3.882048793600984538e-01
9.163330664531625924e-01,7.887085102864992425e-01,3.882048793600984538e-01
9.171337069655725038e-01,7.779732690724032729e-01,3.882048793600984538e-01
9.179343474779824152e-01,7.670890561816560149e-01,3.882048793600984538e-01
9.187349879903923267e-01,7.560662680956253823e-01,3.882048793600984538e-01
9.195356285028023491e-01,7.449153126094928412e-01,3.882048793600984538e-01
9.203362690152122605e-01,7.336465927776303353e-01,3.882048793600984538e-01
9.211369095276221719e-01,7.222704911016800677e-01,3.882048793600984538e-01
9.219375500400320833e-01,7.107973539940606322e-01,3.882048793600984538e-01
9.227381905524419947e-01,6.992374765482255450e-01,3.882048793600984538e-01
9.235388310648519061e-01,6.876010876458438226e-01,3.882048793600984538e-01
9.243394715772618175e-01,6.758983354295302615e-01,3.882048793600984538e-01
9.251401120896718400e-01,6.641392731685152873e-01,3.882048793600984538e-01
9.259407526020817514e-01,6.523338455430175431e-01,3.882048793600984538e-01
9.267413931144916628e-01,6.404918753715397317e-01,3.882048793600984538e-01
9.275420336269015742e-01,6.286230508036912967e-01,3.882048793600984538e-01
9.283426741393114856e-01,6.167369129996960186e-01,3.882048793600984538e-01
9.291433146517213970e-01,6.048428443158209156e-01,3.882048793600984538e-01
9.299439551641313084e-01,5.929500570132777426e-01,3.882048793600984538e-01
9.307445956765413309e-01,5.810675825066177191e-01,3.882048793600984538e-01
9.315452361889512423e-01,5.692042611657406326e-01,3.882048793600984538e-01
9.323458767013611537e-01,5.573687326838702161e-01,3.882048793600984538e-01
9.331465172137710651e-01,5.455694270222342102e-01,3.882048793600984538e-01
9.339471577261809765e-01,5.338145559403704166e-01,3.882048793600984538e-01
9.347477982385908879e-01,5.221121051190971141e-01,3.882048793600984538e-01
9.355484387510009103e-01,5.104698268816175721e-01,3.882048793600984538e-01
9.363490792634108217e-01,4.988952335165997565e-01,3.882048793600984538e-01
9.371497197758207331e-01,4.873955912051338712e-01,3.882048793600984538e-01
9.379503602882306446e-01,4.759779145520240951e-01,3.882048793600984538e-01
9.387510008006405560e-01,4.646489617201549627e-01,3.882048793600984538e-01
9.395516413130504674e-01,4.534152301651576678e-01,3.882048793600984538e-01
9.403522818254603788e-01,4.422829529660268766e-01,3.882048793600984538e-01
9.411529223378704012e-01,4.312580957458248543e-01,3.882048793600984538e-01
9.419535628502803126e-01,4.203463541753297283e-01,3.882048793600984538e-01
9.427542033626902240e-01,4.095531520508758350e-01,3.882048793600984538e-01
9.435548438751001354e-01,3.988836399365702223e-01,3.882048793600984538e-01
9.443554843875100469e-01,3.883426943596226533e-01,3.882048793600984538e-01
9.451561248999199583e-01,3.779349175464965516e-01,3.882048793600984538e-01
9.459567654123298697e-01,3.676646376862935384e-01,3.882048793600984538e-01
9.467574059247398921e-01,3.575359097069280567e-01,3.882048793600984538e-01
9.475580464371498035e-01,3.475525165485502388e-01,3.882048793600984538e-01
9.483586869495597149e-01,3.377179709178167455e-01,3.882048793600984538e-01
9.491593274619696263e-01,3.280355175057463324e-01,3.882048793600984538e-01
9.499599679743795377e-01,3.185081356512645678e-01,3.882048793600984538e-01
9.507606084867894491e-01,3.091385424316154262e-01,3.882048793600984538e-01
9.515612489991994716e-01,2.999291961605736190e-01,3.882048793600984538e-01
9.523618895116093830e-01,2.908823002744662101e-01,3.882048793600984538e-01
9.531625300240192944e-01,2.819998075859014297e-01,3.882048793600984538e-01
9.539631705364292058e-01,2.732834248845775194e-01,3.882048793600984538e-01
9.547638110488391172e-01,2.647346178641430403e-01,3.882048793600984538e-01
9.555644515612490286e-01,2.563546163541224887e-01,3.882048793600984538e-01
9.563650920736589400e-01,2.481444198354636199e-01,3.882048793600984538e-01
9.571657325860689625e-01,2.401048032183822067e-01,3.882048793600984538e-01
9.579663730984788739e-01,2.322363228610818675e-01,3.882048793600984538e-01
9.587670136108887853e-01,2.245393228079484438e-01,3.882048793600984538e-01
9.595676541232986967e-01,2.170139412259832479e-01,3.882048793600984538e-01
9.603682946357086081e-01,2.096601170183693130e-01,3.882048793600984538e-01
9.611689351481185195e-01,2.024775965942808287e-01,3.882048793600984538e-01
9.619695756605284309e-01,1.954659407743688515e-01,3.882048793600984538e-01
9.627702161729384533e-01,1.886245318116690217e-01,3.882048793600984538e-01
9.635708566853483648e-01,1.819525805080440539e-01,3.882048793600984538e-01
9.643714971977582762e-01,1.754491334067413422e-01,3.882048793600984538e-01
9.651721377101681876e-01,1.691130800420991009e-01,3.882048793600984538e-01
9.659727782225780990e-01,1.629431602279445834e-01,3.882048793600984538e-01
9.667734187349880104e-01,1.569379713667800047e-01,3.882048793600984538e-01
9.675740592473979218e-01,1.510959757625249811e-01,3.882048793600984538e-01
9.683746997598079442e-01,1.454155079200116496e-01,3.882048793600984538e-01
9.691753402722178556e-01,1.398947818152751488e-01,3.882048793600984538e-01
9.699759807846277671e-01,1.345318981212506038e-01,3.882048793600984538e-01
9.707766212970376785e-01,1.293248513742054351e-01,3.882048793600984538e-01
9.715772618094475899e-01,1.242715370669264657e-01,3.882048793600984538e-01
9.723779023218575013e-01,1.193697586554357815e-01,3.882048793600984538e-01
9.731785428342675237e-01,1.146172344667296394e-01,3.882048793600984538e-01
9.739791833466774351e-01,1.100116044957715616e-01,3.882048793600984538e-01
9.747798238590873465e-01,1.055504370807648223e-01,3.882048793600984538e-01
9.755804643714972579e-01,1.012312354464506015e-01,3.882048793600984538e-01
9.763811048839071693e-01,9.705144410593949389e-02,3.882048793600984538e-01
9.771817453963170808e-01,9.300845511234122343e-02,3.882048793600984538e-01
9.779823859087269922e-01,8.909961415222777958e-02,3.882048793600984538e-01
9.787830264211370146e-01,8.532222647369754054e-02,3.882048793600984538e-01
9.795836669335469260e-01,8.167356264253125553e-02,3.882048793600984538e-01
9.803843074459568374e-01,7.815086412065701260e-02,3.882048793600984538e-01
9.811849479583667488e-01,7.475134866188604121e-02,3.882048793600984538e-01
9.819855884707766602e-01,7.147221552054061622e-02,3.882048793600984538e-01
9.827862289831865716e-01,6.831065046927756179e-02,3.882048793600984538e-01
9.835868694955964830e-01,6.526383062311076622e-02,3.882048793600984538e-01
9.843875100080065055e-01,6.232892906723414006e-02,3.882048793600984538e-01
9.851881505204164169e-01,5.950311928687439939e-02,3.882048793600984538e-01
9.859887910328263283e-01,5.678357939804063587e-02,3.882048793600984538e-01
9.867894315452362397e-01,5.416749617855849686e-02,3.882048793600984538e-01
9.875900720576461511e-01,5.165206889937089957e-02,3.882048793600984538e-01
9.883907125700560625e-01,4.923451295658824722e-02,3.882048793600984538e-01
9.891913530824660850e-01,4.691206330529182345e-02,3.882048793600984538e-01
9.899919935948759964e-01,4.468197769655724017e-02,3.882048793600984538e-01
9.907926341072859078e-01,4.254153971961122799e-02,3.882048793600984538e-01
9.915932746196958192e-01,4.048806165146440206e-02,3.882048793600984538e-01
9.923939151321057306e-01,3.851888711676086652e-02,3.882048793600984538e-01
9.931945556445156420e-01,3.663139356093954996e-02,3.882048793600984538e-01
9.939951961569255534e-01,3.482299454016025975e-02,3.882048793600984538e-01
9.947958366693355758e-01,3.309114183175049240e-02,3.882048793600984538e-01
9.955964771817454873e-01,3.143332736922083842e-02,3.882048793600984538e-01
9.963971176941553987e-01,2.984708500615308388e-02,3.882048793600984538e-01
9.971977582065653101e-01,2.832999211351586166e-02,3.882048793600984538e-01
9.979983987189752215e-01,2.687967101515150586e-02,3.882048793600984538e-01
9.987990392313851329e-01,2.549379026637720036e-02,3.882048793600984538e-01
9.995996797437950443e-01,2.417006578080041837e-02,3.882048793600984538e-01
