x, u, time
4.003202562049639444e-04,1.199340455644506259e-15,1.619870756510261578e-01
1.200960768614891833e-03,1.019193768267795768e-15,1.619870756510261578e-01
2.001601281024820156e-03,8.657729329455409769e-16,1.619870756510261578e-01
2.802241793434748045e-03,7.351639747472303023e-16,1.619870756510261578e-01
3.602882305844675934e-03,6.240184043759583895e-16,1.619870756510261578e-01
4.403522818254604690e-03,5.294726709936859922e-16,1.619870756510261578e-01
5.204163330664531711e-03,4.490789176875426970e-16,1.619870756510261578e-01
6.004803843074460468e-03,3.807454784159443263e-16,1.619870756510261578e-01
6.805444355484387489e-03,3.226857673265481695e-16,1.619870756510261578e-01
7.606084867894316245e-03,2.733743950967566401e-16,1.619870756510261578e-01
8.406725380304245002e-03,2.315095061153372814e-16,1.619870756510261578e-01
9.207365892714172023e-03,1.959804681301231053e-16,1.619870756510261578e-01
1.000800640512410078e-02,1.658401652452526338e-16,1.619870756510261578e-01
1.080864691753402780e-02,1.402812483125331230e-16,1.619870756510261578e-01
1.160928742994395656e-02,1.186157859584021635e-16,1.619870756510261578e-01
1.240992794235388358e-02,1.002578365761706352e-16,1.619870756510261578e-01
1.321056845476381233e-02,8.470852820741496725e-17,1.619870756510261578e-01
1.401120896717374109e-02,7.154329073924956536e-17,1.619870756510261578e-01
1.481184947958366811e-02,6.040093447484276937e-17,1.619870756510261578e-01
1.561248999199359687e-02,5.097431195186700044e-17,1.619870756510261578e-01
1.641313050440352389e-02,4.300233680633396061e-17,1.619870756510261578e-01
1.721377101681344918e-02,3.626316530503202621e-17,1.619870756510261578e-01
1.801441152922337793e-02,3.056837358993432290e-17,1.619870756510261578e-01
1.881505204163330669e-02,2.575798729196335576e-17,1.619870756510261578e-01
1.961569255404323545e-02,2.169624049868704236e-17,1.619870756510261578e-01
2.041633306645316420e-02,1.826795855068910604e-17,1.619870756510261578e-01
2.121697357886308949e-02,1.537547418379207386e-17,1.619870756510261578e-01
2.201761409127301825e-02,1.293599946590506095e-17,1.619870756510261578e-01
2.281825460368294700e-02,1.087938708930914119e-17,1.619870756510261578e-01
2.361889511609287576e-02,9.146224123522375585e-18,1.619870756510261578e-01
2.441953562850280104e-02,7.686209528063151197e-18,1.619870756510261578e-01
2.522017614091272980e-02,6.456773756366791886e-18,1.619870756510261578e-01
2.602081665332265856e-02,5.421904814013139675e-18,1.619870756510261578e-01
2.682145716573258731e-02,4.551150306226937819e-18,1.619870756510261578e-01
2.762209767814251607e-02,3.818769442032914019e-18,1.619870756510261578e-01
2.842273819055244136e-02,3.203012759518935479e-18,1.619870756510261578e-01
2.922337870296237011e-02,2.685510588030933177e-18,1.619870756510261578e-01
3.002401921537229887e-02,2.250754046008330626e-18,1.619870756510261578e-01
3.082465972778222763e-02,1.885654754023689479e-18,1.619870756510261578e-01
3.162530024019215291e-02,1.579171478610543354e-18,1.619870756510261578e-01
3.242594075260208514e-02,1.321993662832720160e-18,1.619870756510261578e-01
3.322658126501201042e-02,1.106273286547861798e-18,1.619870756510261578e-01
3.402722177742193571e-02,9.253977692852300136e-19,1.619870756510261578e-01
3.482786228983186794e-02,7.737977127916369808e-19,1.619870756510261578e-01
3.562850280224179322e-02,6.467842053952622709e-19,1.619870756510261578e-01
3.642914331465172545e-02,5.404111993785314036e-19,1.619870756510261578e-01
3.722978382706165074e-02,4.513591452573575405e-19,1.619870756510261578e-01
3.803042433947157602e-02,3.768366401372557276e-19,1.619870756510261578e-01
3.883106485188150825e-02,3.144973356430573111e-19,1.619870756510261578e-01
3.963170536429143354e-02,2.623697667046718479e-19,1.619870756510261578e-01
4.043234587670136576e-02,2.187981163494082665e-19,1.619870756510261578e-01
4.123298638911129105e-02,1.823922326916523433e-19,1.619870756510261578e-01
4.203362690152121633e-02,1.519854702992364947e-19,1.619870756510261578e-01
4.283426741393114856e-02,1.265991457001908969e-19,1.619870756510261578e-01
4.363490792634107385e-02,1.054125816558090709e-19,1.619870756510261578e-01
4.443554843875099913e-02,8.773787181882490502e-20,1.619870756510261578e-01
4.523618895116093136e-02,7.299863066333828163e-20,1.619870756510261578e-01
4.603682946357085665e-02,6.071210665223110939e-20,1.619870756510261578e-01
4.683746997598078887e-02,5.047413251536442717e-20,1.619870756510261578e-01
4.763811048839071416e-02,4.194646782027587946e-20,1.619870756510261578e-01
4.843875100080063945e-02,3.484615791911135120e-20,1.619870756510261578e-01
4.923939151321057167e-02,2.893659171892347170e-20,1.619870756510261578e-01
5.004003202562049696e-02,2.401999013794132772e-20,1.619870756510261578e-01
5.084067253803042918e-02,1.993109893181560932e-20,1.619870756510261578e-01
5.164131305044035447e-02,1.653189495297010596e-20,1.619870756510261578e-01
5.244195356285027976e-02,1.370714482262651447e-20,1.619870756510261578e-01
5.324259407526021198e-02,1.136068028138802909e-20,1.619870756510261578e-01
5.404323458767013727e-02,9.412275847909951134e-21,1.619870756510261578e-01
5.484387510008006950e-02,7.795032456943922020e-21,1.619870756510261578e-01
5.564451561248999478e-02,6.453185977915082126e-21,1.619870756510261578e-01
5.644515612489992007e-02,5.340272365912757092e-21,1.619870756510261578e-01
5.724579663730985229e-02,4.417592035578587774e-21,1.619870756510261578e-01
5.804643714971977758e-02,3.652925185990275535e-21,1.619870756510261578e-01
5.884707766212970981e-02,3.019457504927663953e-21,1.619870756510261578e-01
5.964771817453963509e-02,2.494882167184513659e-21,1.619870756510261578e-01
6.044835868694956038e-02,2.060649502918948827e-21,1.619870756510261578e-01
6.124899919935949261e-02,1.701340308416589952e-21,1.619870756510261578e-01
6.204963971176941789e-02,1.404142638410281267e-21,1.619870756510261578e-01
6.285028022417935012e-02,1.158415170687391966e-21,1.619870756510261578e-01
6.365092073658927541e-02,9.553229668273021436e-22,1.619870756510261578e-01
6.445156124899921457e-02,7.875337492419219133e-22,1.619870756510261578e-01
6.525220176140913986e-02,6.489647432223189800e-22,1.619870756510261578e-01
6.605284227381906514e-02,5.345717516449985670e-22,1.619870756510261578e-01
6.685348278622899043e-02,4.401734884805578196e-22,1.619870756510261578e-01
6.765412329863891572e-02,3.623053366939760138e-22,1.619870756510261578e-01
6.845476381104885488e-02,2.980976514420595010e-22,1.619870756510261578e-01
6.925540432345878017e-02,2.451745300745246640e-22,1.619870756510261578e-01
7.005604483586870546e-02,2.015696411022091590e-22,1.619870756510261578e-01
7.085668534827863074e-02,1.656562658616725060e-22,1.619870756510261578e-01
7.165732586068855603e-02,1.360891766257973967e-22,1.619870756510261578e-01
7.245796637309849519e-02,1.117563681415246009e-22,1.619870756510261578e-01
7.325860688550842048e-02,9.173898842456916783e-23,1.619870756510261578e-01
7.405924739791834577e-02,7.527808953178317766e-23,1.619870756510261578e-01
7.485988791032827105e-02,6.174704872061182221e-23,1.619870756510261578e-01
7.566052842273819634e-02,5.062870224387691235e-23,1.619870756510261578e-01
7.646116893514813551e-02,4.149639418613140388e-23,1.619870756510261578e-01
7.726180944755806079e-02,3.399827640048242633e-23,1.619870756510261578e-01
7.806244995996798608e-02,2.784430709146157345e-23,1.619870756510261578e-01
7.886309047237791137e-02,2.279548854713315001e-23,1.619870756510261578e-01
7.966373098478783665e-02,1.865496199895461218e-23,1.619870756510261578e-01
8.046437149719777582e-02,1.526064213230918255e-23,1.619870756510261578e-01
8.126501200960770110e-02,1.247912751968068770e-23,1.619870756510261578e-01
8.206565252201762639e-02,1.020066798880478131e-23,1.619870756510261578e-01
8.286629303442755168e-02,8.335007164054376269e-24,1.619870756510261578e-01
8.366693354683747696e-02,6.807949379842586550e-24,1.619870756510261578e-01
8.446757405924741613e-02,5.558525903618291508e-24,1.619870756510261578e-01
8.526821457165734142e-02,4.536656794786647899e-24,1.619870756510261578e-01
8.606885508406726670e-02,3.701222492294304916e-24,1.619870756510261578e-01
8.686949559647719199e-02,3.018473974962844800e-24,1.619870756510261578e-01
8.767013610888711728e-02,2.460722581447386997e-24,1.619870756510261578e-01
8.847077662129704256e-02,2.005260733271006869e-24,1.619870756510261578e-01
8.927141713370698173e-02,1.633473226696465595e-24,1.619870756510261578e-01
9.007205764611690701e-02,1.330105740443433934e-24,1.619870756510261578e-01
9.087269815852683230e-02,1.082662990582215503e-24,1.619870756510261578e-01
9.167333867093675759e-02,8.809137545320593852e-25,1.619870756510261578e-01
9.247397918334668288e-02,7.164839520185936593e-25,1.619870756510261578e-01
9.327461969575662204e-02,5.825222526867818260e-25,1.619870756510261578e-01
9.407526020816654733e-02,4.734253946823269471e-25,1.619870756510261578e-01
9.487590072057647261e-02,3.846126430038099551e-25,1.619870756510261578e-01
9.567654123298639790e-02,3.123406714298685076e-25,1.619870756510261578e-01
9.647718174539632319e-02,2.535516842886359382e-25,1.619870756510261578e-01
9.727782225780626235e-02,2.057488598102859733e-25,1.619870756510261578e-01
9.807846277021618764e-02,1.668942413678534147e-25,1.619870756510261578e-01
9.887910328262611293e-02,1.353250647684910145e-25,1.619870756510261578e-01
9.967974379503603821e-02,1.096852205680438050e-25,1.619870756510261578e-01
1.004803843074459635e-01,8.886913637293128718e-26,1.619870756510261578e-01
1.012810248198559027e-01,7.197584698180952392e-26,1.619870756510261578e-01
1.020816653322658280e-01,5.827141797956655839e-26,1.619870756510261578e-01
1.028823058446757532e-01,4.715821589846056871e-26,1.619870756510261578e-01
1.036829463570856785e-01,3.814978760305584905e-26,1.619870756510261578e-01
1.044835868694956038e-01,3.085033330216267239e-26,1.619870756510261578e-01
1.052842273819055430e-01,2.493793994130539601e-26,1.619870756510261578e-01
1.060848678943154683e-01,2.015089162008654410e-26,1.619870756510261578e-01
1.068855084067253935e-01,1.627649683683100831e-26,1.619870756510261578e-01
1.076861489191353188e-01,1.314197351372326265e-26,1.619870756510261578e-01
1.084867894315452441e-01,1.060701579716336329e-26,1.619870756510261578e-01
1.092874299439551833e-01,8.557734774061945582e-27,1.619870756510261578e-01
1.100880704563651086e-01,6.901721143875590908e-27,1.619870756510261578e-01
1.108887109687750339e-01,5.564023720248035465e-27,1.619870756510261578e-01
1.116893514811849591e-01,4.483875201813771428e-27,1.619870756510261578e-01
1.124899919935948844e-01,3.612027427850750275e-27,1.619870756510261578e-01
1.132906325060048236e-01,2.908583537681902995e-27,1.619870756510261578e-01
1.140912730184147489e-01,2.341235083595784622e-27,1.619870756510261578e-01
1.148919135308246742e-01,1.883829028085422669e-27,1.619870756510261578e-01
1.156925540432345995e-01,1.515203363215203443e-27,1.619870756510261578e-01
1.164931945556445247e-01,1.218241378013187276e-27,1.619870756510261578e-01
1.172938350680544639e-01,9.791038246705056521e-28,1.619870756510261578e-01
1.180944755804643892e-01,7.866057699872151499e-28,1.619870756510261578e-01
1.188951160928743145e-01,6.317110717088494258e-28,1.619870756510261578e-01
1.196957566052842398e-01,5.071224416866586136e-28,1.619870756510261578e-01
1.204963971176941651e-01,4.069491553214953405e-28,1.619870756510261578e-01
1.212970376301040903e-01,3.264378084114363659e-28,1.619870756510261578e-01
1.220976781425140295e-01,2.617542466199371505e-28,1.619870756510261578e-01
1.228983186549239548e-01,2.098070125269239688e-28,1.619870756510261578e-01
1.236989591673338801e-01,1.681044632490372702e-28,1.619870756510261578e-01
1.244995996797438054e-01,1.346391836754438233e-28,1.619870756510261578e-01
1.253002401921537168e-01,1.077945183939022930e-28,1.619870756510261578e-01
1.261008807045636559e-01,8.626901998613045010e-29,1.619870756510261578e-01
1.269015212169735674e-01,6.901540389145252139e-29,1.619870756510261578e-01
1.277021617293835065e-01,5.519124422827320977e-29,1.619870756510261578e-01
1.285028022417934457e-01,4.411916837086558143e-29,1.619870756510261578e-01
1.293034427542033571e-01,3.525473317158813438e-29,1.619870756510261578e-01
1.301040832666132963e-01,2.816051081592758963e-29,1.619870756510261578e-01
1.309047237790232077e-01,2.248519233876598645e-29,1.619870756510261578e-01
1.317053642914331468e-01,1.794674399436027727e-29,1.619870756510261578e-01
1.325060048038430860e-01,1.431883587379665024e-29,1.619870756510261578e-01
1.333066453162529974e-01,1.141991145646580080e-29,1.619870756510261578e-01
1.341072858286629366e-01,9.104387714083508591e-30,1.619870756510261578e-01
1.349079263410728480e-01,7.255573303340662424e-30,1.619870756510261578e-01
1.357085668534827871e-01,5.779971661908442514e-30,1.619870756510261578e-01
1.365092073658927263e-01,4.602700011521961843e-30,1.619870756510261578e-01
1.373098478783026377e-01,3.663807202866004076e-30,1.619870756510261578e-01
1.381104883907125769e-01,2.915315271022520860e-30,1.619870756510261578e-01
1.389111289031224883e-01,2.318843386752434558e-30,1.619870756510261578e-01
1.397117694155324275e-01,1.843700215736558791e-30,1.619870756510261578e-01
1.405124099279423666e-01,1.465352888764944241e-30,1.619870756510261578e-01
1.413130504403522780e-01,1.164198812826088175e-30,1.619870756510261578e-01
1.421136909527622172e-01,9.245810239702005350e-31,1.619870756510261578e-01
1.429143314651721286e-01,7.339991940335935161e-31,1.619870756510261578e-01
1.437149719775820678e-01,5.824774335816823484e-31,1.619870756510261578e-01
1.445156124899920069e-01,4.620575232735318032e-31,1.619870756510261578e-01
1.453162530024019183e-01,3.663927384425320556e-31,1.619870756510261578e-01
1.461168935148118575e-01,2.904229394067486124e-31,1.619870756510261578e-01
1.469175340272217689e-01,2.301155657018819198e-31,1.619870756510261578e-01
1.477181745396317081e-01,1.822594387452611822e-31,1.619870756510261578e-01
1.485188150520416472e-01,1.442996868667571369e-31,1.619870756510261578e-01
1.493194555644515586e-01,1.142041004611264064e-31,1.619870756510261578e-01
1.501200960768614978e-01,9.035449472093560305e-32,1.619870756510261578e-01
1.509207365892714092e-01,7.146012826250201389e-32,1.619870756510261578e-01
1.517213771016813484e-01,5.649169998187912507e-32,1.619870756510261578e-01
1.525220176140912876e-01,4.463274456233893810e-32,1.619870756510261578e-01
1.533226581265011990e-01,3.524194740384872300e-32,1.619870756510261578e-01
1.541232986389111381e-01,2.781866197687558496e-32,1.619870756510261578e-01
1.549239391513210495e-01,2.196741658742294091e-32,1.619870756510261578e-01
1.557245796637309887e-01,1.736421016338754890e-32,1.619870756510261578e-01
1.565252201761409279e-01,1.373291040789193715e-32,1.619870756510261578e-01
1.573258606885508393e-01,1.083902880959597566e-32,1.619870756510261578e-01
1.581265012009607784e-01,8.499963278071836567e-33,1.619870756510261578e-01
1.589271417133706898e-01,6.600676591305312957e-33,1.619870756510261578e-01
1.597277822257806290e-01,5.099300724359732284e-33,1.619870756510261578e-01
1.605284227381905682e-01,4.012522041764392322e-33,1.619870756510261578e-01
1.613290632506004796e-01,3.383100951892442542e-33,1.619870756510261578e-01
1.621297037630104187e-01,3.243544672424240058e-33,1.619870756510261578e-01
1.629303442754203302e-01,3.593198297199802724e-33,1.619870756510261578e-01
1.637309847878302693e-01,4.398958694558746314e-33,1.619870756510261578e-01
1.645316253002402085e-01,5.617313369233367895e-33,1.619870756510261578e-01
1.653322658126501199e-01,7.225375331739559466e-33,1.619870756510261578e-01
1.661329063250600591e-01,9.246553492631852910e-33,1.619870756510261578e-01
1.669335468374699705e-01,1.176241490128241614e-32,1.619870756510261578e-01
1.677341873498799096e-01,1.491144102018435211e-32,1.619870756510261578e-01
1.685348278622898488e-01,1.888211323309887311e-32,1.619870756510261578e-01
1.693354683746997602e-01,2.390910751327100057e-32,1.619870756510261578e-01
1.701361088871096994e-01,3.027816254999410832e-32,1.619870756510261578e-01
1.709367493995196108e-01,3.834056326794251256e-32,1.619870756510261578e-01
1.717373899119295499e-01,4.853513662337736380e-32,1.619870756510261578e-01
1.725380304243394614e-01,6.141533504042903403e-32,1.619870756510261578e-01
1.733386709367494005e-01,7.768064718317648464e-32,1.619870756510261578e-01
1.741393114491593397e-01,9.821369914877196155e-32,1.619870756510261578e-01
1.749399519615692511e-01,1.241258566085289166e-31,1.619870756510261578e-01
1.757405924739791903e-01,1.568146784909907982e-31,1.619870756510261578e-01
1.765412329863891017e-01,1.980366543877580270e-31,1.619870756510261578e-01
1.773418734987990408e-01,2.499988739566568868e-31,1.619870756510261578e-01
1.781425140112089800e-01,3.154739718175848571e-31,1.619870756510261578e-01
1.789431545236188914e-01,3.979438964302534841e-31,1.619870756510261578e-01
1.797437950360288306e-01,5.017796447006240468e-31,1.619870756510261578e-01
1.805444355484387420e-01,6.324660003883160090e-31,1.619870756510261578e-01
1.813450760608486811e-01,7.968825513998488489e-31,1.619870756510261578e-01
1.821457165732586203e-01,1.003654979298826990e-30,1.619870756510261578e-01
1.829463570856685317e-01,1.263593997828001625e-30,1.619870756510261578e-01
1.837469975980784709e-01,1.590243555657692280e-30,1.619870756510261578e-01
1.845476381104883823e-01,2.000565209779725272e-30,1.619870756510261578e-01
1.853482786228983215e-01,2.515792152222569277e-30,1.619870756510261578e-01
1.861489191353082606e-01,3.162494528644583535e-30,1.619870756510261578e-01
1.869495596477181720e-01,3.973907798808552232e-30,1.619870756510261578e-01
1.877502001601281112e-01,4.991588426580865564e-30,1.619870756510261578e-01
1.885508406725380226e-01,6.267476731750820636e-30,1.619870756510261578e-01
1.893514811849479618e-01,7.866466001754751198e-30,1.619870756510261578e-01
1.901521216973579009e-01,9.869600827713652224e-30,1.619870756510261578e-01
1.909527622097678123e-01,1.237805718095329050e-29,1.619870756510261578e-01
1.917534027221777515e-01,1.551809332225365734e-29,1.619870756510261578e-01
1.925540432345876629e-01,1.944720588777037367e-29,1.619870756510261578e-01
1.933546837469976021e-01,2.436178145807115564e-29,1.619870756510261578e-01
1.941553242594075412e-01,3.050660309685318595e-29,1.619870756510261578e-01
1.949559647718174527e-01,3.818665683028327524e-29,1.619870756510261578e-01
1.957566052842273918e-01,4.778178862536579403e-29,1.619870756510261578e-01
1.965572457966373032e-01,5.976489279014760908e-29,1.619870756510261578e-01
1.973578863090472424e-01,7.472447360768301421e-29,1.619870756510261578e-01
1.981585268214571816e-01,9.339262049498231365e-29,1.619870756510261578e-01
1.989591673338670930e-01,1.166796817291774368e-28,1.619870756510261578e-01
1.997598078462770321e-01,1.457172234689530023e-28,1.619870756510261578e-01
2.005604483586869435e-01,1.819112325105533314e-28,1.619870756510261578e-01
2.013610888710968827e-01,2.270079790193065957e-28,1.619870756510261578e-01
2.021617293835068219e-01,2.831755190758659291e-28,1.619870756510261578e-01
2.029623698959167333e-01,3.531045104339929679e-28,1.619870756510261578e-01
2.037630104083266724e-01,4.401328680178762390e-28,1.619870756510261578e-01
2.045636509207365838e-01,5.483998346736153026e-28,1.619870756510261578e-01
2.053642914331465230e-01,6.830363319598150370e-28,1.619870756510261578e-01
2.061649319455564622e-01,8.504000397029126246e-28,1.619870756510261578e-01
2.069655724579663736e-01,1.058365598196213726e-27,1.619870756510261578e-01
2.077662129703763128e-01,1.316682714673616338e-27,1.619870756510261578e-01
2.085668534827862242e-01,1.637417885534601415e-27,1.619870756510261578e-01
2.093674939951961633e-01,2.035499039319236524e-27,1.619870756510261578e-01
2.101681345076061025e-01,2.529386811146371487e-27,1.619870756510261578e-01
2.109687750200160139e-01,3.141901558561390381e-27,1.619870756510261578e-01
2.117694155324259531e-01,3.901241842797863566e-27,1.619870756510261578e-01
2.125700560448358645e-01,4.842238198315751384e-27,1.619870756510261578e-01
2.133706965572458036e-01,6.007895926352336210e-27,1.619870756510261578e-01
2.141713370696557428e-01,7.451292776385031168e-27,1.619870756510261578e-01
2.149719775820656542e-01,9.237912211773455823e-27,1.619870756510261578e-01
2.157726180944755934e-01,1.144851108783316395e-26,1.619870756510261578e-01
2.165732586068855048e-01,1.418264272705154978e-26,1.619870756510261578e-01
2.173738991192954439e-01,1.756298343905722906e-26,1.619870756510261578e-01
2.181745396317053831e-01,2.174064357511487708e-26,1.619870756510261578e-01
2.189751801441152945e-01,2.690168453260073806e-26,1.619870756510261578e-01
2.197758206565252337e-01,3.327511231916978344e-26,1.619870756510261578e-01
2.205764611689351451e-01,4.114267827466513412e-26,1.619870756510261578e-01
2.213771016813450843e-01,5.085089066912184737e-26,1.619870756510261578e-01
2.221777421937550234e-01,6.282572998520892126e-26,1.619870756510261578e-01
2.229783827061649348e-01,7.759066919568345536e-26,1.619870756510261578e-01
2.237790232185748740e-01,9.578873243579911880e-26,1.619870756510261578e-01
2.245796637309847854e-01,1.182094862075982506e-25,1.619870756510261578e-01
2.253803042433947246e-01,1.458220527692849538e-25,1.619870756510261578e-01
2.261809447558046637e-01,1.798154730847497393e-25,1.619870756510261578e-01
2.269815852682145751e-01,2.216480356258385331e-25,1.619870756510261578e-01
2.277822257806245143e-01,2.731075383122585837e-25,1.619870756510261578e-01
2.285828662930344257e-01,3.363848771002461013e-25,1.619870756510261578e-01
2.293835068054443649e-01,4.141638721013197206e-25,1.619870756510261578e-01
2.301841473178543040e-01,5.097308698540822225e-25,1.619870756510261578e-01
2.309847878302642155e-01,6.271084217138433495e-25,1.619870756510261578e-01
2.317854283426741546e-01,7.712182613130550142e-25,1.619870756510261578e-01
2.325860688550840660e-01,9.480799225339107284e-25,1.619870756510261578e-01
2.333867093674940052e-01,1.165052694266407341e-24,1.619870756510261578e-01
2.341873498799039444e-01,1.431130248652286305e-24,1.619870756510261578e-01
2.349879903923138558e-01,1.757299264911836161e-24,1.619870756510261578e-01
2.357886309047237949e-01,2.156975772753636596e-24,1.619870756510261578e-01
2.365892714171337063e-01,2.646535843938373437e-24,1.619870756510261578e-01
2.373899119295436455e-01,3.245960771530336587e-24,1.619870756510261578e-01
2.381905524419535847e-01,3.979621118546307780e-24,1.619870756510261578e-01
2.389911929543634961e-01,4.877229141236728349e-24,1.619870756510261578e-01
2.397918334667734352e-01,5.974995277619353716e-24,1.619870756510261578e-01
2.405924739791833467e-01,7.317031856076378126e-24,1.619870756510261578e-01
2.413931144915932858e-01,8.957056182423337630e-24,1.619870756510261578e-01
2.421937550040031972e-01,1.096045601978633672e-23,1.619870756510261578e-01
2.429943955164131364e-01,1.340679355947977668e-23,1.619870756510261578e-01
2.437950360288230756e-01,1.639283974344263656e-23,1.619870756510261578e-01
2.445956765412329870e-01,2.003624978004816128e-23,1.619870756510261578e-01
2.453963170536429261e-01,2.448001354297192686e-23,1.619870756510261578e-01
2.461969575660528375e-01,2.989784203333617733e-23,1.619870756510261578e-01
2.469975980784627767e-01,3.650068414806508083e-23,1.619870756510261578e-01
2.477982385908727159e-01,4.454460774494529460e-23,1.619870756510261578e-01
2.485988791032826273e-01,5.434032675876853099e-23,1.619870756510261578e-01
2.493995196156925664e-01,6.626471349566091994e-23,1.619870756510261578e-01
2.502001601281024779e-01,8.077470411828006422e-23,1.619870756510261578e-01
2.510008006405124448e-01,9.842408800839771880e-23,1.619870756510261578e-01
2.518014411529223562e-01,1.198837708733570292e-22,1.619870756510261578e-01
2.526020816653322676e-01,1.459662203944614317e-22,1.619870756510261578e-01
2.534027221777421790e-01,1.776549457716792977e-22,1.619870756510261578e-01
2.542033626901521459e-01,2.161400333206889064e-22,1.619870756510261578e-01
2.550040032025620573e-01,2.628609648353269853e-22,1.619870756510261578e-01
2.558046437149719687e-01,3.195581903082723812e-22,1.619870756510261578e-01
2.566052842273819357e-01,3.883352196295745032e-22,1.619870756510261578e-01
2.574059247397918471e-01,4.717333483747072541e-22,1.619870756510261578e-01
2.582065652522017585e-01,5.728215518429058302e-22,1.619870756510261578e-01
2.590072057646117254e-01,6.953045823104313620e-22,1.619870756510261578e-01
2.598078462770216368e-01,8.436529027177489182e-22,1.619870756510261578e-01
2.606084867894315482e-01,1.023258804375687575e-21,1.619870756510261578e-01
2.614091273018414596e-01,1.240623908924066937e-21,1.619870756510261578e-01
2.622097678142514265e-01,1.503584272046073321e-21,1.619870756510261578e-01
2.630104083266613380e-01,1.821580519599133959e-21,1.619870756510261578e-01
2.638110488390712494e-01,2.205981892972601210e-21,1.619870756510261578e-01
2.646116893514812163e-01,2.670474803641931224e-21,1.619870756510261578e-01
2.654123298638911277e-01,3.231528549242837718e-21,1.619870756510261578e-01
2.662129703763010391e-01,3.908953286889312408e-21,1.619870756510261578e-01
2.670136108887110060e-01,4.726568267171686030e-21,1.619870756510261578e-01
2.678142514011209174e-01,5.713001791059831096e-21,1.619870756510261578e-01
2.686148919135308288e-01,6.902648464482480039e-21,1.619870756510261578e-01
2.694155324259407402e-01,8.336814213143840831e-21,1.619870756510261578e-01
2.702161729383507072e-01,1.006508532683745106e-20,1.619870756510261578e-01
2.710168134507606186e-01,1.214696469792509644e-20,1.619870756510261578e-01
2.718174539631705300e-01,1.465382660339993434e-20,1.619870756510261578e-01
2.726180944755804969e-01,1.767125109098993851e-20,1.619870756510261578e-01
2.734187349879904083e-01,2.130181054677004360e-20,1.619870756510261578e-01
2.742193755004003197e-01,2.566839467473218061e-20,1.619870756510261578e-01
2.750200160128102311e-01,3.091817629698198514e-20,1.619870756510261578e-01
2.758206565252201981e-01,3.722733954548002902e-20,1.619870756510261578e-01
2.766212970376301095e-01,4.480671470325464701e-20,1.619870756510261578e-01
2.774219375500400209e-01,5.390849080156094206e-20,1.619870756510261578e-01
2.782225780624499878e-01,6.483420883933519048e-20,1.619870756510261578e-01
2.790232185748598992e-01,7.794427604476095956e-20,1.619870756510261578e-01
2.798238590872698106e-01,9.366928598360382459e-20,1.619870756510261578e-01
2.806244995996797775e-01,1.125234817553360040e-19,1.619870756510261578e-01
2.814251401120896889e-01,1.351207614399543320e-19,1.619870756510261578e-01
2.822257806244996003e-01,1.621936980501970182e-19,1.619870756510261578e-01
2.830264211369095118e-01,1.946161324832279390e-19,1.619870756510261578e-01
2.838270616493194787e-01,2.334299996742223895e-19,1.619870756510261578e-01
2.846277021617293901e-01,2.798771680543068071e-19,1.619870756510261578e-01
2.854283426741393015e-01,3.354372137000725317e-19,1.619870756510261578e-01
2.862289831865492684e-01,4.018722169736526908e-19,1.619870756510261578e-01
2.870296236989591798e-01,4.812798653747891567e-19,1.619870756510261578e-01
2.878302642113690912e-01,5.761563768939953108e-19,1.619870756510261578e-01
2.886309047237790582e-01,6.894710293766871417e-19,1.619870756510261578e-01
2.894315452361889696e-01,8.247544003130918560e-19,1.619870756510261578e-01
2.902321857485988810e-01,9.862027962778777040e-19,1.619870756510261578e-01
2.910328262610087924e-01,1.178801791567517736e-18,1.619870756510261578e-01
2.918334667734187593e-01,1.408472312647636583e-18,1.619870756510261578e-01
2.926341072858286707e-01,1.682243311941165171e-18,1.619870756510261578e-01
2.934347477982385821e-01,2.008455786563542503e-18,1.619870756510261578e-01
2.942353883106485490e-01,2.397003732702347385e-18,1.619870756510261578e-01
2.950360288230584604e-01,2.859618605271729046e-18,1.619870756510261578e-01
2.958366693354683719e-01,3.410204999523321582e-18,1.619870756510261578e-01
2.966373098478783388e-01,4.065236614753439265e-18,1.619870756510261578e-01
2.974379503602882502e-01,4.844223133054224079e-18,1.619870756510261578e-01
2.982385908726981616e-01,5.770260486568421329e-18,1.619870756510261578e-01
2.990392313851080730e-01,6.870679139548059132e-18,1.619870756510261578e-01
2.998398718975180399e-01,8.177807528590332882e-18,1.619870756510261578e-01
3.006405124099279513e-01,9.729870746061777715e-18,1.619870756510261578e-01
3.014411529223378627e-01,1.157204798804707422e-17,1.619870756510261578e-01
3.022417934347478297e-01,1.375771630059336974e-17,1.619870756510261578e-01
3.030424339471577411e-01,1.634991284111529181e-17,1.619870756510261578e-01
3.038430744595676525e-01,1.942305333527194227e-17,1.619870756510261578e-01
3.046437149719776194e-01,2.306495078065732024e-17,1.619870756510261578e-01
3.054443554843875308e-01,2.737918587480348547e-17,1.619870756510261578e-01
3.062449959967974422e-01,3.248788929717711822e-17,1.619870756510261578e-01
3.070456365092073536e-01,3.853500605107433749e-17,1.619870756510261578e-01
3.078462770216173205e-01,4.569012380080137156e-17,1.619870756510261578e-01
3.086469175340272320e-01,5.415296078749142359e-17,1.619870756510261578e-01
3.094475580464371434e-01,6.415862478022457684e-17,1.619870756510261578e-01
3.102481985588471103e-01,7.598377297238037750e-17,1.619870756510261578e-01
3.110488390712570217e-01,8.995382417636286572e-17,1.619870756510261578e-01
3.118494795836669331e-01,1.064513995763931359e-16,1.619870756510261578e-01
3.126501200960769000e-01,1.259261972155322970e-16,1.619870756510261578e-01
3.134507606084868114e-01,1.489065389502557130e-16,1.619870756510261578e-01
3.142514011208967228e-01,1.760128675313906498e-16,1.619870756510261578e-01
3.150520416333066342e-01,2.079735166025850676e-16,1.619870756510261578e-01
3.158526821457166012e-01,2.456431287135686902e-16,1.619870756510261578e-01
3.166533226581265126e-01,2.900241570384211333e-16,1.619870756510261578e-01
3.174539631705364240e-01,3.422919566507632104e-16,1.619870756510261578e-01
3.182546036829463909e-01,4.038240524129123027e-16,1.619870756510261578e-01
3.190552441953563023e-01,4.762342644816499230e-16,1.619870756510261578e-01
3.198558847077662137e-01,5.614124810692039592e-16,1.619870756510261578e-01
3.206565252201761806e-01,6.615709936658295654e-16,1.619870756510261578e-01
3.214571657325860921e-01,7.792984550039891158e-16,1.619870756510261578e-01
3.222578062449960035e-01,9.176226875799281941e-16,1.619870756510261578e-01
3.230584467574059149e-01,1.080083763935550047e-15,1.619870756510261578e-01
3.238590872698158818e-01,1.270819003033774440e-15,1.619870756510261578e-01
3.246597277822257932e-01,1.494661784391358104e-15,1.619870756510261578e-01
3.254603682946357046e-01,1.757256378274759171e-15,1.619870756510261578e-01
3.262610088070456715e-01,2.065191332068335011e-15,1.619870756510261578e-01
3.270616493194555829e-01,2.426154346588188216e-15,1.619870756510261578e-01
3.278622898318654943e-01,2.849112029307680182e-15,1.619870756510261578e-01
3.286629303442754613e-01,3.344518432942623985e-15,1.619870756510261578e-01
3.294635708566853727e-01,3.924556887643153193e-15,1.619870756510261578e-01
3.302642113690952841e-01,4.603420324600858576e-15,1.619870756510261578e-01
3.310648518815051955e-01,5.397636081278699152e-15,1.619870756510261578e-01
3.318654923939151624e-01,6.326442088639901964e-15,1.619870756510261578e-01
3.326661329063250738e-01,7.412222385714524902e-15,1.619870756510261578e-01
3.334667734187349852e-01,8.681011106018041589e-15,1.619870756510261578e-01
3.342674139311449522e-01,1.016307545587030162e-14,1.619870756510261578e-01
3.350680544435548636e-01,1.189358978175978390e-14,1.619870756510261578e-01
3.358686949559647750e-01,1.391341463128512518e-14,1.619870756510261578e-01
3.366693354683747419e-01,1.626999678257255775e-14,1.619870756510261578e-01
3.374699759807846533e-01,1.901840858757362320e-14,1.619870756510261578e-01
3.382706164931945647e-01,2.222254768761165359e-14,1.619870756510261578e-01
3.390712570056044761e-01,2.595652126297342713e-14,1.619870756510261578e-01
3.398718975180144430e-01,3.030624252685296753e-14,1.619870756510261578e-01
3.406725380304243544e-01,3.537127122950138148e-14,1.619870756510261578e-01
3.414731785428342659e-01,4.126693457137555745e-14,1.619870756510261578e-01
3.422738190552442328e-01,4.812677021411858444e-14,1.619870756510261578e-01
3.430744595676541442e-01,5.610533911589482467e-14,1.619870756510261578e-01
3.438751000800640556e-01,6.538146280530510527e-14,1.619870756510261578e-01
3.446757405924739670e-01,7.616194756196851427e-14,1.619870756510261578e-01
3.454763811048839339e-01,8.868586692328508634e-14,1.619870756510261578e-01
3.462770216172938453e-01,1.032294841344802966e-13,1.619870756510261578e-01
3.470776621297037567e-01,1.201119077710368355e-13,1.619870756510261578e-01
3.478783026421137237e-01,1.397015869788933878e-13,1.619870756510261578e-01
3.486789431545236351e-01,1.624237678133279002e-13,1.619870756510261578e-01
3.494795836669335465e-01,1.887690492543728823e-13,1.619870756510261578e-01
3.502802241793435134e-01,2.193031969089183302e-13,1.619870756510261578e-01
3.510808646917534248e-01,2.546783944856627642e-13,1.619870756510261578e-01
3.518815052041633362e-01,2.956461381972558013e-13,1.619870756510261578e-01
3.526821457165732476e-01,3.430720076961088813e-13,1.619870756510261578e-01
3.534827862289832145e-01,3.979525794285980829e-13,1.619870756510261578e-01
3.542834267413931260e-01,4.614347848939736606e-13,1.619870756510261578e-01
3.550840672538030374e-01,5.348380577787386825e-13,1.619870756510261578e-01
3.558847077662130043e-01,6.196796609340940365e-13,1.619870756510261578e-01
3.566853482786229157e-01,7.177036373809763040e-13,1.619870756510261578e-01
3.574859887910328271e-01,8.309138897586566111e-13,1.619870756510261578e-01
3.582866293034427940e-01,9.616119607713891176e-13,1.619870756510261578e-01
3.590872698158527054e-01,1.112440164235461020e-12,1.619870756510261578e-01
3.598879103282626168e-01,1.286430803409445886e-12,1.619870756510261578e-01
3.606885508406725283e-01,1.487062311663089361e-12,1.619870756510261578e-01
3.614891913530824952e-01,1.718323261617421266e-12,1.619870756510261578e-01
3.622898318654924066e-01,1.984785314251712252e-12,1.619870756510261578e-01
3.630904723779023180e-01,2.291686320890375069e-12,1.619870756510261578e-01
3.638911128903122849e-01,2.645024950436857187e-12,1.619870756510261578e-01
3.646917534027221963e-01,3.051668393925044971e-12,1.619870756510261578e-01
3.654923939151321077e-01,3.519474900888476946e-12,1.619870756510261578e-01
3.662930344275420746e-01,4.057433129966562636e-12,1.619870756510261578e-01
3.670936749399519861e-01,4.675820552661282042e-12,1.619870756510261578e-01
3.678943154523618975e-01,5.386383437674625866e-12,1.619870756510261578e-01
3.686949559647718089e-01,6.202541267637061271e-12,1.619870756510261578e-01
3.694955964771817758e-01,7.139618804556712963e-12,1.619870756510261578e-01
3.702962369895916872e-01,8.215109429758666859e-12,1.619870756510261578e-01
3.710968775020015986e-01,9.448973843744898251e-12,1.619870756510261578e-01
3.718975180144115655e-01,1.086397872721038370e-11,1.619870756510261578e-01
3.726981585268214769e-01,1.248608054295253706e-11,1.619870756510261578e-01
3.734987990392313884e-01,1.434486030695850191e-11,1.619870756510261578e-01
3.742994395516413553e-01,1.647401588362326555e-11,1.619870756510261578e-01
3.751000800640512667e-01,1.891191917388480502e-11,1.619870756510261578e-01
3.759007205764611781e-01,2.170224647607290690e-11,1.619870756510261578e-01
3.767013610888710895e-01,2.489469131853688606e-11,1.619870756510261578e-01
3.775020016012810564e-01,2.854577020295941511e-11,1.619870756510261578e-01
3.783026421136909678e-01,3.271973297133389318e-11,1.619870756510261578e-01
3.791032826261008792e-01,3.748959093295633379e-11,1.619870756510261578e-01
3.799039231385108462e-01,4.293827747715753668e-11,1.619870756510261578e-01
3.807045636509207576e-01,4.915995767143643842e-11,1.619870756510261578e-01
3.815052041633306690e-01,5.626150532348741985e-11,1.619870756510261578e-01
3.823058446757406359e-01,6.436416819198688830e-11,1.619870756510261578e-01
3.831064851881505473e-01,7.360544448982292107e-11,1.619870756510261578e-01
3.839071257005604587e-01,8.414119656230298097e-11,1.619870756510261578e-01
3.847077662129703701e-01,9.614803067194111861e-11,1.619870756510261578e-01
3.855084067253803370e-01,1.098259752143307492e-10,1.619870756510261578e-01
3.863090472377902485e-01,1.254014934631858364e-10,1.619870756510261578e-01
3.871096877502001599e-01,1.431308711373018937e-10,1.619870756510261578e-01
3.879103282626101268e-01,1.633040237428631685e-10,1.619870756510261578e-01
3.887109687750200382e-01,1.862487738200607451e-10,1.619870756510261578e-01
3.895116092874299496e-01,2.123356539675852981e-10,1.619870756510261578e-01
3.903122497998399165e-01,2.419832978913416112e-10,1.619870756510261578e-01
3.911128903122498279e-01,2.756644887897151345e-10,1.619870756510261578e-01
3.919135308246597393e-01,3.139129422189479973e-10,1.619870756510261578e-01
3.927141713370696507e-01,3.573309092556498586e-10,1.619870756510261578e-01
3.935148118494796177e-01,4.065976953767046078e-10,1.619870756510261578e-01
3.943154523618895291e-01,4.624792011021156401e-10,1.619870756510261578e-01
3.951160928742994405e-01,5.258386021975887082e-10,1.619870756510261578e-01
3.959167333867094074e-01,5.976483002233639684e-10,1.619870756510261578e-01
3.967173738991193188e-01,6.790032885660831387e-10,1.619870756510261578e-01
3.975180144115292302e-01,7.711360949360796830e-10,1.619870756510261578e-01
3.983186549239391971e-01,8.754334788009589349e-10,1.619870756510261578e-01
3.991192954363491086e-01,9.934550815160471175e-10,1.619870756510261578e-01
3.999199359487590200e-01,1.126954248178999964e-09,1.619870756510261578e-01
4.007205764611689314e-01,1.277901263668383611e-09,1.619870756510261578e-01
4.015212169735788983e-01,1.448509271132880149e-09,1.619870756510261578e-01
4.023218574859888097e-01,1.641263169603468675e-09,1.619870756510261578e-01
4.031224979983987211e-01,1.858951818649017312e-09,1.619870756510261578e-01
4.039231385108086880e-01,2.104703912355492568e-09,1.619870756510261578e-01
4.047237790232185994e-01,2.382027922666395748e-09,1.619870756510261578e-01
4.055244195356285108e-01,2.694856553592155550e-09,1.619870756510261578e-01
4.063250600480384778e-01,3.047596193321534534e-09,1.619870756510261578e-01
4.071257005604483892e-01,3.445181901211730338e-09,1.619870756510261578e-01
4.079263410728583006e-01,3.893138521402179999e-09,1.619870756510261578e-01
4.087269815852682120e-01,4.397648574816576803e-09,1.619870756510261578e-01
4.095276220976781789e-01,4.965627647061750261e-09,1.619870756510261578e-01
4.103282626100880903e-01,5.604808061697786807e-09,1.619870756510261578e-01
4.111289031224980017e-01,6.323831707098985812e-09,1.619870756510261578e-01
4.119295436349079687e-01,7.132352971227776201e-09,1.619870756510261578e-01
4.127301841473178801e-01,8.041152832741087210e-09,1.619870756510261578e-01
4.135308246597277915e-01,9.062265259639024537e-09,1.619870756510261578e-01
4.143314651721377029e-01,1.020911717886147714e-08,1.619870756510261578e-01
4.151321056845476698e-01,1.149668340265405231e-08,1.619870756510261578e-01
4.159327461969575812e-01,1.294165803101231260e-08,1.619870756510261578e-01
4.167333867093674926e-01,1.456264399496866411e-08,1.619870756510261578e-01
4.175340272217774595e-01,1.638036256392772705e-08,1.619870756510261578e-01
4.183346677341873709e-01,1.841788481269777121e-08,1.619870756510261578e-01
4.191353082465972824e-01,2.070088723148434202e-08,1.619870756510261578e-01
4.199359487590072493e-01,2.325793386607699153e-08,1.619870756510261578e-01
4.207365892714171607e-01,2.612078759710566317e-08,1.619870756510261578e-01
4.215372297838270721e-01,2.932475340791472915e-08,1.619870756510261578e-01
4.223378702962369835e-01,3.290905675183886995e-08,1.619870756510261578e-01
4.231385108086469504e-01,3.691726041298256258e-08,1.619870756510261578e-01
4.239391513210568618e-01,4.139772356172564740e-08,1.619870756510261578e-01
4.247397918334667732e-01,4.640410703891350176e-08,1.619870756510261578e-01
4.255404323458767402e-01,5.199592926291342687e-08,1.619870756510261578e-01
4.263410728582866516e-01,5.823917754350010980e-08,1.619870756510261578e-01
4.271417133706965630e-01,6.520698000800112922e-08,1.619870756510261578e-01
4.279423538831065299e-01,7.298034380060407620e-08,1.619870756510261578e-01
4.287429943955164413e-01,8.164896570767397564e-08,1.619870756510261578e-01
4.295436349079263527e-01,9.131212189281966347e-08,1.619870756510261578e-01
4.303442754203362641e-01,1.020796439981320183e-07,1.619870756510261578e-01
4.311449159327462310e-01,1.140729894853098614e-07,1.619870756510261578e-01
4.319455564451561425e-01,1.274264147553727975e-07,1.619870756510261578e-01
4.327461969575660539e-01,1.422882603015269740e-07,1.619870756510261578e-01
4.335468374699760208e-01,1.588223579199135834e-07,1.619870756510261578e-01
4.343474779823859322e-01,1.772095708309837758e-07,1.619870756510261578e-01
4.351481184947958436e-01,1.976494784538635850e-07,1.619870756510261578e-01
4.359487590072058105e-01,2.203622185312499273e-07,1.619870756510261578e-01
4.367493995196157219e-01,2.455905003272651864e-07,1.619870756510261578e-01
4.375500400320256333e-01,2.736018037195580262e-07,1.619870756510261578e-01
4.383506805444355447e-01,3.046907801843779310e-07,1.619870756510261578e-01
4.391513210568455117e-01,3.391818729341423565e-07,1.619870756510261578e-01
4.399519615692554231e-01,3.774321748159419779e-07,1.619870756510261578e-01
4.407526020816653345e-01,4.198345440217084359e-07,1.619870756510261578e-01
4.415532425940753014e-01,4.668209992021115553e-07,1.619870756510261578e-01
4.423538831064852128e-01,5.188664172214746174e-07,1.619870756510261578e-01
4.431545236188951242e-01,5.764925585466225587e-07,1.619870756510261578e-01
4.439551641313050911e-01,6.402724471340200256e-07,1.619870756510261578e-01
4.447558046437150026e-01,7.108351336736365198e-07,1.619870756510261578e-01
4.455564451561249140e-01,7.888708731702416443e-07,1.619870756510261578e-01
4.463570856685348254e-01,8.751367501006557868e-07,1.619870756510261578e-01
4.471577261809447923e-01,9.704627867848456583e-07,1.619870756510261578e-01
4.479583666933547037e-01,1.075758573157467135e-06,1.619870756510261578e-01
4.487590072057646151e-01,1.192020458830761308e-06,1.619870756510261578e-01
4.495596477181745820e-01,1.320339351206996857e-06,1.619870756510261578e-01
4.503602882305844934e-01,1.461909166437136907e-06,1.619870756510261578e-01
4.511609287429944048e-01,1.618035983237828417e-06,1.619870756510261578e-01
4.519615692554043718e-01,1.790147952980830174e-06,1.619870756510261578e-01
4.527622097678142832e-01,1.979806023063613886e-06,1.619870756510261578e-01
4.535628502802241946e-01,2.188715534364433517e-06,1.619870756510261578e-01
4.543634907926341060e-01,2.418738757589857342e-06,1.619870756510261578e-01
4.551641313050440729e-01,2.671908437542569703e-06,1.619870756510261578e-01
4.559647718174539843e-01,2.950442418779840449e-06,1.619870756510261578e-01
4.567654123298638957e-01,3.256759430808549591e-06,1.619870756510261578e-01
4.575660528422738627e-01,3.593496115875930720e-06,1.619870756510261578e-01
4.583666933546837741e-01,3.963525387571566098e-06,1.619870756510261578e-01
4.591673338670936855e-01,4.369976213870414114e-06,1.619870756510261578e-01
4.599679743795036524e-01,4.816254923913148119e-06,1.619870756510261578e-01
4.607686148919135638e-01,5.306068143758222455e-06,1.619870756510261578e-01
4.615692554043234752e-01,5.843447472543599566e-06,1.619870756510261578e-01
4.623698959167333866e-01,6.432776016980846241e-06,1.619870756510261578e-01
4.631705364291433535e-01,7.078816908865213472e-06,1.619870756510261578e-01
4.639711769415532649e-01,7.786743937336554941e-06,1.619870756510261578e-01
4.647718174539631764e-01,8.562174434957667477e-06,1.619870756510261578e-01
4.655724579663731433e-01,9.411204564312927672e-06,1.619870756510261578e-01
4.663730984787830547e-01,1.034044715974001944e-05,1.619870756510261578e-01
4.671737389911929661e-01,1.135707228702755993e-05,1.619870756510261578e-01
4.679743795036029330e-01,1.246885069241355243e-05,1.619870756510261578e-01
4.687750200160128444e-01,1.368420032101594793e-05,1.619870756510261578e-01
4.695756605284227558e-01,1.501223609391279445e-05,1.619870756510261578e-01
4.703763010408326672e-01,1.646282314244899061e-05,1.619870756510261578e-01
4.711769415532426342e-01,1.804663370799640691e-05,1.619870756510261578e-01
4.719775820656525456e-01,1.977520792529960386e-05,1.619870756510261578e-01
4.727782225780624570e-01,2.166101871771642452e-05,1.619870756510261578e-01
4.735788630904724239e-01,2.371754104306717336e-05,1.619870756510261578e-01
4.743795036028823353e-01,2.595932573947055315e-05,1.619870756510261578e-01
4.751801441152922467e-01,2.840207823139840349e-05,1.619870756510261578e-01
4.759807846277022136e-01,3.106274236725668569e-05,1.619870756510261578e-01
4.767814251401121250e-01,3.395958967103210720e-05,1.619870756510261578e-01
4.775820656525220365e-01,3.711231430194877228e-05,1.619870756510261578e-01
4.783827061649319479e-01,4.054213402758296962e-05,1.619870756510261578e-01
4.791833466773419148e-01,4.427189752752424271e-05,1.619870756510261578e-01
4.799839871897518262e-01,4.832619835633393285e-05,1.619870756510261578e-01
4.807846277021617376e-01,5.273149590626222198e-05,1.619870756510261578e-01
4.815852682145717045e-01,5.751624372188207521e-05,1.619870756510261578e-01
4.823859087269816159e-01,6.271102553043040695e-05,1.619870756510261578e-01
4.831865492393915273e-01,6.834869936319576324e-05,1.619870756510261578e-01
4.839871897518014388e-01,7.446455015464529387e-05,1.619870756510261578e-01
4.847878302642114057e-01,8.109645121717622325e-05,1.619870756510261578e-01
4.855884707766213171e-01,8.828503500025686949e-05,1.619870756510261578e-01
4.863891112890312285e-01,9.607387355330347775e-05,1.619870756510261578e-01
4.871897518014411954e-01,1.045096691217942527e-04,1.619870756510261578e-01
4.879903923138511068e-01,1.136424553158109000e-04,1.619870756510261578e-01
4.887910328262610182e-01,1.235258092993490062e-04,1.619870756510261578e-01
4.895916733386709851e-01,1.342170754572288502e-04,1.619870756510261578e-01
4.903923138510808966e-01,1.457776010042649475e-04,1.619870756510261578e-01
4.911929543634908080e-01,1.582729840082454289e-04,1.619870756510261578e-01
4.919935948759007194e-01,1.717733343044663356e-04,1.619870756510261578e-01
4.927942353883106863e-01,1.863535477845270174e-04,1.619870756510261578e-01
4.935948759007205977e-01,2.020935945460696349e-04,1.619870756510261578e-01
4.943955164131305091e-01,2.190788213929924602e-04,1.619870756510261578e-01
4.951961569255404760e-01,2.374002691768490475e-04,1.619870756510261578e-01
4.959967974379503874e-01,2.571550054702954544e-04,1.619870756510261578e-01
4.967974379503602989e-01,2.784464730616937776e-04,1.619870756510261578e-01
4.975980784627702658e-01,3.013848547567289106e-04,1.619870756510261578e-01
4.983987189751801772e-01,3.260874549675662495e-04,1.619870756510261578e-01
4.991993594875900886e-01,3.526790985632483316e-04,1.619870756510261578e-01
5.000000000000000000e-01,3.812925474453598041e-04,1.619870756510261578e-01
5.008006405124099114e-01,4.120689353019143402e-04,1.619870756510261578e-01
5.016012810248199338e-01,4.451582209782251618e-04,1.619870756510261578e-01
5.024019215372298452e-01,4.807196608872300902e-04,1.619870756510261578e-01
5.032025620496397567e-01,5.189223008627057371e-04,1.619870756510261578e-01
5.040032025620496681e-01,5.599454878367016511e-04,1.619870756510261578e-01
5.048038430744595795e-01,6.039794016978419127e-04,1.619870756510261578e-01
5.056044835868694909e-01,6.512256076587347045e-04,1.619870756510261578e-01
5.064051240992794023e-01,7.018976294299184970e-04,1.619870756510261578e-01
5.072057646116894247e-01,7.562215434624153243e-04,1.619870756510261578e-01
5.080064051240993361e-01,8.144365944833272366e-04,1.619870756510261578e-01
5.088070456365092475e-01,8.767958325062810178e-04,1.619870756510261578e-01
5.096076861489191590e-01,9.435667714531570643e-04,1.619870756510261578e-01
5.104083266613290704e-01,1.015032069473052224e-03,1.619870756510261578e-01
5.112089671737389818e-01,1.091490230991085065e-03,1.619870756510261578e-01
5.120096076861488932e-01,1.173256330461235541e-03,1.619870756510261578e-01
5.128102481985589156e-01,1.260662757734490672e-03,1.619870756510261578e-01
5.136108887109688270e-01,1.354059984887153074e-03,1.619870756510261578e-01
5.144115292233787384e-01,1.453817354282303190e-03,1.619870756510261578e-01
5.152121697357886498e-01,1.560323887560819724e-03,1.619870756510261578e-01
5.160128102481985612e-01,1.673989115178267607e-03,1.619870756510261578e-01
5.168134507606084727e-01,1.795243926017729263e-03,1.619870756510261578e-01
5.176140912730184951e-01,1.924541436518187798e-03,1.619870756510261578e-01
5.184147317854284065e-01,2.062357878662907096e-03,1.619870756510261578e-01
5.192153722978383179e-01,2.209193506072151120e-03,1.619870756510261578e-01
5.200160128102482293e-01,2.365573517339034180e-03,1.619870756510261578e-01
5.208166533226581407e-01,2.532048995638315134e-03,1.619870756510261578e-01
5.216172938350680521e-01,2.709197863522099306e-03,1.619870756510261578e-01
5.224179343474779635e-01,2.897625851698427523e-03,1.619870756510261578e-01
5.232185748598879860e-01,3.097967480463869293e-03,1.619870756510261578e-01
5.240192153722978974e-01,3.310887052333121115e-03,1.619870756510261578e-01
5.248198558847078088e-01,3.537079654275705060e-03,1.619870756510261578e-01
5.256204963971177202e-01,3.777272167832898542e-03,1.619870756510261578e-01
5.264211369095276316e-01,4.032224285247742145e-03,1.619870756510261578e-01
5.272217774219375430e-01,4.302729529594367421e-03,1.619870756510261578e-01
5.280224179343474544e-01,4.589616276747507211e-03,1.619870756510261578e-01
5.288230584467574769e-01,4.893748776879573541e-03,1.619870756510261578e-01
5.296236989591673883e-01,5.216028173019491253e-03,1.619870756510261578e-01
5.304243394715772997e-01,5.557393514049268311e-03,1.619870756510261578e-01
5.312249799839872111e-01,5.918822759358361579e-03,1.619870756510261578e-01
5.320256204963971225e-01,6.301333772212239573e-03,1.619870756510261578e-01
5.328262610088070339e-01,6.705985298731093926e-03,1.619870756510261578e-01
5.336269015212170563e-01,7.133877929212821545e-03,1.619870756510261578e-01
5.344275420336269677e-01,7.586155038370802003e-03,1.619870756510261578e-01
5.352281825460368792e-01,8.064003700895296806e-03,1.619870756510261578e-01
5.360288230584467906e-01,8.568655578585255769e-03,1.619870756510261578e-01
5.368294635708567020e-01,9.101387775136041136e-03,1.619870756510261578e-01
5.376301040832666134e-01,9.663523654517119574e-03,1.619870756510261578e-01
5.384307445956765248e-01,1.025643361871181845e-02,1.619870756510261578e-01
5.392313851080865472e-01,1.088153584044523718e-02,1.619870756510261578e-01
5.400320256204964586e-01,1.154029694637933971e-02,1.619870756510261578e-01
5.408326661329063700e-01,1.223423264611124377e-02,1.619870756510261578e-01
5.416333066453162814e-01,1.296490830217935167e-02,1.619870756510261578e-01
5.424339471577261929e-01,1.373393943615143845e-02,1.619870756510261578e-01
5.432345876701361043e-01,1.454299216574928694e-02,1.619870756510261578e-01
5.440352281825460157e-01,1.539378356785535418e-02,1.619870756510261578e-01
5.448358686949560381e-01,1.628808196214414500e-02,1.619870756510261578e-01
5.456365092073659495e-01,1.722770710998602905e-02,1.619870756510261578e-01
5.464371497197758609e-01,1.821453032320151377e-02,1.619870756510261578e-01
5.472377902321857723e-01,1.925047447716703511e-02,1.619870756510261578e-01
5.480384307445956837e-01,2.033751392272699007e-02,1.619870756510261578e-01
5.488390712570055952e-01,2.147767429132370690e-02,1.619870756510261578e-01
5.496397117694155066e-01,2.267303218773845941e-02,1.619870756510261578e-01
5.504403522818255290e-01,2.392571476482408324e-02,1.619870756510261578e-01
5.512409927942354404e-01,2.523789917462422247e-02,1.619870756510261578e-01
5.520416333066453518e-01,2.661181189030232402e-02,1.619870756510261578e-01
5.528422738190552632e-01,2.804972789334929037e-02,1.619870756510261578e-01
5.536429143314651746e-01,2.955396972060943955e-02,1.619870756510261578e-01
5.544435548438750860e-01,3.112690636575238604e-02,1.619870756510261578e-01
5.552441953562851085e-01,3.277095202992912071e-02,1.619870756510261578e-01
5.560448358686950199e-01,3.448856471648954064e-02,1.619870756510261578e-01
5.568454763811049313e-01,3.628224466478040255e-02,1.619870756510261578e-01
5.576461168935148427e-01,3.815453261824226089e-02,1.619870756510261578e-01
5.584467574059247541e-01,4.010800792221737299e-02,1.619870756510261578e-01
5.592473979183346655e-01,4.214528644711145605e-02,1.619870756510261578e-01
5.600480384307445769e-01,4.426901833282615578e-02,1.619870756510261578e-01
5.608486789431545994e-01,4.648188555062813393e-02,1.619870756510261578e-01
5.616493194555645108e-01,4.878659927896337317e-02,1.619870756510261578e-01
5.624499599679744222e-01,5.118589709004571497e-02,1.619870756510261578e-01
5.632506004803843336e-01,5.368253994440402160e-02,1.619870756510261578e-01
5.640512409927942450e-01,5.627930899098553680e-02,1.619870756510261578e-01
5.648518815052041564e-01,5.897900217080454671e-02,1.619870756510261578e-01
5.656525220176140678e-01,6.178443062258340279e-02,1.619870756510261578e-01
5.664531625300240902e-01,6.469841488930595796e-02,1.619870756510261578e-01
5.672538030424340016e-01,6.772378092507953806e-02,1.619870756510261578e-01
5.680544435548439131e-01,7.086335590225073533e-02,1.619870756510261578e-01
5.688550840672538245e-01,7.411996381925051169e-02,1.619870756510261578e-01
5.696557245796637359e-01,7.749642091021385903e-02,1.619870756510261578e-01
5.704563650920736473e-01,8.099553085802263519e-02,1.619870756510261578e-01
5.712570056044836697e-01,8.462007981304017767e-02,1.619870756510261578e-01
5.720576461168935811e-01,8.837283122041508787e-02,1.619870756510261578e-01
5.728582866293034925e-01,9.225652045954785274e-02,1.619870756510261578e-01
5.736589271417134039e-01,9.627384929992545415e-02,1.619870756510261578e-01
5.744595676541233154e-01,1.004274801782641807e-01,1.619870756510261578e-01
5.752602081665332268e-01,1.047200303025899587e-01,1.619870756510261578e-01
5.760608486789431382e-01,1.091540655896354045e-01,1.619870756510261578e-01
5.768614891913531606e-01,1.137320944426257197e-01,1.619870756510261578e-01
5.776621297037630720e-01,1.184565613773061188e-01,1.619870756510261578e-01
5.784627702161729834e-01,1.233298405047956459e-01,1.619870756510261578e-01
5.792634107285828948e-01,1.283542288805862297e-01,1.619870756510261578e-01
5.800640512409928062e-01,1.335319397298305732e-01,1.619870756510261578e-01
5.808646917534027176e-01,1.388650955597388326e-01,1.619870756510261578e-01
5.816653322658126291e-01,1.443557211707094390e-01,1.619870756510261578e-01
5.824659727782226515e-01,1.500057365785708030e-01,1.619870756510261578e-01
5.832666132906325629e-01,1.558169498609871528e-01,1.619870756510261578e-01
5.840672538030424743e-01,1.617910499419140391e-01,1.619870756510261578e-01
5.848678943154523857e-01,1.679295993286140654e-01,1.619870756510261578e-01
5.856685348278622971e-01,1.742340268164699890e-01,1.619870756510261578e-01
5.864691753402722085e-01,1.807056201775235627e-01,1.619870756510261578e-01
5.872698158526822310e-01,1.873455188492855750e-01,1.619870756510261578e-01
5.880704563650921424e-01,1.941547066410358180e-01,1.619870756510261578e-01
5.888710968775020538e-01,2.011340044753834599e-01,1.619870756510261578e-01
5.896717373899119652e-01,2.082840631834220468e-01,1.619870756510261578e-01
5.904723779023218766e-01,2.156053563723638322e-01,1.619870756510261578e-01
5.912730184147317880e-01,2.230981733850014304e-01,1.619870756510261578e-01
5.920736589271416994e-01,2.307626123707522681e-01,1.619870756510261578e-01
5.928742994395517218e-01,2.385985734885213705e-01,1.619870756510261578e-01
5.936749399519616333e-01,2.466057522619018172e-01,1.619870756510261578e-01
5.944755804643715447e-01,2.547836331075201688e-01,1.619870756510261578e-01
5.952762209767814561e-01,2.631314830575687824e-01,1.619870756510261578e-01
5.960768614891913675e-01,2.716483456978364686e-01,1.619870756510261578e-01
5.968775020016012789e-01,2.803330353424564603e-01,1.619870756510261578e-01
5.976781425140111903e-01,2.891841314669564289e-01,1.619870756510261578e-01
5.984787830264212127e-01,2.981999734208609087e-01,1.619870756510261578e-01
5.992794235388311241e-01,3.073786554412930028e-01,1.619870756510261578e-01
6.000800640512410355e-01,3.167180219887199000e-01,1.619870756510261578e-01
6.008807045636509470e-01,3.262156634257376009e-01,1.619870756510261578e-01
6.016813450760608584e-01,3.358689120596912714e-01,1.619870756510261578e-01
6.024819855884707698e-01,3.456748385693283465e-01,1.619870756510261578e-01
6.032826261008807922e-01,3.556302488354733393e-01,1.619870756510261578e-01
6.040832666132907036e-01,3.657316811950558355e-01,1.619870756510261578e-01
6.048839071257006150e-01,3.759754041372795896e-01,1.619870756510261578e-01
6.056845476381105264e-01,3.863574144599901672e-01,1.619870756510261578e-01
6.064851881505204378e-01,3.968734359037268122e-01,1.619870756510261578e-01
6.072858286629303493e-01,4.075189182799651699e-01,1.619870756510261578e-01
6.080864691753402607e-01,4.182890371092427562e-01,1.619870756510261578e-01
6.088871096877502831e-01,4.291786937839340288e-01,1.619870756510261578e-01
6.096877502001601945e-01,4.401825162692725724e-01,1.619870756510261578e-01
6.104883907125701059e-01,4.512948603552554561e-01,1.619870756510261578e-01
6.112890312249800173e-01,4.625098114709222386e-01,1.619870756510261578e-01
6.120896717373899287e-01,4.738211870710417051e-01,1.619870756510261578e-01
6.128903122497998401e-01,4.852225396041395244e-01,1.619870756510261578e-01
6.136909527622097515e-01,4.967071600694213940e-01,1.619870756510261578e-01
6.144915932746197740e-01,5.082680821686890171e-01,1.619870756510261578e-01
6.152922337870296854e-01,5.198980870577032398e-01,1.619870756510261578e-01
6.160928742994395968e-01,5.315897087003185195e-01,1.619870756510261578e-01
6.168935148118495082e-01,5.433352398269235550e-01,1.619870756510261578e-01
6.176941553242594196e-01,5.551267384968504581e-01,1.619870756510261578e-01
6.184947958366693310e-01,5.669560352631686229e-01,1.619870756510261578e-01
6.192954363490792424e-01,5.788147409365762552e-01,1.619870756510261578e-01
6.200960768614892649e-01,5.906942549431892786e-01,1.619870756510261578e-01
6.208967173738991763e-01,6.025857742693572217e-01,1.619870756510261578e-01
6.216973578863090877e-01,6.144803029850127718e-01,1.619870756510261578e-01
6.224979983987189991e-01,6.263686623351493177e-01,1.619870756510261578e-01
6.232986389111289105e-01,6.382415013874226384e-01,1.619870756510261578e-01
6.240992794235388219e-01,6.500893082220402519e-01,1.619870756510261578e-01
6.248999199359488443e-01,6.619024216482780609e-01,1.619870756510261578e-01
6.257005604483587557e-01,6.736710434304704620e-01,1.619870756510261578e-01
6.265012009607686672e-01,6.853852510043607626e-01,1.619870756510261578e-01
6.273018414731785786e-01,6.970350106631423293e-01,1.619870756510261578e-01
6.281024819855884900e-01,7.086101911908787576e-01,1.619870756510261578e-01
6.289031224979984014e-01,7.201005779193377920e-01,1.619870756510261578e-01
6.297037630104083128e-01,7.314958871827402787e-01,1.619870756510261578e-01
6.305044035228183352e-01,7.427857811433939972e-01,1.619870756510261578e-01
6.313050440352282466e-01,7.539598829597893292e-01,1.619870756510261578e-01
6.321056845476381580e-01,7.650077922673076403e-01,1.619870756510261578e-01
6.329063250600480695e-01,7.759191009402731654e-01,1.619870756510261578e-01
6.337069655724579809e-01,7.866834091031464915e-01,1.619870756510261578e-01
6.345076060848678923e-01,7.972903413571317266e-01,1.619870756510261578e-01
6.353082465972778037e-01,8.077295631876687532e-01,1.619870756510261578e-01
6.361088871096878261e-01,8.179907975171568646e-01,1.619870756510261578e-01
6.369095276220977375e-01,8.280638413664744846e-01,1.619870756510261578e-01
6.377101681345076489e-01,8.379385825879821503e-01,1.619870756510261578e-01
6.385108086469175603e-01,8.476050166321265067e-01,1.619870756510261578e-01
6.393114491593274717e-01,8.570532633090933716e-01,1.619870756510261578e-01
6.401120896717373832e-01,8.662735835066297518e-01,1.619870756510261578e-01
6.409127301841474056e-01,8.752563958246508680e-01,1.619870756510261578e-01
6.417133706965573170e-01,8.839922930871897400e-01,1.619870756510261578e-01
6.425140112089672284e-01,8.924720586920457110e-01,1.619870756510261578e-01
6.433146517213771398e-01,9.006866827585523483e-01,1.619870756510261578e-01
6.441152922337870512e-01,9.086273780340198281e-01,1.619870756510261578e-01
6.449159327461969626e-01,9.162855955196363977e-01,1.619870756510261578e-01
6.457165732586068740e-01,9.236530397771047785e-01,1.619870756510261578e-01
6.465172137710168965e-01,9.307216838776547485e-01,1.619870756510261578e-01
6.473178542834268079e-01,9.374837839558328723e-01,1.619870756510261578e-01
6.481184947958367193e-01,9.439318933312234039e-01,1.619870756510261578e-01
6.489191353082466307e-01,9.500588761619583877e-01,1.619870756510261578e-01
6.497197758206565421e-01,9.558579205952278945e-01,1.619870756510261578e-01
6.505204163330664535e-01,9.613225513806574751e-01,1.619870756510261578e-01
6.513210568454763649e-01,9.664466419140054221e-01,1.619870756510261578e-01
6.521216973578863874e-01,9.712244256799169584e-01,1.619870756510261578e-01
6.529223378702962988e-01,9.756505070636077859e-01,1.619870756510261578e-01
6.537229783827062102e-01,9.797198715032775507e-01,1.619870756510261578e-01
6.545236188951161216e-01,9.834278949564422279e-01,1.619870756510261578e-01
6.553242594075260330e-01,9.867703526552631388e-01,1.619870756510261578e-01
6.561248999199359444e-01,9.897434271275384887e-01,1.619870756510261578e-01
6.569255404323459668e-01,9.923437154621591594e-01,1.619870756510261578e-01
6.577261809447558782e-01,9.945682357996347145e-01,1.619870756510261578e-01
6.585268214571657897e-01,9.964144330302658892e-01,1.619870756510261578e-01
6.593274619695757011e-01,9.978801836849003903e-01,1.619870756510261578e-01
6.601281024819856125e-01,9.989638000050274913e-01,1.619870756510261578e-01
6.609287429943955239e-01,9.996640331813311242e-01,1.619870756510261578e-01
6.617293835068054353e-01,9.999800757520173056e-01,1.619870756510261578e-01
6.625300240192154577e-01,9.999115631545261174e-01,1.619870756510261578e-01
6.633306645316253691e-01,9.994585744263084770e-01,1.619870756510261578e-01
6.641313050440352805e-01,9.986216320528361612e-01,1.619870756510261578e-01
6.649319455564451919e-01,9.974017009633600050e-01,1.619870756510261578e-01
6.657325860688551034e-01,9.958001866769938815e-01,1.619870756510261578e-01
6.665332265812650148e-01,9.938189326041471094e-01,1.619870756510261578e-01
6.673338670936749262e-01,9.914602165105674825e-01,1.619870756510261578e-01
6.681345076060849486e-01,9.887267461535417246e-01,1.619870756510261578e-01
6.689351481184948600e-01,9.856216541018509858e-01,1.619870756510261578e-01
6.697357886309047714e-01,9.821484917533792602e-01,1.619870756510261578e-01
6.705364291433146828e-01,9.783112225664217787e-01,1.619870756510261578e-01
6.713370696557245942e-01,9.741142145227414950e-01,1.619870756510261578e-01
6.721377101681345057e-01,9.695622318424137465e-01,1.619870756510261578e-01
6.729383506805445281e-01,9.646604259723894348e-01,1.619870756510261578e-01
6.737389911929544395e-01,9.594143258727740875e-01,1.619870756510261578e-01
6.745396317053643509e-01,9.538298276263494913e-01,1.619870756510261578e-01
6.753402722177742623e-01,9.479131833987166633e-01,1.619870756510261578e-01
6.761409127301841737e-01,9.416709897779710348e-01,1.619870756510261578e-01
6.769415532425940851e-01,9.351101755243659275e-01,1.619870756510261578e-01
6.777421937550039965e-01,9.282379887617122627e-01,1.619870756510261578e-01
6.785428342674140190e-01,9.210619836437533570e-01,1.619870756510261578e-01
6.793434747798239304e-01,9.135900065297115624e-01,1.619870756510261578e-01
6.801441152922338418e-01,9.058301817045133486e-01,1.619870756510261578e-01
6.809447558046437532e-01,8.977908966798698875e-01,1.619870756510261578e-01
6.817453963170536646e-01,8.894807871134984278e-01,1.619870756510261578e-01
6.825460368294635760e-01,8.809087213843522779e-01,1.619870756510261578e-01
6.833466773418734874e-01,8.720837848622886579e-01,1.619870756510261578e-01
6.841473178542835099e-01,8.630152639110851842e-01,1.619870756510261578e-01
6.849479583666934213e-01,8.537126296642915113e-01,1.619870756510261578e-01
6.857485988791033327e-01,8.441855216131485262e-01,1.619870756510261578e-01
6.865492393915132441e-01,8.344437310464210000e-01,1.619870756510261578e-01
6.873498799039231555e-01,8.244971843816156776e-01,1.619870756510261578e-01
6.881505204163330669e-01,8.143559264270356923e-01,1.619870756510261578e-01
6.889511609287429783e-01,8.040301036139742008e-01,1.619870756510261578e-01
6.897518014411530007e-01,7.935299472376522445e-01,1.619870756510261578e-01
6.905524419535629121e-01,7.828657567453437549e-01,1.619870756510261578e-01
6.913530824659728236e-01,7.720478831094264027e-01,1.619870756510261578e-01
6.921537229783827350e-01,7.610867123222589958e-01,1.619870756510261578e-01
6.929543634907926464e-01,7.499926490490480546e-01,1.619870756510261578e-01
6.937550040032025578e-01,7.387761004741729698e-01,1.619870756510261578e-01
6.945556445156125802e-01,7.274474603748856127e-01,1.619870756510261578e-01
6.953562850280224916e-01,7.160170934558836020e-01,1.619870756510261578e-01
6.961569255404324030e-01,7.044953199764012464e-01,1.619870756510261578e-01
6.969575660528423144e-01,6.928924007008889774e-01,1.619870756510261578e-01
6.977582065652522259e-01,6.812185222022492104e-01,1.619870756510261578e-01
6.985588470776621373e-01,6.694837825458945790e-01,1.619870756510261578e-01
6.993594875900720487e-01,6.576981773808503462e-01,1.619870756510261578e-01
7.001601281024820711e-01,6.458715864631346948e-01,1.619870756510261578e-01
7.009607686148919825e-01,6.340137606345647159e-01,1.619870756510261578e-01
7.017614091273018939e-01,6.221343092788029772e-01,1.619870756510261578e-01
7.025620496397118053e-01,6.102426882748328563e-01,1.619870756510261578e-01
7.033626901521217167e-01,5.983481884661546735e-01,1.619870756510261578e-01
7.041633306645316281e-01,5.864599246624010442e-01,1.619870756510261578e-01
7.049639711769415396e-01,5.745868251884020950e-01,1.619870756510261578e-01
7.057646116893515620e-01,5.627376219938099444e-01,1.619870756510261578e-01
7.065652522017614734e-01,5.509208413347878031e-01,1.619870756510261578e-01
7.073658927141713848e-01,5.391447950374184117e-01,1.619870756510261578e-01
7.081665332265812962e-01,5.274175723509275659e-01,1.619870756510261578e-01
7.089671737389912076e-01,5.157470323966765191e-01,1.619870756510261578e-01
7.097678142514011190e-01,5.041407972175919738e-01,1.619870756510261578e-01
7.105684547638111415e-01,4.926062454309013683e-01,1.619870756510261578e-01
7.113690952762210529e-01,4.811505064851590019e-01,1.619870756510261578e-01
7.121697357886309643e-01,4.697804555210521871e-01,1.619870756510261578e-01
7.129703763010408757e-01,4.585027088340265511e-01,1.619870756510261578e-01
7.137710168134507871e-01,4.473236199349937547e-01,1.619870756510261578e-01
7.145716573258606985e-01,4.362492762040042216e-01,1.619870756510261578e-01
7.153722978382706099e-01,4.252854961302508507e-01,1.619870756510261578e-01
7.161729383506806323e-01,4.144378271304227646e-01,1.619870756510261578e-01
7.169735788630905438e-01,4.037115439360465241e-01,1.619870756510261578e-01
7.177742193755004552e-01,3.931116475391950305e-01,1.619870756510261578e-01
7.185748598879103666e-01,3.826428646847235826e-01,1.619870756510261578e-01
7.193755004003202780e-01,3.723096478960747913e-01,1.619870756510261578e-01
7.201761409127301894e-01,3.621161760205404700e-01,1.619870756510261578e-01
7.209767814251401008e-01,3.520663552789516371e-01,1.619870756510261578e-01
7.217774219375501232e-01,3.421638208037355855e-01,1.619870756510261578e-01
7.225780624499600346e-01,3.324119386485653305e-01,1.619870756510261578e-01
7.233787029623699461e-01,3.228138082518366425e-01,1.619870756510261578e-01
7.241793434747798575e-01,3.133722653356720844e-01,1.619870756510261578e-01
7.249799839871897689e-01,3.040898852214254933e-01,1.619870756510261578e-01
7.257806244995996803e-01,2.949689865421248336e-01,1.619870756510261578e-01
7.265812650120097027e-01,2.860116353318744586e-01,1.619870756510261578e-01
7.273819055244196141e-01,2.772196494716394621e-01,1.619870756510261578e-01
7.281825460368295255e-01,2.685946034707327734e-01,1.619870756510261578e-01
7.289831865492394369e-01,2.601378335628719007e-01,1.619870756510261578e-01
7.297838270616493483e-01,2.518504430956518547e-01,1.619870756510261578e-01
7.305844675740592598e-01,2.437333081919660915e-01,1.619870756510261578e-01
7.313851080864691712e-01,2.357870836620400978e-01,1.619870756510261578e-01
7.321857485988791936e-01,2.280122091446312727e-01,1.619870756510261578e-01
7.329863891112891050e-01,2.204089154561000297e-01,1.619870756510261578e-01
7.337870296236990164e-01,2.129772311261753093e-01,1.619870756510261578e-01
7.345876701361089278e-01,2.057169890994031969e-01,1.619870756510261578e-01
7.353883106485188392e-01,1.986278335815736262e-01,1.619870756510261578e-01
7.361889511609287506e-01,1.917092270107249863e-01,1.619870756510261578e-01
7.369895916733386620e-01,1.849604571326579905e-01,1.619870756510261578e-01
7.377902321857486845e-01,1.783806441613170202e-01,1.619870756510261578e-01
7.385908726981585959e-01,1.719687480048512074e-01,1.619870756510261578e-01
7.393915132105685073e-01,1.657235755387226339e-01,1.619870756510261578e-01
7.401921537229784187e-01,1.596437879076294808e-01,1.619870756510261578e-01
7.409927942353883301e-01,1.537279078387259745e-01,1.619870756510261578e-01
7.417934347477982415e-01,1.479743269491583801e-01,1.619870756510261578e-01
7.425940752602082640e-01,1.423813130315672582e-01,1.619870756510261578e-01
7.433947157726181754e-01,1.369470173018924319e-01,1.619870756510261578e-01
7.441953562850280868e-01,1.316694815944583485e-01,1.619870756510261578e-01
7.449959967974379982e-01,1.265466454901054139e-01,1.619870756510261578e-01
7.457966373098479096e-01,1.215763533637474331e-01,1.619870756510261578e-01
7.465972778222578210e-01,1.167563613385392690e-01,1.619870756510261578e-01
7.473979183346677324e-01,1.120843441345426572e-01,1.619870756510261578e-01
7.481985588470777548e-01,1.075579018005733689e-01,1.619870756510261578e-01
7.489991993594876662e-01,1.031745663186304091e-01,1.619870756510261578e-01
7.497998398718975777e-01,9.893180807106533026e-02,1.619870756510261578e-01
7.506004803843074891e-01,9.482704216142591458e-02,1.619870756510261578e-01
7.514011208967174005e-01,9.085763458066964393e-02,1.619870756510261578e-01
7.522017614091273119e-01,8.702090821115109065e-02,1.619870756510261578e-01
7.530024019215372233e-01,8.331414866157253740e-02,1.619870756510261578e-01
7.538030424339472457e-01,7.973460992678718662e-02,1.619870756510261578e-01
7.546036829463571571e-01,7.627951986706556220e-02,1.619870756510261578e-01
7.554043234587670685e-01,7.294608550216440113e-02,1.619870756510261578e-01
7.562049639711769800e-01,6.973149811618541138e-02,1.619870756510261578e-01
7.570056044835868914e-01,6.663293816990865925e-02,1.619870756510261578e-01
7.578062449959968028e-01,6.364758001794122710e-02,1.619870756510261578e-01
7.586068855084067142e-01,6.077259642863159367e-02,1.619870756510261578e-01
7.594075260208167366e-01,5.800516290531872177e-02,1.619870756510261578e-01
7.602081665332266480e-01,5.534246180807166071e-02,1.619870756510261578e-01
7.610088070456365594e-01,5.278168627564797100e-02,1.619870756510261578e-01
7.618094475580464708e-01,5.032004394791485952e-02,1.619870756510261578e-01
7.626100880704563822e-01,4.795476048951020920e-02,1.619870756510261578e-01
7.634107285828662937e-01,4.568308291599722237e-02,1.619870756510261578e-01
7.642113690952763161e-01,4.350228272423387055e-02,1.619870756510261578e-01
7.650120096076862275e-01,4.140965882910645907e-02,1.619870756510261578e-01
7.658126501200961389e-01,3.940254030917918204e-02,1.619870756510261578e-01
7.666132906325060503e-01,3.747828896421413064e-02,1.619870756510261578e-01
7.674139311449159617e-01,3.563430168783337376e-02,1.619870756510261578e-01
7.682145716573258731e-01,3.386801265896019486e-02,1.619870756510261578e-01
7.690152121697357845e-01,3.217689535594906586e-02,1.619870756510261578e-01
7.698158526821458070e-01,3.055846439759222696e-02,1.619870756510261578e-01
7.706164931945557184e-01,2.901027721545106422e-02,1.619870756510261578e-01
7.714171337069656298e-01,2.752993556216571519e-02,1.619870756510261578e-01
7.722177742193755412e-01,2.611508686059974341e-02,1.619870756510261578e-01
7.730184147317854526e-01,2.476342539885446198e-02,1.619870756510261578e-01
7.738190552441953640e-01,2.347269337632945999e-02,1.619870756510261578e-01
7.746196957566052754e-01,2.224068180613170478e-02,1.619870756510261578e-01
7.754203362690152979e-01,2.106523127923701569e-02,1.619870756510261578e-01
7.762209767814252093e-01,1.994423259589772623e-02,1.619870756510261578e-01
7.770216172938351207e-01,1.887562726983780734e-02,1.619870756510261578e-01
7.778222578062450321e-01,1.785740791083294254e-02,1.619870756510261578e-01
7.786228983186549435e-01,1.688761849128407599e-02,1.619870756510261578e-01
7.794235388310648549e-01,1.596435450239873724e-02,1.619870756510261578e-01
7.802241793434748773e-01,1.508576300558609092e-02,1.619870756510261578e-01
7.810248198558847887e-01,1.425004258464053833e-02,1.619870756510261578e-01
7.818254603682947002e-01,1.345544320424094283e-02,1.619870756510261578e-01
7.826261008807046116e-01,1.270026598023989671e-02,1.619870756510261578e-01
7.834267413931145230e-01,1.198286286714533508e-02,1.619870756510261578e-01
7.842273819055244344e-01,1.130163626810938397e-02,1.619870756510261578e-01
7.850280224179343458e-01,1.065503857264556500e-02,1.619870756510261578e-01
7.858286629303443682e-01,1.004157162719531565e-02,1.619870756510261578e-01
7.866293034427542796e-01,9.459786143546183163e-03,1.619870756510261578e-01
7.874299439551641910e-01,8.908281049980494234e-03,1.619870756510261578e-01
7.882305844675741024e-01,8.385702789905313120e-03,1.619870756510261578e-01
7.890312249799840139e-01,7.890744572576272736e-03,1.619870756510261578e-01
7.898318654923939253e-01,7.422145580385036689e-03,1.619870756510261578e-01
7.906325060048038367e-01,6.978690137033231183e-03,1.619870756510261578e-01
7.914331465172138591e-01,6.559206840761435883e-03,1.619870756510261578e-01
7.922337870296237705e-01,6.162567666648874863e-03,1.619870756510261578e-01
7.930344275420336819e-01,5.787687041837750838e-03,1.619870756510261578e-01
7.938350680544435933e-01,5.433520897379760621e-03,1.619870756510261578e-01
7.946357085668535047e-01,5.099065700237993305e-03,1.619870756510261578e-01
7.954363490792634162e-01,4.783357468815020892e-03,1.619870756510261578e-01
7.962369895916734386e-01,4.485470775215609669e-03,1.619870756510261578e-01
7.970376301040833500e-01,4.204517737291601533e-03,1.619870756510261578e-01
7.978382706164932614e-01,3.939647003352302924e-03,1.619870756510261578e-01
7.986389111289031728e-01,3.690042732266262098e-03,1.619870756510261578e-01
7.994395516413130842e-01,3.454923571521792500e-03,1.619870756510261578e-01
8.002401921537229956e-01,3.233541635655495620e-03,1.619870756510261578e-01
8.010408326661329070e-01,3.025181487307391538e-03,1.619870756510261578e-01
8.018414731785429295e-01,2.829159123010583851e-03,1.619870756510261578e-01
8.026421136909528409e-01,2.644820965675090656e-03,1.619870756510261578e-01
8.034427542033627523e-01,2.471542865582918025e-03,1.619870756510261578e-01
8.042433947157726637e-01,2.308729111572801161e-03,1.619870756510261578e-01
8.050440352281825751e-01,2.155811453955507832e-03,1.619870756510261578e-01
8.058446757405924865e-01,2.012248140571384295e-03,1.619870756510261578e-01
8.066453162530023979e-01,1.877522967273466143e-03,1.619870756510261578e-01
8.074459567654124204e-01,1.751144343998288239e-03,1.619870756510261578e-01
8.082465972778223318e-01,1.632644377467794804e-03,1.619870756510261578e-01
8.090472377902322432e-01,1.521577971453931272e-03,1.619870756510261578e-01
8.098478783026421546e-01,1.417521945428439024e-03,1.619870756510261578e-01
8.106485188150520660e-01,1.320074172317362493e-03,1.619870756510261578e-01
8.114491593274619774e-01,1.228852735981444304e-03,1.619870756510261578e-01
8.122497998398719998e-01,1.143495108950193500e-03,1.619870756510261578e-01
8.130504403522819112e-01,1.063657350847837949e-03,1.619870756510261578e-01
8.138510808646918226e-01,9.890133278663824391e-04,1.619870756510261578e-01
8.146517213771017341e-01,9.192539535609251834e-04,1.619870756510261578e-01
8.154523618895116455e-01,8.540864511685226750e-04,1.619870756510261578e-01
8.162530024019215569e-01,7.932336375812895895e-04,1.619870756510261578e-01
8.170536429143314683e-01,7.364332290397843052e-04,1.619870756510261578e-01
8.178542834267414907e-01,6.834371685509683849e-04,1.619870756510261578e-01
8.186549239391514021e-01,6.340109749789204704e-04,1.619870756510261578e-01
8.194555644515613135e-01,5.879331137036401551e-04,1.619870756510261578e-01
8.202562049639712249e-01,5.449943886949209018e-04,1.619870756510261578e-01
8.210568454763811364e-01,5.049973558040145912e-04,1.619870756510261578e-01
8.218574859887910478e-01,4.677557570346617746e-04,1.619870756510261578e-01
8.226581265012009592e-01,4.330939755185650789e-04,1.619870756510261578e-01
8.234587670136109816e-01,4.008465108864465954e-04,1.619870756510261578e-01
8.242594075260208930e-01,3.708574746958948867e-04,1.619870756510261578e-01
8.250600480384308044e-01,3.429801055502973970e-04,1.619870756510261578e-01
8.258606885508407158e-01,3.170763035192810091e-04,1.619870756510261578e-01
8.266613290632506272e-01,2.930161834501526395e-04,1.619870756510261578e-01
8.274619695756605386e-01,2.706776467417606612e-04,1.619870756510261578e-01
8.282626100880704501e-01,2.499459711366183398e-04,1.619870756510261578e-01
8.290632506004804725e-01,2.307134180741879381e-04,1.619870756510261578e-01
8.298638911128903839e-01,2.128788571375964719e-04,1.619870756510261578e-01
8.306645316253002953e-01,1.963474071173815911e-04,1.619870756510261578e-01
8.314651721377102067e-01,1.810300932096452903e-04,1.619870756510261578e-01
8.322658126501201181e-01,1.668435198613958355e-04,1.619870756510261578e-01
8.330664531625300295e-01,1.537095587731535627e-04,1.619870756510261578e-01
8.338670936749400520e-01,1.415550515678570495e-04,1.619870756510261578e-01
8.346677341873499634e-01,1.303115266355729391e-04,1.619870756510261578e-01
8.354683746997598748e-01,1.199149296653678992e-04,1.619870756510261578e-01
8.362690152121697862e-01,1.103053673789665851e-04,1.619870756510261578e-01
8.370696557245796976e-01,1.014268639851074034e-04,1.619870756510261578e-01
8.378702962369896090e-01,9.322712987896297895e-05,1.619870756510261578e-01
8.386709367493995204e-01,8.565734211741918899e-05,1.619870756510261578e-01
8.394715772618095428e-01,7.867193620826272145e-05,1.619870756510261578e-01
8.402722177742194543e-01,7.222840875938052409e-05,1.619870756510261578e-01
8.410728582866293657e-01,6.628713054284103361e-05,1.619870756510261578e-01
8.418734987990392771e-01,6.081116953805281762e-05,1.619870756510261578e-01
8.426741393114491885e-01,5.576612352805680988e-05,1.619870756510261578e-01
8.434747798238590999e-01,5.111996183334072586e-05,1.619870756510261578e-01
8.442754203362690113e-01,4.684287577826006205e-05,1.619870756510261578e-01
8.450760608486790337e-01,4.290713749613149258e-05,1.619870756510261578e-01
8.458767013610889451e-01,3.928696669032114426e-05,1.619870756510261578e-01
8.466773418734988566e-01,3.595840498010534906e-05,1.619870756510261578e-01
8.474779823859087680e-01,3.289919747164349334e-05,1.619870756510261578e-01
8.482786228983186794e-01,3.008868120606382417e-05,1.619870756510261578e-01
8.490792634107285908e-01,2.750768014837149473e-05,1.619870756510261578e-01
8.498799039231386132e-01,2.513840639259479337e-05,1.619870756510261578e-01
8.506805444355485246e-01,2.296436727023760117e-05,1.619870756510261578e-01
8.514811849479584360e-01,2.097027806069733536e-05,1.619870756510261578e-01
8.522818254603683474e-01,1.914198001378298041e-05,1.619870756510261578e-01
8.530824659727782588e-01,1.746636340581788770e-05,1.619870756510261578e-01
8.538831064851881703e-01,1.593129536198459602e-05,1.619870756510261578e-01
8.546837469975980817e-01,1.452555218857271465e-05,1.619870756510261578e-01
8.554843875100081041e-01,1.323875596957548185e-05,1.619870756510261578e-01
8.562850280224180155e-01,1.206131519265519956e-05,1.619870756510261578e-01
8.570856685348279269e-01,1.098436917982353406e-05,1.619870756510261578e-01
8.578863090472378383e-01,9.999736108265784814e-06,1.619870756510261578e-01
8.586869495596477497e-01,9.099864416549596047e-06,1.619870756510261578e-01
8.594875900720576611e-01,8.277787401008450112e-06,1.619870756510261578e-01
8.602882305844675725e-01,7.527080816351032663e-06,1.619870756510261578e-01
8.610888710968775950e-01,6.841823303536450332e-06,1.619870756510261578e-01
8.618895116092875064e-01,6.216559476638311191e-06,1.619870756510261578e-01
8.626901521216974178e-01,5.646265508829580123e-06,1.619870756510261578e-01
8.634907926341073292e-01,5.126317065726040129e-06,1.619870756510261578e-01
8.642914331465172406e-01,4.652459442141179189e-06,1.619870756510261578e-01
8.650920736589271520e-01,4.220779765829366032e-06,1.619870756510261578e-01
8.658927141713371745e-01,3.827681139030131592e-06,1.619870756510261578e-01
8.666933546837470859e-01,3.469858595568581304e-06,1.619870756510261578e-01
8.674939951961569973e-01,3.144276757933182952e-06,1.619870756510261578e-01
8.682946357085669087e-01,2.848149085134660411e-06,1.619870756510261578e-01
8.690952762209768201e-01,2.578918608257165708e-06,1.619870756510261578e-01
8.698959167333867315e-01,2.334240056455325169e-06,1.619870756510261578e-01
8.706965572457966429e-01,2.111963281725285895e-06,1.619870756510261578e-01
8.714971977582066653e-01,1.910117896100138192e-06,1.619870756510261578e-01
8.722978382706165768e-01,1.726899039988505601e-06,1.619870756510261578e-01
8.730984787830264882e-01,1.560654205203943454e-06,1.619870756510261578e-01
8.738991192954363996e-01,1.409871040823028694e-06,1.619870756510261578e-01
8.746997598078463110e-01,1.273166074372914842e-06,1.619870756510261578e-01
8.755004003202562224e-01,1.149274284992385968e-06,1.619870756510261578e-01
8.763010408326661338e-01,1.037039469137832067e-06,1.619870756510261578e-01
8.771016813450761562e-01,9.354053431287991724e-07,1.619870756510261578e-01
8.779023218574860676e-01,8.434073303534639462e-07,1.619870756510261578e-01
8.787029623698959790e-01,7.601649842875026487e-07,1.619870756510261578e-01
8.795036028823058905e-01,6.848750016330411378e-07,1.619870756510261578e-01
8.803042433947158019e-01,6.168047828597911162e-07,1.619870756510261578e-01
8.811048839071257133e-01,5.552865002394019518e-07,1.619870756510261578e-01
8.819055244195357357e-01,4.997116361120785770e-07,1.619870756510261578e-01
8.827061649319456471e-01,4.495259566191041340e-07,1.619870756510261578e-01
8.835068054443555585e-01,4.042248884830886174e-07,1.619870756510261578e-01
8.843074459567654699e-01,3.633492686264901047e-07,1.619870756510261578e-01
8.851080864691753813e-01,3.264814384948978701e-07,1.619870756510261578e-01
8.859087269815852927e-01,2.932416569011987148e-07,1.619870756510261578e-01
8.867093674939952042e-01,2.632848070361493870e-07,1.619870756510261578e-01
8.875100080064052266e-01,2.362973750065869504e-07,1.619870756510261578e-01
8.883106485188151380e-01,2.119946788700697917e-07,1.619870756510261578e-01
8.891112890312250494e-01,1.901183286400733183e-07,1.619870756510261578e-01
8.899119295436349608e-01,1.704338991443579792e-07,1.619870756510261578e-01
8.907125700560448722e-01,1.527287989360374215e-07,1.619870756510261578e-01
8.915132105684547836e-01,1.368103196874719888e-07,1.619870756510261578e-01
8.923138510808646950e-01,1.225038516459265320e-07,1.619870756510261578e-01
8.931144915932747175e-01,1.096512518019867599e-07,1.619870756510261578e-01
8.939151321056846289e-01,9.810935242129760626e-08,1.619870756510261578e-01
8.947157726180945403e-01,8.774859852150656343e-08,1.619870756510261578e-01
8.955164131305044517e-01,7.845180374357195577e-08,1.619870756510261578e-01
8.963170536429143631e-01,7.011301487351233379e-08,1.619870756510261578e-01
8.971176941553242745e-01,6.263647602115927879e-08,1.619870756510261578e-01
8.979183346677341859e-01,5.593568415979834128e-08,1.619870756510261578e-01
8.987189751801442084e-01,4.993252837820563355e-08,1.619870756510261578e-01
8.995196156925541198e-01,4.455650579767646737e-08,1.619870756510261578e-01
9.003202562049640312e-01,3.974400766408973963e-08,1.619870756510261578e-01
9.011208967173739426e-01,3.543766964177847405e-08,1.619870756510261578e-01
9.019215372297838540e-01,3.158578081462349313e-08,1.619870756510261578e-01
9.027221777421937654e-01,2.814174634288145820e-08,1.619870756510261578e-01
9.035228182546037878e-01,2.506359913417295685e-08,1.619870756510261578e-01
9.043234587670136992e-01,2.231355626608147189e-08,1.619870756510261578e-01
9.051240992794236107e-01,1.985761624799933710e-08,1.619870756510261578e-01
9.059247397918335221e-01,1.766519353326256710e-08,1.619870756510261578e-01
9.067253803042434335e-01,1.570878699104750381e-08,1.619870756510261578e-01
9.075260208166533449e-01,1.396367932278420741e-08,1.619870756510261578e-01
9.083266613290632563e-01,1.240766466155063010e-08,1.619870756510261578e-01
9.091273018414732787e-01,1.102080182665460276e-08,1.619870756510261578e-01
9.099279423538831901e-01,9.785190920799490494e-09,1.619870756510261578e-01
9.107285828662931015e-01,8.684771155223359716e-09,1.619870756510261578e-01
9.115292233787030129e-01,7.705137970280506854e-09,1.619870756510261578e-01
9.123298638911129244e-01,6.833377686260962975e-09,1.619870756510261578e-01
9.131305044035228358e-01,6.057918072943696320e-09,1.619870756510261578e-01
9.139311449159327472e-01,5.368393367458381510e-09,1.619870756510261578e-01
9.147317854283427696e-01,4.755522399471764605e-09,1.619870756510261578e-01
9.155324259407526810e-01,4.210998601395370153e-09,1.619870756510261578e-01
9.163330664531625924e-01,3.727390790070688262e-09,1.619870756510261578e-01
9.171337069655725038e-01,3.298053705992934023e-09,1.619870756510261578e-01
9.179343474779824152e-01,2.917047387314236501e-09,1.619870756510261578e-01
9.187349879903923267e-01,2.579064539274468247e-09,1.619870756510261578e-01
9.195356285028023491e-01,2.279365135972433630e-09,1.619870756510261578e-01
9.203362690152122605e-01,2.013717561080597566e-09,1.619870756510261578e-01
9.211369095276221719e-01,1.778345657752754453e-09,1.619870756510261578e-01
9.219375500400320833e-01,1.569881116072726556e-09,1.619870756510261578e-01
9.227381905524419947e-01,1.385320679392704528e-09,1.619870756510261578e-01
9.235388310648519061e-01,1.221987699235862675e-09,1.619870756510261578e-01
9.243394715772618175e-01,1.077497612477007807e-09,1.619870756510261578e-01
9.251401120896718400e-01,9.497269546249122302e-10,1.619870756510261578e-01
9.259407526020817514e-01,8.367855595423653593e-10,1.619870756510261578e-01
9.267413931144916628e-01,7.369916291589539566e-10,1.619870756510261578e-01
9.275420336269015742e-01,6.488493869380269326e-10,1.619870756510261578e-01
9.283426741393114856e-01,5.710290563113600003e-10,1.619870756510261578e-01
9.291433146517213970e-01,5.023489302313920070e-10,1.619870756510261578e-01
9.299439551641313084e-01,4.417593206291942122e-10,1.619870756510261578e-01
9.307445956765413309e-01,3.883281971073164008e-10,1.619870756510261578e-01
9.315452361889512423e-01,3.412283428258804462e-10,1.619870756510261578e-01
9.323458767013611537e-01,2.997258724251065767e-10,1.619870756510261578e-01
9.331465172137710651e-01,2.631699721246839751e-10,1.619870756510261578e-01
9.339471577261809765e-01,2.309837359910825519e-10,1.619870756510261578e-01
9.347477982385908879e-01,2.026559848986071250e-10,1.619870756510261578e-01
9.355484387510009103e-01,1.777339660478277817e-10,1.619870756510261578e-01
9.363490792634108217e-01,1.558168411549123075e-10,1.619870756510261578e-01
9.371497197758207331e-01,1.365498806868516881e-10,1.619870756510261578e-01
9.379503602882306446e-01,1.196192898817268598e-10,1.619870756510261578e-01
9.387510008006405560e-01,1.047475998429715069e-10,1.619870756510261578e-01
9.395516413130504674e-01,9.168956380780775366e-11,1.619870756510261578e-01
9.403522818254603788e-01,8.022850483186816065e-11,1.619870756510261578e-01
9.411529223378704012e-01,7.017306666733770532e-11,1.619870756510261578e-01
9.419535628502803126e-01,6.135432459810703156e-11,1.619870756510261578e-01
9.427542033626902240e-01,5.362321748468584709e-11,1.619870756510261578e-01
9.435548438751001354e-01,4.684826631140176320e-11,1.619870756510261578e-01
9.443554843875100469e-01,4.091354816184498608e-11,1.619870756510261578e-01
9.451561248999199583e-01,3.571689781490975581e-11,1.619870756510261578e-01
9.459567654123298697e-01,3.116831208867652315e-11,1.619870756510261578e-01
9.467574059247398921e-01,2.718853469508642373e-11,1.619870756510261578e-01
9.475580464371498035e-01,2.370780173424412281e-11,1.619870756510261578e-01
9.483586869495597149e-01,2.066473007975397236e-11,1.619870756510261578e-01
9.491593274619696263e-01,1.800533280985032359e-11,1.619870756510261578e-01
9.499599679743795377e-01,1.568214754502133719e-11,1.619870756510261578e-01
9.507606084867894491e-01,1.365346508103766759e-11,1.619870756510261578e-01
9.515612489991994716e-01,1.188264707464211755e-11,1.619870756510261578e-01
9.523618895116093830e-01,1.033752276375267713e-11,1.619870756510261578e-01
9.531625300240192944e-01,8.989855799421477861e-12,1.619870756510261578e-01
9.539631705364292058e-01,7.814873246148327645e-12,1.619870756510261578e-01
9.547638110488391172e-01,6.790849682314128181e-12,1.619870756510261578e-01
9.555644515612490286e-01,5.898740114191000752e-12,1.619870756510261578e-01
9.563650920736589400e-01,5.121856114832530507e-12,1.619870756510261578e-01
9.571657325860689625e-01,4.445580221846408907e-12,1.619870756510261578e-01
9.579663730984788739e-01,3.857114183424532320e-12,1.619870756510261578e-01
9.587670136108887853e-01,3.345257137085753956e-12,1.619870756510261578e-01
9.595676541232986967e-01,2.900210246709515874e-12,1.619870756510261578e-01
9.603682946357086081e-01,2.513404716294106286e-12,1.619870756510261578e-01
9.611689351481185195e-01,2.177350448571694215e-12,1.619870756510261578e-01
9.619695756605284309e-01,1.885502927747567309e-12,1.619870756510261578e-01
9.627702161729384533e-01,1.632146182318498121e-12,1.619870756510261578e-01
9.635708566853483648e-01,1.412289929864572432e-12,1.619870756510261578e-01
9.643714971977582762e-01,1.221579224208811526e-12,1.619870756510261578e-01
9.651721377101681876e-01,1.056215119370976690e-12,1.619870756510261578e-01
9.659727782225780990e-01,9.128850369606444381e-13,1.619870756510261578e-01
9.667734187349880104e-01,7.887016764414844157e-13,1.619870756510261578e-01
9.675740592473979218e-01,6.811494431807731801e-13,1.619870756510261578e-01
9.683746997598079442e-01,5.880374892784009062e-13,1.619870756510261578e-01
9.691753402722178556e-01,5.074585685482015775e-13,1.619870756510261578e-01
9.699759807846277671e-01,4.377530012204966057e-13,1.619870756510261578e-01
9.707766212970376785e-01,3.774771273035177463e-13,1.619870756510261578e-01
9.715772618094475899e-01,3.253757012926795968e-13,1.619870756510261578e-01
9.723779023218575013e-01,2.803577461292994958e-13,1.619870756510261578e-01
9.731785428342675237e-01,2.414754419455759658e-13,1.619870756510261578e-01
9.739791833466774351e-01,2.079056760468600196e-13,1.619870756510261578e-01
9.747798238590873465e-01,1.789339255384817751e-13,1.619870756510261578e-01
9.755804643714972579e-01,1.539401836806611443e-13,1.619870756510261578e-01
9.763811048839071693e-01,1.323866760555778352e-13,1.619870756510261578e-01
9.771817453963170808e-01,1.138071434916595028e-13,1.619870756510261578e-01
9.779823859087269922e-01,9.779749588875503080e-14,1.619870756510261578e-01
9.787830264211370146e-01,8.400766504735973531e-14,1.619870756510261578e-01
9.795836669335469260e-01,7.213450570141487326e-14,1.619870756510261578e-01
9.803843074459568374e-01,6.191561252097374845e-14,1.619870756510261578e-01
9.811849479583667488e-01,5.312393718384323536e-14,1.619870756510261578e-01
9.819855884707766602e-01,4.556310397636019898e-14,1.619870756510261578e-01
9.827862289831865716e-01,3.906333500494485029e-14,1.619870756510261578e-01
9.835868694955964830e-01,3.347790718749783361e-14,1.619870756510261578e-01
9.843875100080065055e-01,2.868007292912672634e-14,1.619870756510261578e-01
9.851881505204164169e-01,2.456038493093780419e-14,1.619870756510261578e-01
9.859887910328263283e-01,2.102437307605688501e-14,1.619870756510261578e-01
9.867894315452362397e-01,1.799052790933491341e-14,1.619870756510261578e-01
9.875900720576461511e-01,1.538855098740565911e-14,1.619870756510261578e-01
9.883907125700560625e-01,1.315783742191405790e-14,1.619870756510261578e-01
9.891913530824660850e-01,1.124616035732023757e-14,1.619870756510261578e-01
9.899919935948759964e-01,9.608530991977329339e-15,1.619870756510261578e-01
9.907926341072859078e-01,8.206211134416369419e-15,1.619870756510261578e-01
9.915932746196958192e-01,7.005858245185998544e-15,1.619870756510261578e-01
9.923939151321057306e-01,5.978785500346991800e-15,1.619870756510261578e-01
9.931945556445156420e-01,5.100321671733807121e-15,1.619870756510261578e-01
9.939951961569255534e-01,4.349257591741234961e-15,1.619870756510261578e-01
9.947958366693355758e-01,3.707367692207837625e-15,1.619870756510261578e-01
9.955964771817454873e-01,3.158996609150327065e-15,1.619870756510261578e-01
9.963971176941553987e-01,2.690702155079301550e-15,1.619870756510261578e-01
9.971977582065653101e-01,2.290947102472686097e-15,1.619870756510261578e-01
9.979983987189752215e-01,1.949833216823205647e-15,1.619870756510261578e-01
9.987990392313851329e-01,1.658871844049741050e-15,1.619870756510261578e-01
9.995996797437950443e-01,1.410786111212691518e-15,1.619870756510261578e-01
