x, rho, v, P, time
-4.997499999999999609e+00,3.857143000000000210e+00,2.629369000000000067e+00,1.033329999999999949e+01,1.513668870319240689e+00
-4.992499999999999716e+00,3.857143000000000210e+00,2.629369000000000067e+00,1.033329999999999949e+01,1.513668870319240689e+00
-4.987499999999999822e+00,3.857143000000000210e+00,2.629369000000000067e+00,1.033329999999999949e+01,1.513668870319240689e+00
-4.982499999999999929e+00,3.857143000000000210e+00,2.629369000000000067e+00,1.033329999999999949e+01,1.513668870319240689e+00
-4.977500000000000036e+00,3.857143000000000210e+00,2.629369000000000067e+00,1.033329999999999949e+01,1.513668870319240689e+00
-4.972499999999999254e+00,3.857143000000000210e+00,2.629369000000000067e+00,1.033329999999999949e+01,1.513668870319240689e+00
-4.967499999999999361e+00,3.857143000000000210e+00,2.629369000000000067e+00,1.033329999999999949e+01,1.513668870319240689e+00
-4.962499999999999467e+00,3.857143000000000210e+00,2.629369000000000067e+00,1.033329999999999949e+01,1.513668870319240689e+00
-4.957499999999999574e+00,3.857143000000000210e+00,2.629369000000000067e+00,1.033329999999999949e+01,1.513668870319240689e+00
-4.952499999999999680e+00,3.857143000000000210e+00,2.629369000000000067e+00,1.033329999999999949e+01,1.513668870319240689e+00
-4.947499999999999787e+00,3.857143000000000210e+00,2.629369000000000067e+00,1.033329999999999949e+01,1.513668870319240689e+00
-4.942499999999999893e+00,3.857143000000000210e+00,2.629369000000000067e+00,1.033329999999999949e+01,1.513668870319240689e+00
-4.937500000000000000e+00,3.857143000000000210e+00,2.629369000000000067e+00,1.033329999999999949e+01,1.513668870319240689e+00
-4.932499999999999218e+00,3.857143000000000210e+00,2.629369000000000067e+00,1.033329999999999949e+01,1.513668870319240689e+00
-4.927499999999999325e+00,3.857143000000000210e+00,2.629369000000000067e+00,1.033329999999999949e+01,1.513668870319240689e+00
-4.922499999999999432e+00,3.857143000000000210e+00,2.629369000000000067e+00,1.033329999999999949e+01,1.513668870319240689e+00
-4.917499999999999538e+00,3.857143000000000210e+00,2.629369000000000067e+00,1.033329999999999949e+01,1.513668870319240689e+00
-4.912499999999999645e+00,3.857143000000000210e+00,2.629369000000000067e+00,1.033329999999999949e+01,1.513668870319240689e+00
-4.907499999999999751e+00,3.857143000000000210e+00,2.629369000000000067e+00,1.033329999999999949e+01,1.513668870319240689e+00
-4.902499999999999858e+00,3.857143000000000210e+00,2.629369000000000067e+00,1.033329999999999949e+01,1.513668870319240689e+00
-4.897499999999999964e+00,3.857143000000000210e+00,2.629369000000000067e+00,1.033329999999999949e+01,1.513668870319240689e+00
-4.892500000000000071e+00,3.857143000000000210e+00,2.629369000000000067e+00,1.033329999999999949e+01,1.513668870319240689e+00
-4.887499999999999289e+00,3.857143000000000210e+00,2.629369000000000067e+00,1.033329999999999949e+01,1.513668870319240689e+00
-4.882499999999999396e+00,3.857143000000000210e+00,2.629369000000000067e+00,1.033329999999999949e+01,1.513668870319240689e+00
-4.877499999999999503e+00,3.857143000000000210e+00,2.629369000000000067e+00,1.033329999999999949e+01,1.513668870319240689e+00
-4.872499999999999609e+00,3.857143000000000210e+00,2.629369000000000067e+00,1.033329999999999949e+01,1.513668870319240689e+00
-4.867499999999999716e+00,3.857143000000000210e+00,2.629369000000000067e+00,1.033329999999999949e+01,1.513668870319240689e+00
-4.862499999999999822e+00,3.857143000000000210e+00,2.629369000000000067e+00,1.033329999999999949e+01,1.513668870319240689e+00
-4.857499999999999929e+00,3.857143000000000210e+00,2.629369000000000067e+00,1.033329999999999949e+01,1.513668870319240689e+00
-4.852500000000000036e+00,3.857143000000000210e+00,2.629369000000000067e+00,1.033329999999999949e+01,1.513668870319240689e+00
-4.847499999999999254e+00,3.857143000000000210e+00,2.629369000000000067e+00,1.033329999999999949e+01,1.513668870319240689e+00
-4.842499999999999361e+00,3.857143000000000210e+00,2.629369000000000067e+00,1.033329999999999949e+01,1.513668870319240689e+00
-4.837499999999999467e+00,3.857143000000000210e+00,2.629369000000000067e+00,1.033329999999999949e+01,1.513668870319240689e+00
-4.832499999999999574e+00,3.857143000000000210e+00,2.629369000000000067e+00,1.033329999999999949e+01,1.513668870319240689e+00
-4.827499999999999680e+00,3.857143000000000210e+00,2.629369000000000067e+00,1.033329999999999949e+01,1.513668870319240689e+00
-4.822499999999999787e+00,3.857143000000000210e+00,2.629369000000000067e+00,1.033329999999999949e+01,1.513668870319240689e+00
-4.817499999999999893e+00,3.857143000000000210e+00,2.629369000000000067e+00,1.033329999999999949e+01,1.513668870319240689e+00
-4.812500000000000000e+00,3.857143000000000210e+00,2.629369000000000067e+00,1.033329999999999949e+01,1.513668870319240689e+00
-4.807499999999999218e+00,3.857143000000000210e+00,2.629369000000000067e+00,1.033329999999999949e+01,1.513668870319240689e+00
-4.802499999999999325e+00,3.857143000000000210e+00,2.629369000000000067e+00,1.033329999999999949e+01,1.513668870319240689e+00
-4.797499999999999432e+00,3.857143000000000210e+00,2.629369000000000067e+00,1.033329999999999949e+01,1.513668870319240689e+00
-4.792499999999999538e+00,3.857143000000000210e+00,2.629369000000000067e+00,1.033329999999999949e+01,1.513668870319240689e+00
-4.787499999999999645e+00,3.857143000000000210e+00,2.629369000000000067e+00,1.033329999999999949e+01,1.513668870319240689e+00
-4.782499999999999751e+00,3.857143000000000210e+00,2.629369000000000067e+00,1.033329999999999949e+01,1.513668870319240689e+00
-4.777499999999999858e+00,3.857143000000000210e+00,2.629369000000000067e+00,1.033329999999999949e+01,1.513668870319240689e+00
-4.772499999999999964e+00,3.857143000000000210e+00,2.629369000000000067e+00,1.033329999999999949e+01,1.513668870319240689e+00
-4.767500000000000071e+00,3.857143000000000210e+00,2.629369000000000067e+00,1.033329999999999949e+01,1.513668870319240689e+00
-4.762499999999999289e+00,3.857143000000000210e+00,2.629369000000000067e+00,1.033329999999999949e+01,1.513668870319240689e+00
-4.757499999999999396e+00,3.857143000000000210e+00,2.629369000000000067e+00,1.033329999999999949e+01,1.513668870319240689e+00
-4.752499999999999503e+00,3.857143000000000210e+00,2.629369000000000067e+00,1.033329999999999949e+01,1.513668870319240689e+00
-4.747499999999999609e+00,3.857143000000000210e+00,2.629369000000000067e+00,1.033329999999999949e+01,1.513668870319240689e+00
-4.742499999999999716e+00,3.857143000000000210e+00,2.629369000000000067e+00,1.033329999999999949e+01,1.513668870319240689e+00
-4.737499999999999822e+00,3.857143000000000210e+00,2.629369000000000067e+00,1.033329999999999949e+01,1.513668870319240689e+00
-4.732499999999999929e+00,3.857143000000000210e+00,2.629369000000000067e+00,1.033329999999999949e+01,1.513668870319240689e+00
-4.727500000000000036e+00,3.857143000000000210e+00,2.629369000000000067e+00,1.033329999999999949e+01,1.513668870319240689e+00
-4.722499999999999254e+00,3.857143000000000210e+00,2.629369000000000067e+00,1.033329999999999949e+01,1.513668870319240689e+00
-4.717499999999999361e+00,3.857143000000000210e+00,2.629369000000000067e+00,1.033329999999999949e+01,1.513668870319240689e+00
-4.712499999999999467e+00,3.857143000000000210e+00,2.629369000000000067e+00,1.033329999999999949e+01,1.513668870319240689e+00
-4.707499999999999574e+00,3.857143000000000210e+00,2.629369000000000067e+00,1.033329999999999949e+01,1.513668870319240689e+00
-4.702499999999999680e+00,3.857143000000000210e+00,2.629369000000000067e+00,1.033329999999999949e+01,1.513668870319240689e+00
-4.697499999999999787e+00,3.857143000000000210e+00,2.629369000000000067e+00,1.033329999999999949e+01,1.513668870319240689e+00
-4.692499999999999893e+00,3.857143000000000210e+00,2.629369000000000067e+00,1.033329999999999949e+01,1.513668870319240689e+00
-4.687500000000000000e+00,3.857143000000000210e+00,2.629369000000000067e+00,1.033329999999999949e+01,1.513668870319240689e+00
-4.682499999999999218e+00,3.857143000000000210e+00,2.629369000000000067e+00,1.033329999999999949e+01,1.513668870319240689e+00
-4.677499999999999325e+00,3.857143000000000210e+00,2.629369000000000067e+00,1.033329999999999949e+01,1.513668870319240689e+00
-4.672499999999999432e+00,3.857143000000000210e+00,2.629369000000000067e+00,1.033329999999999949e+01,1.513668870319240689e+00
-4.667499999999999538e+00,3.857143000000000210e+00,2.629369000000000067e+00,1.033329999999999949e+01,1.513668870319240689e+00
-4.662499999999999645e+00,3.857143000000000210e+00,2.629369000000000067e+00,1.033329999999999949e+01,1.513668870319240689e+00
-4.657499999999999751e+00,3.857143000000000210e+00,2.629369000000000067e+00,1.033329999999999949e+01,1.513668870319240689e+00
-4.652499999999999858e+00,3.857143000000000210e+00,2.629369000000000067e+00,1.033329999999999949e+01,1.513668870319240689e+00
-4.647499999999999964e+00,3.857143000000000210e+00,2.629369000000000067e+00,1.033329999999999949e+01,1.513668870319240689e+00
-4.642500000000000071e+00,3.857143000000000210e+00,2.629369000000000067e+00,1.033329999999999949e+01,1.513668870319240689e+00
-4.637499999999999289e+00,3.857143000000000210e+00,2.629369000000000067e+00,1.033329999999999949e+01,1.513668870319240689e+00
-4.632499999999999396e+00,3.857143000000000210e+00,2.629369000000000067e+00,1.033329999999999949e+01,1.513668870319240689e+00
-4.627499999999999503e+00,3.857143000000000210e+00,2.629369000000000067e+00,1.033329999999999949e+01,1.513668870319240689e+00
-4.622499999999999609e+00,3.857143000000000210e+00,2.629369000000000067e+00,1.033329999999999949e+01,1.513668870319240689e+00
-4.617499999999999716e+00,3.857143000000000210e+00,2.629369000000000067e+00,1.033329999999999949e+01,1.513668870319240689e+00
-4.612499999999999822e+00,3.857143000000000210e+00,2.629369000000000067e+00,1.033329999999999949e+01,1.513668870319240689e+00
-4.607499999999999929e+00,3.857143000000000210e+00,2.629369000000000067e+00,1.033329999999999949e+01,1.513668870319240689e+00
-4.602500000000000036e+00,3.857143000000000210e+00,2.629369000000000067e+00,1.033329999999999949e+01,1.513668870319240689e+00
-4.597500000000000142e+00,3.857143000000000210e+00,2.629369000000000067e+00,1.033329999999999949e+01,1.513668870319240689e+00
-4.592499999999999361e+00,3.857143000000000210e+00,2.629369000000000067e+00,1.033329999999999949e+01,1.513668870319240689e+00
-4.587499999999999467e+00,3.857143000000000210e+00,2.629369000000000067e+00,1.033329999999999949e+01,1.513668870319240689e+00
-4.582499999999999574e+00,3.857143000000000210e+00,2.629369000000000067e+00,1.033329999999999949e+01,1.513668870319240689e+00
-4.577499999999999680e+00,3.857143000000000210e+00,2.629369000000000067e+00,1.033329999999999949e+01,1.513668870319240689e+00
-4.572499999999999787e+00,3.857143000000000210e+00,2.629369000000000067e+00,1.033329999999999949e+01,1.513668870319240689e+00
-4.567499999999999893e+00,3.857143000000000210e+00,2.629369000000000067e+00,1.033329999999999949e+01,1.513668870319240689e+00
-4.562500000000000000e+00,3.857143000000000210e+00,2.629369000000000067e+00,1.033329999999999949e+01,1.513668870319240689e+00
-4.557499999999999218e+00,3.857143000000000210e+00,2.629369000000000067e+00,1.033329999999999949e+01,1.513668870319240689e+00
-4.552499999999999325e+00,3.857143000000000210e+00,2.629369000000000067e+00,1.033329999999999949e+01,1.513668870319240689e+00
-4.547499999999999432e+00,3.857143000000000210e+00,2.629369000000000067e+00,1.033329999999999949e+01,1.513668870319240689e+00
-4.542499999999999538e+00,3.857143000000000210e+00,2.629369000000000067e+00,1.033329999999999949e+01,1.513668870319240689e+00
-4.537499999999999645e+00,3.857143000000000210e+00,2.629369000000000067e+00,1.033329999999999949e+01,1.513668870319240689e+00
-4.532499999999999751e+00,3.857143000000000210e+00,2.629369000000000067e+00,1.033329999999999949e+01,1.513668870319240689e+00
-4.527499999999999858e+00,3.857143000000000210e+00,2.629369000000000067e+00,1.033329999999999949e+01,1.513668870319240689e+00
-4.522499999999999964e+00,3.857143000000000210e+00,2.629369000000000067e+00,1.033329999999999949e+01,1.513668870319240689e+00
-4.517500000000000071e+00,3.857143000000000210e+00,2.629369000000000067e+00,1.033329999999999949e+01,1.513668870319240689e+00
-4.512499999999999289e+00,3.857143000000000210e+00,2.629369000000000067e+00,1.033329999999999949e+01,1.513668870319240689e+00
-4.507499999999999396e+00,3.857143000000000210e+00,2.629369000000000067e+00,1.033329999999999949e+01,1.513668870319240689e+00
-4.502499999999999503e+00,3.857143000000000210e+00,2.629369000000000067e+00,1.033329999999999949e+01,1.513668870319240689e+00
-4.497499999999999609e+00,3.857143000000000210e+00,2.629369000000000067e+00,1.033329999999999949e+01,1.513668870319240689e+00
-4.492499999999999716e+00,3.857143000000000210e+00,2.629369000000000067e+00,1.033329999999999949e+01,1.513668870319240689e+00
-4.487499999999999822e+00,3.857143000000000210e+00,2.629369000000000067e+00,1.033329999999999949e+01,1.513668870319240689e+00
-4.482499999999999929e+00,3.857143000000000210e+00,2.629369000000000067e+00,1.033329999999999949e+01,1.513668870319240689e+00
-4.477500000000000036e+00,3.857143000000000210e+00,2.629369000000000067e+00,1.033329999999999949e+01,1.513668870319240689e+00
-4.472500000000000142e+00,3.857143000000000210e+00,2.629369000000000067e+00,1.033329999999999949e+01,1.513668870319240689e+00
-4.467499999999999361e+00,3.857143000000000210e+00,2.629369000000000067e+00,1.033329999999999949e+01,1.513668870319240689e+00
-4.462499999999999467e+00,3.857143000000000210e+00,2.629369000000000067e+00,1.033329999999999949e+01,1.513668870319240689e+00
-4.457499999999999574e+00,3.857143000000000210e+00,2.629369000000000067e+00,1.033329999999999949e+01,1.513668870319240689e+00
-4.452499999999999680e+00,3.857143000000000210e+00,2.629369000000000067e+00,1.033329999999999949e+01,1.513668870319240689e+00
-4.447499999999999787e+00,3.857143000000000210e+00,2.629369000000000067e+00,1.033329999999999949e+01,1.513668870319240689e+00
-4.442499999999999893e+00,3.857143000000000210e+00,2.629369000000000067e+00,1.033329999999999949e+01,1.513668870319240689e+00
-4.437500000000000000e+00,3.857143000000000210e+00,2.629369000000000067e+00,1.033329999999999949e+01,1.513668870319240689e+00
-4.432499999999999218e+00,3.857143000000000210e+00,2.629369000000000067e+00,1.033329999999999949e+01,1.513668870319240689e+00
-4.427499999999999325e+00,3.857143000000000210e+00,2.629369000000000067e+00,1.033329999999999949e+01,1.513668870319240689e+00
-4.422499999999999432e+00,3.857143000000000210e+00,2.629369000000000067e+00,1.033329999999999949e+01,1.513668870319240689e+00
-4.417499999999999538e+00,3.857143000000000210e+00,2.629369000000000067e+00,1.033329999999999949e+01,1.513668870319240689e+00
-4.412499999999999645e+00,3.857143000000000210e+00,2.629369000000000067e+00,1.033329999999999949e+01,1.513668870319240689e+00
-4.407499999999999751e+00,3.857143000000000210e+00,2.629369000000000067e+00,1.033329999999999949e+01,1.513668870319240689e+00
-4.402499999999999858e+00,3.857143000000000210e+00,2.629369000000000067e+00,1.033329999999999949e+01,1.513668870319240689e+00
-4.397499999999999964e+00,3.857143000000000210e+00,2.629369000000000067e+00,1.033329999999999949e+01,1.513668870319240689e+00
-4.392500000000000071e+00,3.857143000000000210e+00,2.629369000000000067e+00,1.033329999999999949e+01,1.513668870319240689e+00
-4.387499999999999289e+00,3.857143000000000210e+00,2.629369000000000067e+00,1.033329999999999949e+01,1.513668870319240689e+00
-4.382499999999999396e+00,3.857143000000000210e+00,2.629369000000000067e+00,1.033329999999999949e+01,1.513668870319240689e+00
-4.377499999999999503e+00,3.857143000000000210e+00,2.629369000000000067e+00,1.033329999999999949e+01,1.513668870319240689e+00
-4.372499999999999609e+00,3.857143000000000210e+00,2.629369000000000067e+00,1.033329999999999949e+01,1.513668870319240689e+00
-4.367499999999999716e+00,3.857143000000000210e+00,2.629369000000000067e+00,1.033329999999999949e+01,1.513668870319240689e+00
-4.362499999999999822e+00,3.857143000000000210e+00,2.629369000000000067e+00,1.033329999999999949e+01,1.513668870319240689e+00
-4.357499999999999929e+00,3.857143000000000210e+00,2.629369000000000067e+00,1.033329999999999949e+01,1.513668870319240689e+00
-4.352500000000000036e+00,3.857143000000000210e+00,2.629369000000000067e+00,1.033329999999999949e+01,1.513668870319240689e+00
-4.347500000000000142e+00,3.857143000000000210e+00,2.629369000000000067e+00,1.033329999999999949e+01,1.513668870319240689e+00
-4.342499999999999361e+00,3.857143000000000210e+00,2.629369000000000067e+00,1.033329999999999949e+01,1.513668870319240689e+00
-4.337499999999999467e+00,3.857143000000000210e+00,2.629369000000000067e+00,1.033329999999999949e+01,1.513668870319240689e+00
-4.332499999999999574e+00,3.857143000000000210e+00,2.629369000000000067e+00,1.033329999999999949e+01,1.513668870319240689e+00
-4.327499999999999680e+00,3.857143000000000210e+00,2.629369000000000067e+00,1.033329999999999949e+01,1.513668870319240689e+00
-4.322499999999999787e+00,3.857143000000000210e+00,2.629369000000000067e+00,1.033329999999999949e+01,1.513668870319240689e+00
-4.317499999999999893e+00,3.857143000000000210e+00,2.629369000000000067e+00,1.033329999999999949e+01,1.513668870319240689e+00
-4.312500000000000000e+00,3.857143000000000210e+00,2.629369000000000067e+00,1.033329999999999949e+01,1.513668870319240689e+00
-4.307499999999999218e+00,3.857143000000000210e+00,2.629369000000000067e+00,1.033329999999999949e+01,1.513668870319240689e+00
-4.302500000000000213e+00,3.857143000000000210e+00,2.629369000000000067e+00,1.033329999999999949e+01,1.513668870319240689e+00
-4.297499999999999432e+00,3.857143000000000210e+00,2.629369000000000067e+00,1.033329999999999949e+01,1.513668870319240689e+00
-4.292499999999999538e+00,3.857143000000000210e+00,2.629369000000000067e+00,1.033329999999999949e+01,1.513668870319240689e+00
-4.287499999999999645e+00,3.857143000000000210e+00,2.629369000000000067e+00,1.033329999999999949e+01,1.513668870319240689e+00
-4.282499999999999751e+00,3.857143000000000210e+00,2.629369000000000067e+00,1.033329999999999949e+01,1.513668870319240689e+00
-4.277499999999999858e+00,3.857143000000000210e+00,2.629369000000000067e+00,1.033329999999999949e+01,1.513668870319240689e+00
-4.272499999999999964e+00,3.857143000000000210e+00,2.629369000000000067e+00,1.033329999999999949e+01,1.513668870319240689e+00
-4.267500000000000071e+00,3.857143000000000210e+00,2.629369000000000067e+00,1.033329999999999949e+01,1.513668870319240689e+00
-4.262499999999999289e+00,3.857143000000000210e+00,2.629369000000000067e+00,1.033329999999999949e+01,1.513668870319240689e+00
-4.257499999999999396e+00,3.857143000000000210e+00,2.629369000000000067e+00,1.033329999999999949e+01,1.513668870319240689e+00
-4.252499999999999503e+00,3.857143000000000210e+00,2.629369000000000067e+00,1.033329999999999949e+01,1.513668870319240689e+00
-4.247499999999999609e+00,3.857143000000000210e+00,2.629369000000000067e+00,1.033329999999999949e+01,1.513668870319240689e+00
-4.242499999999999716e+00,3.857143000000000210e+00,2.629369000000000067e+00,1.033329999999999949e+01,1.513668870319240689e+00
-4.237499999999999822e+00,3.857143000000000210e+00,2.629369000000000067e+00,1.033329999999999949e+01,1.513668870319240689e+00
-4.232499999999999929e+00,3.857143000000000210e+00,2.629369000000000067e+00,1.033329999999999949e+01,1.513668870319240689e+00
-4.227500000000000036e+00,3.857143000000000210e+00,2.629369000000000067e+00,1.033329999999999949e+01,1.513668870319240689e+00
-4.222500000000000142e+00,3.857143000000000210e+00,2.629369000000000067e+00,1.033329999999999949e+01,1.513668870319240689e+00
-4.217499999999999361e+00,3.857143000000000210e+00,2.629369000000000067e+00,1.033329999999999949e+01,1.513668870319240689e+00
-4.212499999999999467e+00,3.857143000000000210e+00,2.629369000000000067e+00,1.033329999999999949e+01,1.513668870319240689e+00
-4.207499999999999574e+00,3.857143000000000210e+00,2.629369000000000067e+00,1.033329999999999949e+01,1.513668870319240689e+00
-4.202499999999999680e+00,3.857143000000000210e+00,2.629369000000000067e+00,1.033329999999999949e+01,1.513668870319240689e+00
-4.197499999999999787e+00,3.857143000000000210e+00,2.629369000000000067e+00,1.033329999999999949e+01,1.513668870319240689e+00
-4.192499999999999893e+00,3.857143000000000210e+00,2.629369000000000067e+00,1.033329999999999949e+01,1.513668870319240689e+00
-4.187500000000000000e+00,3.857143000000000210e+00,2.629369000000000067e+00,1.033329999999999949e+01,1.513668870319240689e+00
-4.182500000000000107e+00,3.857143000000000210e+00,2.629369000000000067e+00,1.033329999999999949e+01,1.513668870319240689e+00
-4.177500000000000213e+00,3.857143000000000210e+00,2.629369000000000067e+00,1.033329999999999949e+01,1.513668870319240689e+00
-4.172499999999999432e+00,3.857143000000000210e+00,2.629369000000000067e+00,1.033329999999999949e+01,1.513668870319240689e+00
-4.167499999999999538e+00,3.857143000000000210e+00,2.629369000000000067e+00,1.033329999999999949e+01,1.513668870319240689e+00
-4.162499999999999645e+00,3.857143000000000210e+00,2.629369000000000067e+00,1.033329999999999949e+01,1.513668870319240689e+00
-4.157499999999999751e+00,3.857143000000000210e+00,2.629369000000000067e+00,1.033329999999999949e+01,1.513668870319240689e+00
-4.152499999999999858e+00,3.857143000000000210e+00,2.629369000000000067e+00,1.033329999999999949e+01,1.513668870319240689e+00
-4.147499999999999964e+00,3.857143000000000210e+00,2.629369000000000067e+00,1.033329999999999949e+01,1.513668870319240689e+00
-4.142500000000000071e+00,3.857143000000000210e+00,2.629369000000000067e+00,1.033329999999999949e+01,1.513668870319240689e+00
-4.137499999999999289e+00,3.857143000000000210e+00,2.629369000000000067e+00,1.033329999999999949e+01,1.513668870319240689e+00
-4.132499999999999396e+00,3.857143000000000210e+00,2.629369000000000067e+00,1.033329999999999949e+01,1.513668870319240689e+00
-4.127499999999999503e+00,3.857143000000000210e+00,2.629369000000000067e+00,1.033329999999999949e+01,1.513668870319240689e+00
-4.122499999999999609e+00,3.857143000000000210e+00,2.629369000000000067e+00,1.033329999999999949e+01,1.513668870319240689e+00
-4.117499999999999716e+00,3.857143000000000210e+00,2.629369000000000067e+00,1.033329999999999949e+01,1.513668870319240689e+00
-4.112499999999999822e+00,3.857143000000000210e+00,2.629369000000000067e+00,1.033329999999999949e+01,1.513668870319240689e+00
-4.107499999999999929e+00,3.857143000000000210e+00,2.629369000000000067e+00,1.033329999999999949e+01,1.513668870319240689e+00
-4.102500000000000036e+00,3.857143000000000210e+00,2.629369000000000067e+00,1.033329999999999949e+01,1.513668870319240689e+00
-4.097500000000000142e+00,3.857143000000000210e+00,2.629369000000000067e+00,1.033329999999999949e+01,1.513668870319240689e+00
-4.092499999999999361e+00,3.857143000000000210e+00,2.629369000000000067e+00,1.033329999999999949e+01,1.513668870319240689e+00
-4.087499999999999467e+00,3.857143000000000210e+00,2.629369000000000067e+00,1.033329999999999949e+01,1.513668870319240689e+00
-4.082499999999999574e+00,3.857143000000000210e+00,2.629369000000000067e+00,1.033329999999999949e+01,1.513668870319240689e+00
-4.077499999999999680e+00,3.857143000000000210e+00,2.629369000000000067e+00,1.033329999999999949e+01,1.513668870319240689e+00
-4.072499999999999787e+00,3.857143000000000210e+00,2.629369000000000067e+00,1.033329999999999949e+01,1.513668870319240689e+00
-4.067499999999999893e+00,3.857143000000000210e+00,2.629369000000000067e+00,1.033329999999999949e+01,1.513668870319240689e+00
-4.062500000000000000e+00,3.857143000000000210e+00,2.629369000000000067e+00,1.033329999999999949e+01,1.513668870319240689e+00
-4.057500000000000107e+00,3.857143000000000210e+00,2.629369000000000067e+00,1.033329999999999949e+01,1.513668870319240689e+00
-4.052500000000000213e+00,3.857143000000000210e+00,2.629369000000000067e+00,1.033329999999999949e+01,1.513668870319240689e+00
-4.047499999999999432e+00,3.857143000000000210e+00,2.629369000000000067e+00,1.033329999999999949e+01,1.513668870319240689e+00
-4.042499999999999538e+00,3.857143000000000210e+00,2.629369000000000067e+00,1.033329999999999949e+01,1.513668870319240689e+00
-4.037499999999999645e+00,3.857143000000000210e+00,2.629369000000000067e+00,1.033329999999999949e+01,1.513668870319240689e+00
-4.032499999999999751e+00,3.857143000000000210e+00,2.629369000000000067e+00,1.033329999999999949e+01,1.513668870319240689e+00
-4.027499999999999858e+00,3.857143000000000210e+00,2.629369000000000067e+00,1.033329999999999949e+01,1.513668870319240689e+00
-4.022499999999999964e+00,3.857143000000000210e+00,2.629369000000000067e+00,1.033329999999999949e+01,1.513668870319240689e+00
-4.017500000000000071e+00,3.857143000000000210e+00,2.629369000000000067e+00,1.033329999999999949e+01,1.513668870319240689e+00
-4.012499999999999289e+00,3.857143000000000210e+00,2.629369000000000067e+00,1.033329999999999949e+01,1.513668870319240689e+00
-4.007499999999999396e+00,3.857143000000000210e+00,2.629369000000000067e+00,1.033329999999999949e+01,1.513668870319240689e+00
-4.002499999999999503e+00,3.857142999999997546e+00,2.629369000000001400e+00,1.033329999999998883e+01,1.513668870319240689e+00
-3.997499999999999609e+00,3.857142999999995769e+00,2.629369000000002288e+00,1.033329999999998172e+01,1.513668870319240689e+00
-3.992499999999999716e+00,3.857142999999993993e+00,2.629369000000002732e+00,1.033329999999997817e+01,1.513668870319240689e+00
-3.987499999999999822e+00,3.857142999999992217e+00,2.629369000000003620e+00,1.033329999999996929e+01,1.513668870319240689e+00
-3.982499999999999929e+00,3.857142999999990440e+00,2.629369000000004508e+00,1.033329999999996573e+01,1.513668870319240689e+00
-3.977500000000000036e+00,3.857142999999986888e+00,2.629369000000006285e+00,1.033329999999995152e+01,1.513668870319240689e+00
-3.972499999999999698e+00,3.857142999999968236e+00,2.629369000000016943e+00,1.033329999999990179e+01,1.513668870319240689e+00
-3.967499999999999805e+00,3.857142999999966904e+00,2.629369000000017387e+00,1.033329999999989823e+01,1.513668870319240689e+00
-3.962499999999999467e+00,3.857142999999968680e+00,2.629369000000017387e+00,1.033329999999990356e+01,1.513668870319240689e+00
-3.957499999999999574e+00,3.857142999999970900e+00,2.629369000000016054e+00,1.033329999999992133e+01,1.513668870319240689e+00
-3.952499999999999680e+00,3.857142999999972233e+00,2.629369000000015610e+00,1.033329999999993198e+01,1.513668870319240689e+00
-3.947499999999999787e+00,3.857142999999975341e+00,2.629369000000014278e+00,1.033329999999994442e+01,1.513668870319240689e+00
-3.942499999999999893e+00,3.857142999999979782e+00,2.629369000000011614e+00,1.033329999999996041e+01,1.513668870319240689e+00
-3.937500000000000000e+00,3.857142999999980226e+00,2.629369000000011614e+00,1.033329999999996396e+01,1.513668870319240689e+00
-3.932499999999999662e+00,3.857142999999981114e+00,2.629369000000011170e+00,1.033329999999996929e+01,1.513668870319240689e+00
-3.927499999999999769e+00,3.857142999999982447e+00,2.629369000000010725e+00,1.033329999999997462e+01,1.513668870319240689e+00
-3.922499999999999876e+00,3.857142999999983779e+00,2.629369000000010281e+00,1.033329999999997995e+01,1.513668870319240689e+00
-3.917499999999999538e+00,3.857142999999985999e+00,2.629369000000009393e+00,1.033329999999998883e+01,1.513668870319240689e+00
-3.912499999999999645e+00,3.857142999999988664e+00,2.629369000000008061e+00,1.033330000000000304e+01,1.513668870319240689e+00
-3.907499999999999751e+00,3.857142999999990440e+00,2.629369000000007173e+00,1.033330000000000837e+01,1.513668870319240689e+00
-3.902499999999999858e+00,3.857142999999992217e+00,2.629369000000006285e+00,1.033330000000001547e+01,1.513668870319240689e+00
-3.897499999999999964e+00,3.857142999999994437e+00,2.629369000000005396e+00,1.033330000000002258e+01,1.513668870319240689e+00
-3.892500000000000071e+00,3.857142999999996658e+00,2.629369000000004064e+00,1.033330000000002968e+01,1.513668870319240689e+00
-3.887499999999999734e+00,3.857142999999998434e+00,2.629369000000003620e+00,1.033330000000003501e+01,1.513668870319240689e+00
-3.882499999999999840e+00,3.857143000000000654e+00,2.629369000000002288e+00,1.033330000000004389e+01,1.513668870319240689e+00
-3.877499999999999503e+00,3.857143000000002875e+00,2.629369000000001400e+00,1.033330000000004922e+01,1.513668870319240689e+00
-3.872499999999999609e+00,3.857143000000004207e+00,2.629369000000000955e+00,1.033330000000005455e+01,1.513668870319240689e+00
-3.867499999999999716e+00,3.857143000000005983e+00,2.629369000000000067e+00,1.033330000000006343e+01,1.513668870319240689e+00
-3.862499999999999822e+00,3.857143000000007316e+00,2.629368999999999623e+00,1.033330000000006876e+01,1.513668870319240689e+00
-3.857499999999999929e+00,3.857143000000009980e+00,2.629368999999998291e+00,1.033330000000007765e+01,1.513668870319240689e+00
-3.852500000000000036e+00,3.857143000000011757e+00,2.629368999999997403e+00,1.033330000000008653e+01,1.513668870319240689e+00
-3.847499999999999698e+00,3.857143000000013977e+00,2.629368999999996515e+00,1.033330000000009363e+01,1.513668870319240689e+00
-3.842499999999999805e+00,3.857143000000014865e+00,2.629368999999996515e+00,1.033330000000009541e+01,1.513668870319240689e+00
-3.837499999999999467e+00,3.857143000000016198e+00,2.629368999999996070e+00,1.033330000000010074e+01,1.513668870319240689e+00
-3.832499999999999574e+00,3.857143000000017530e+00,2.629368999999995626e+00,1.033330000000010607e+01,1.513668870319240689e+00
-3.827499999999999680e+00,3.857143000000018862e+00,2.629368999999995182e+00,1.033330000000011317e+01,1.513668870319240689e+00
-3.822499999999999787e+00,3.857143000000019750e+00,2.629368999999994738e+00,1.033330000000011495e+01,1.513668870319240689e+00
-3.817499999999999893e+00,3.857143000000022415e+00,2.629368999999993406e+00,1.033330000000012561e+01,1.513668870319240689e+00
-3.812500000000000000e+00,3.857143000000028632e+00,2.629368999999989853e+00,1.033330000000015403e+01,1.513668870319240689e+00
-3.807500000000000107e+00,3.857143000000030408e+00,2.629368999999988965e+00,1.033330000000015936e+01,1.513668870319240689e+00
-3.802499999999999769e+00,3.857143000000032629e+00,2.629368999999988521e+00,1.033330000000016469e+01,1.513668870319240689e+00
-3.797499999999999876e+00,3.857143000000038402e+00,2.629368999999984968e+00,1.033330000000019488e+01,1.513668870319240689e+00
-3.792499999999999538e+00,3.857143000000041511e+00,2.629368999999983192e+00,1.033330000000020732e+01,1.513668870319240689e+00
-3.787499999999999645e+00,3.857143000000043731e+00,2.629368999999981860e+00,1.033330000000022153e+01,1.513668870319240689e+00
-3.782499999999999751e+00,3.857143000000044619e+00,2.629368999999981416e+00,1.033330000000022864e+01,1.513668870319240689e+00
-3.777499999999999858e+00,3.857143000000045063e+00,2.629368999999981416e+00,1.033330000000023929e+01,1.513668870319240689e+00
-3.772499999999999964e+00,3.857143000000046840e+00,2.629368999999980527e+00,1.033330000000025350e+01,1.513668870319240689e+00
-3.767500000000000071e+00,3.857143000000048616e+00,2.629368999999979195e+00,1.033330000000026239e+01,1.513668870319240689e+00
-3.762499999999999734e+00,3.857143000000049060e+00,2.629368999999979639e+00,1.033330000000025883e+01,1.513668870319240689e+00
-3.757499999999999840e+00,3.857143000000049504e+00,2.629368999999979639e+00,1.033330000000026239e+01,1.513668870319240689e+00
-3.752499999999999503e+00,3.857143000000049060e+00,2.629368999999980527e+00,1.033330000000025883e+01,1.513668870319240689e+00
-3.747499999999999609e+00,3.857143000000050392e+00,2.629368999999980083e+00,1.033330000000026416e+01,1.513668870319240689e+00
-3.742499999999999716e+00,3.857143000000055277e+00,2.629368999999978751e+00,1.033330000000027837e+01,1.513668870319240689e+00
-3.737499999999999822e+00,3.857143000000059718e+00,2.629368999999977419e+00,1.033330000000029614e+01,1.513668870319240689e+00
-3.732499999999999929e+00,3.857143000000059274e+00,2.629368999999978307e+00,1.033330000000029258e+01,1.513668870319240689e+00
-3.727500000000000036e+00,3.857143000000061495e+00,2.629368999999976975e+00,1.033330000000030502e+01,1.513668870319240689e+00
-3.722499999999999698e+00,3.857143000000063271e+00,2.629368999999976531e+00,1.033330000000031390e+01,1.513668870319240689e+00
-3.717499999999999805e+00,3.857143000000067268e+00,2.629368999999973422e+00,1.033330000000033877e+01,1.513668870319240689e+00
-3.712499999999999911e+00,3.857143000000067712e+00,2.629368999999973866e+00,1.033330000000033877e+01,1.513668870319240689e+00
-3.707499999999999574e+00,3.857143000000067268e+00,2.629368999999974310e+00,1.033330000000033699e+01,1.513668870319240689e+00
-3.702499999999999680e+00,3.857143000000065491e+00,2.629368999999976086e+00,1.033330000000033344e+01,1.513668870319240689e+00
-3.697499999999999787e+00,3.857143000000066824e+00,2.629368999999975642e+00,1.033330000000033522e+01,1.513668870319240689e+00
-3.692499999999999893e+00,3.857143000000073485e+00,2.629368999999972090e+00,1.033330000000035831e+01,1.513668870319240689e+00
-3.687500000000000000e+00,3.857143000000074817e+00,2.629368999999972090e+00,1.033330000000036186e+01,1.513668870319240689e+00
-3.682500000000000107e+00,3.857143000000074373e+00,2.629368999999972978e+00,1.033330000000035831e+01,1.513668870319240689e+00
-3.677499999999999769e+00,3.857143000000073485e+00,2.629368999999973866e+00,1.033330000000035653e+01,1.513668870319240689e+00
-3.672499999999999876e+00,3.857143000000075261e+00,2.629368999999973422e+00,1.033330000000036364e+01,1.513668870319240689e+00
-3.667499999999999538e+00,3.857143000000078370e+00,2.629368999999972534e+00,1.033330000000037074e+01,1.513668870319240689e+00
-3.662499999999999645e+00,3.857143000000077038e+00,2.629368999999974310e+00,1.033330000000036364e+01,1.513668870319240689e+00
-3.657499999999999751e+00,3.857143000000075261e+00,2.629368999999976086e+00,1.033330000000035831e+01,1.513668870319240689e+00
-3.652499999999999858e+00,3.857143000000073929e+00,2.629368999999977419e+00,1.033330000000035298e+01,1.513668870319240689e+00
-3.647499999999999964e+00,3.857143000000073485e+00,2.629368999999978307e+00,1.033330000000034943e+01,1.513668870319240689e+00
-3.642500000000000071e+00,3.857143000000075705e+00,2.629368999999976975e+00,1.033330000000036186e+01,1.513668870319240689e+00
-3.637499999999999734e+00,3.857143000000077038e+00,2.629368999999976531e+00,1.033330000000037252e+01,1.513668870319240689e+00
-3.632499999999999840e+00,3.857143000000079258e+00,2.629368999999975642e+00,1.033330000000037607e+01,1.513668870319240689e+00
-3.627499999999999503e+00,3.857143000000079702e+00,2.629368999999975642e+00,1.033330000000037785e+01,1.513668870319240689e+00
-3.622499999999999609e+00,3.857143000000079702e+00,2.629368999999976086e+00,1.033330000000037607e+01,1.513668870319240689e+00
-3.617499999999999716e+00,3.857143000000081923e+00,2.629368999999975198e+00,1.033330000000038140e+01,1.513668870319240689e+00
-3.612499999999999822e+00,3.857143000000082811e+00,2.629368999999975198e+00,1.033330000000038496e+01,1.513668870319240689e+00
-3.607499999999999929e+00,3.857143000000093469e+00,2.629368999999969425e+00,1.033330000000042403e+01,1.513668870319240689e+00
-3.602500000000000036e+00,3.857143000000119670e+00,2.629368999999952550e+00,1.033330000000052884e+01,1.513668870319240689e+00
-3.597500000000000142e+00,3.857143000000138766e+00,2.629368999999942336e+00,1.033330000000060167e+01,1.513668870319240689e+00
-3.592499999999999805e+00,3.857143000000148980e+00,2.629368999999936118e+00,1.033330000000065318e+01,1.513668870319240689e+00
-3.587499999999999911e+00,3.857143000000150312e+00,2.629368999999937007e+00,1.033330000000064963e+01,1.513668870319240689e+00
-3.582499999999999574e+00,3.857143000000151645e+00,2.629368999999935674e+00,1.033330000000065674e+01,1.513668870319240689e+00
-3.577499999999999680e+00,3.857143000000152089e+00,2.629368999999936118e+00,1.033330000000065674e+01,1.513668870319240689e+00
-3.572499999999999787e+00,3.857143000000154753e+00,2.629368999999934786e+00,1.033330000000066740e+01,1.513668870319240689e+00
-3.567499999999999893e+00,3.857143000000155642e+00,2.629368999999934342e+00,1.033330000000067095e+01,1.513668870319240689e+00
-3.562500000000000000e+00,3.857143000000157418e+00,2.629368999999933898e+00,1.033330000000067628e+01,1.513668870319240689e+00
-3.557500000000000107e+00,3.857143000000174293e+00,2.629368999999924128e+00,1.033330000000074556e+01,1.513668870319240689e+00
-3.552499999999999769e+00,3.857143000000191613e+00,2.629368999999914802e+00,1.033330000000080418e+01,1.513668870319240689e+00
-3.547499999999999876e+00,3.857143000000192057e+00,2.629368999999915246e+00,1.033330000000080418e+01,1.513668870319240689e+00
-3.542499999999999538e+00,3.857143000000192501e+00,2.629368999999915246e+00,1.033330000000080773e+01,1.513668870319240689e+00
-3.537499999999999645e+00,3.857143000000190280e+00,2.629368999999917023e+00,1.033330000000079885e+01,1.513668870319240689e+00
-3.532499999999999751e+00,3.857143000000191613e+00,2.629368999999916579e+00,1.033330000000080062e+01,1.513668870319240689e+00
-3.527499999999999858e+00,3.857143000000191613e+00,2.629368999999917023e+00,1.033330000000079885e+01,1.513668870319240689e+00
-3.522499999999999964e+00,3.857143000000194277e+00,2.629368999999915690e+00,1.033330000000081128e+01,1.513668870319240689e+00
-3.517500000000000071e+00,3.857143000000195610e+00,2.629368999999915246e+00,1.033330000000081483e+01,1.513668870319240689e+00
-3.512499999999999734e+00,3.857143000000194721e+00,2.629368999999916134e+00,1.033330000000081306e+01,1.513668870319240689e+00
-3.507499999999999840e+00,3.857143000000192501e+00,2.629368999999918355e+00,1.033330000000079352e+01,1.513668870319240689e+00
-3.502499999999999947e+00,3.857143000000192057e+00,2.629368999999918355e+00,1.033330000000079352e+01,1.513668870319240689e+00
-3.497499999999999609e+00,3.857143000000193833e+00,2.629368999999917911e+00,1.033330000000079707e+01,1.513668870319240689e+00
-3.492499999999999716e+00,3.857143000000192945e+00,2.629368999999918799e+00,1.033330000000079707e+01,1.513668870319240689e+00
-3.487499999999999822e+00,3.857143000000195165e+00,2.629368999999917911e+00,1.033330000000080240e+01,1.513668870319240689e+00
-3.482499999999999929e+00,3.857143000000196942e+00,2.629368999999917023e+00,1.033330000000080950e+01,1.513668870319240689e+00
-3.477500000000000036e+00,3.857143000000199162e+00,2.629368999999916134e+00,1.033330000000081483e+01,1.513668870319240689e+00
-3.472500000000000142e+00,3.857143000000201383e+00,2.629368999999914802e+00,1.033330000000082372e+01,1.513668870319240689e+00
-3.467499999999999805e+00,3.857143000000203603e+00,2.629368999999913914e+00,1.033330000000082904e+01,1.513668870319240689e+00
-3.462499999999999911e+00,3.857143000000206268e+00,2.629368999999912582e+00,1.033330000000084148e+01,1.513668870319240689e+00
-3.457499999999999574e+00,3.857143000000208488e+00,2.629368999999911249e+00,1.033330000000085391e+01,1.513668870319240689e+00
-3.452499999999999680e+00,3.857143000000208932e+00,2.629368999999911694e+00,1.033330000000085391e+01,1.513668870319240689e+00
-3.447499999999999787e+00,3.857143000000213373e+00,2.629368999999909473e+00,1.033330000000088766e+01,1.513668870319240689e+00
-3.442499999999999893e+00,3.857143000000215594e+00,2.629368999999908585e+00,1.033330000000089477e+01,1.513668870319240689e+00
-3.437500000000000000e+00,3.857143000000215594e+00,2.629368999999909029e+00,1.033330000000089299e+01,1.513668870319240689e+00
-3.432500000000000107e+00,3.857143000000217370e+00,2.629368999999908141e+00,1.033330000000089832e+01,1.513668870319240689e+00
-3.427499999999999769e+00,3.857143000000218702e+00,2.629368999999907697e+00,1.033330000000090365e+01,1.513668870319240689e+00
-3.422499999999999876e+00,3.857143000000219590e+00,2.629368999999907697e+00,1.033330000000090720e+01,1.513668870319240689e+00
-3.417499999999999538e+00,3.857143000000218702e+00,2.629368999999908585e+00,1.033330000000090365e+01,1.513668870319240689e+00
-3.412499999999999645e+00,3.857143000000220923e+00,2.629368999999907697e+00,1.033330000000091076e+01,1.513668870319240689e+00
-3.407499999999999751e+00,3.857143000000223587e+00,2.629368999999906364e+00,1.033330000000092674e+01,1.513668870319240689e+00
-3.402499999999999858e+00,3.857143000000225808e+00,2.629368999999905032e+00,1.033330000000094273e+01,1.513668870319240689e+00
-3.397499999999999964e+00,3.857143000000227584e+00,2.629368999999904588e+00,1.033330000000094628e+01,1.513668870319240689e+00
-3.392500000000000071e+00,3.857143000000229804e+00,2.629368999999903256e+00,1.033330000000095517e+01,1.513668870319240689e+00
-3.387500000000000178e+00,3.857143000000231581e+00,2.629368999999902368e+00,1.033330000000096405e+01,1.513668870319240689e+00
-3.382499999999999840e+00,3.857143000000233357e+00,2.629368999999901924e+00,1.033330000000096938e+01,1.513668870319240689e+00
-3.377499999999999947e+00,3.857143000000236466e+00,2.629368999999900147e+00,1.033330000000097826e+01,1.513668870319240689e+00
-3.372499999999999609e+00,3.857143000000238242e+00,2.629368999999899259e+00,1.033330000000098714e+01,1.513668870319240689e+00
-3.367499999999999716e+00,3.857143000000240907e+00,2.629368999999897927e+00,1.033330000000099780e+01,1.513668870319240689e+00
-3.362499999999999822e+00,3.857143000000243127e+00,2.629368999999897039e+00,1.033330000000100490e+01,1.513668870319240689e+00
-3.357499999999999929e+00,3.857143000000244903e+00,2.629368999999895706e+00,1.033330000000101911e+01,1.513668870319240689e+00
-3.352500000000000036e+00,3.857143000000259114e+00,2.629368999999886825e+00,1.033330000000107773e+01,1.513668870319240689e+00
-3.347500000000000142e+00,3.857143000000277322e+00,2.629368999999876610e+00,1.033330000000113991e+01,1.513668870319240689e+00
-3.342499999999999805e+00,3.857143000000291977e+00,2.629368999999867729e+00,1.033330000000119497e+01,1.513668870319240689e+00
-3.337499999999999911e+00,3.857143000000300415e+00,2.629368999999863732e+00,1.033330000000122872e+01,1.513668870319240689e+00
-3.332499999999999574e+00,3.857143000000305300e+00,2.629368999999861511e+00,1.033330000000124826e+01,1.513668870319240689e+00
-3.327499999999999680e+00,3.857143000000309296e+00,2.629368999999859291e+00,1.033330000000127136e+01,1.513668870319240689e+00
-3.322499999999999787e+00,3.857143000000309296e+00,2.629368999999859291e+00,1.033330000000127313e+01,1.513668870319240689e+00
-3.317499999999999893e+00,3.857143000000310185e+00,2.629368999999859291e+00,1.033330000000127491e+01,1.513668870319240689e+00
-3.312500000000000000e+00,3.857143000000313293e+00,2.629368999999858403e+00,1.033330000000128024e+01,1.513668870319240689e+00
-3.307500000000000107e+00,3.857143000000320843e+00,2.629368999999853518e+00,1.033330000000132820e+01,1.513668870319240689e+00
-3.302499999999999769e+00,3.857143000000322175e+00,2.629368999999854850e+00,1.033330000000132998e+01,1.513668870319240689e+00
-3.297499999999999876e+00,3.857143000000327504e+00,2.629368999999853962e+00,1.033330000000134419e+01,1.513668870319240689e+00
-3.292499999999999538e+00,3.857143000000330169e+00,2.629368999999852630e+00,1.033330000000136373e+01,1.513668870319240689e+00
-3.287499999999999645e+00,3.857143000000331057e+00,2.629368999999852186e+00,1.033330000000137616e+01,1.513668870319240689e+00
-3.282499999999999751e+00,3.857143000000332833e+00,2.629368999999851297e+00,1.033330000000138149e+01,1.513668870319240689e+00
-3.277499999999999858e+00,3.857143000000332833e+00,2.629368999999851297e+00,1.033330000000138504e+01,1.513668870319240689e+00
-3.272499999999999964e+00,3.857143000000334165e+00,2.629368999999850853e+00,1.033330000000138682e+01,1.513668870319240689e+00
-3.267500000000000071e+00,3.857143000000340383e+00,2.629368999999847745e+00,1.033330000000142057e+01,1.513668870319240689e+00
-3.262500000000000178e+00,3.857143000000341271e+00,2.629368999999849077e+00,1.033330000000142412e+01,1.513668870319240689e+00
-3.257499999999999840e+00,3.857143000000352817e+00,2.629368999999844636e+00,1.033330000000145787e+01,1.513668870319240689e+00
-3.252499999999999947e+00,3.857143000000352817e+00,2.629368999999845524e+00,1.033330000000147209e+01,1.513668870319240689e+00
-3.247499999999999609e+00,3.857143000000350153e+00,2.629368999999847745e+00,1.033330000000146676e+01,1.513668870319240689e+00
-3.242499999999999716e+00,3.857143000000353705e+00,2.629368999999845524e+00,1.033330000000148630e+01,1.513668870319240689e+00
-3.237499999999999822e+00,3.857143000000353705e+00,2.629368999999845524e+00,1.033330000000150051e+01,1.513668870319240689e+00
-3.232499999999999929e+00,3.857143000000355038e+00,2.629368999999845080e+00,1.033330000000151472e+01,1.513668870319240689e+00
-3.227500000000000036e+00,3.857143000000355926e+00,2.629368999999845080e+00,1.033330000000153248e+01,1.513668870319240689e+00
-3.222500000000000142e+00,3.857143000000359034e+00,2.629368999999843748e+00,1.033330000000155557e+01,1.513668870319240689e+00
-3.217499999999999805e+00,3.857143000000363919e+00,2.629368999999843748e+00,1.033330000000156268e+01,1.513668870319240689e+00
-3.212499999999999911e+00,3.857143000000368360e+00,2.629368999999841527e+00,1.033330000000157156e+01,1.513668870319240689e+00
-3.207499999999999574e+00,3.857143000000366584e+00,2.629368999999842860e+00,1.033330000000157156e+01,1.513668870319240689e+00
-3.202499999999999680e+00,3.857143000000367028e+00,2.629368999999842860e+00,1.033330000000157334e+01,1.513668870319240689e+00
-3.197499999999999787e+00,3.857143000000373689e+00,2.629368999999839307e+00,1.033330000000159998e+01,1.513668870319240689e+00
-3.192499999999999893e+00,3.857143000000378130e+00,2.629368999999837087e+00,1.033330000000162308e+01,1.513668870319240689e+00
-3.187500000000000000e+00,3.857143000000381239e+00,2.629368999999835754e+00,1.033330000000164972e+01,1.513668870319240689e+00
-3.182500000000000107e+00,3.857143000000382127e+00,2.629368999999834866e+00,1.033330000000166393e+01,1.513668870319240689e+00
-3.177500000000000213e+00,3.857143000000381683e+00,2.629368999999837087e+00,1.033330000000166216e+01,1.513668870319240689e+00
-3.172499999999999876e+00,3.857143000000386568e+00,2.629368999999835310e+00,1.033330000000166748e+01,1.513668870319240689e+00
-3.167499999999999982e+00,3.857143000000388788e+00,2.629368999999833978e+00,1.033330000000167637e+01,1.513668870319240689e+00
-3.162499999999999645e+00,3.857143000000391009e+00,2.629368999999833090e+00,1.033330000000168347e+01,1.513668870319240689e+00
-3.157499999999999751e+00,3.857143000000393229e+00,2.629368999999832202e+00,1.033330000000168880e+01,1.513668870319240689e+00
-3.152499999999999858e+00,3.857143000000395450e+00,2.629368999999830869e+00,1.033330000000169946e+01,1.513668870319240689e+00
-3.147499999999999964e+00,3.857143000000397670e+00,2.629368999999829981e+00,1.033330000000170834e+01,1.513668870319240689e+00
-3.142500000000000071e+00,3.857143000000399891e+00,2.629368999999828649e+00,1.033330000000172078e+01,1.513668870319240689e+00
-3.137500000000000178e+00,3.857143000000402111e+00,2.629368999999827761e+00,1.033330000000172610e+01,1.513668870319240689e+00
-3.132499999999999840e+00,3.857143000000404331e+00,2.629368999999826872e+00,1.033330000000173499e+01,1.513668870319240689e+00
-3.127499999999999947e+00,3.857143000000407440e+00,2.629368999999825096e+00,1.033330000000174564e+01,1.513668870319240689e+00
-3.122499999999999609e+00,3.857143000000409661e+00,2.629368999999824208e+00,1.033330000000175453e+01,1.513668870319240689e+00
-3.117499999999999716e+00,3.857143000000411437e+00,2.629368999999823320e+00,1.033330000000176163e+01,1.513668870319240689e+00
-3.112499999999999822e+00,3.857143000000413657e+00,2.629368999999821988e+00,1.033330000000177051e+01,1.513668870319240689e+00
-3.107499999999999929e+00,3.857143000000415878e+00,2.629368999999821099e+00,1.033330000000177762e+01,1.513668870319240689e+00
-3.102500000000000036e+00,3.857143000000418098e+00,2.629368999999820211e+00,1.033330000000178472e+01,1.513668870319240689e+00
-3.097500000000000142e+00,3.857143000000419875e+00,2.629368999999819323e+00,1.033330000000179183e+01,1.513668870319240689e+00
-3.092499999999999805e+00,3.857143000000422539e+00,2.629368999999818435e+00,1.033330000000179894e+01,1.513668870319240689e+00
-3.087499999999999911e+00,3.857143000000643696e+00,2.629368999999708301e+00,1.033330000000263027e+01,1.513668870319240689e+00
-3.082499999999999574e+00,3.857143000001244104e+00,2.629368999999404988e+00,1.033330000000488269e+01,1.513668870319240689e+00
-3.077499999999999680e+00,3.857143000001566957e+00,2.629368999999242451e+00,1.033330000000610482e+01,1.513668870319240689e+00
-3.072499999999999787e+00,3.857143000001616251e+00,2.629368999999218026e+00,1.033330000000628246e+01,1.513668870319240689e+00
-3.067499999999999893e+00,3.857143000004906508e+00,2.629368999997567791e+00,1.033330000001861038e+01,1.513668870319240689e+00
-3.062500000000000000e+00,3.857143000017694057e+00,2.629368999991146261e+00,1.033330000006658445e+01,1.513668870319240689e+00
-3.057500000000000107e+00,3.857143000030118785e+00,2.629368999984908140e+00,1.033330000011318361e+01,1.513668870319240689e+00
-3.052500000000000213e+00,3.857143000032069668e+00,2.629368999983929811e+00,1.033330000012049510e+01,1.513668870319240689e+00
-3.047499999999999876e+00,3.857143000010592182e+00,2.629368999994713185e+00,1.033330000003994442e+01,1.513668870319240689e+00
-3.042499999999999982e+00,3.857142999366063307e+00,2.629369000318327654e+00,1.033329999762256257e+01,1.513668870319240689e+00
-3.037499999999999645e+00,3.857142998035724357e+00,2.629369000986282678e+00,1.033329999263298582e+01,1.513668870319240689e+00
-3.032499999999999751e+00,3.857142997333134371e+00,2.629369001339045386e+00,1.033329998999786348e+01,1.513668870319240689e+00
-3.027499999999999858e+00,3.857142996967888315e+00,2.629369001522432470e+00,1.033329998862797794e+01,1.513668870319240689e+00
-3.022499999999999964e+00,3.857142956652782395e+00,2.629369021764426773e+00,1.033329983742177482e+01,1.513668870319240689e+00
-3.017500000000000071e+00,3.857142711404928370e+00,2.629369144901824384e+00,1.033329891759432329e+01,1.513668870319240689e+00
-3.012500000000000178e+00,3.857142379344130401e+00,2.629369311627580696e+00,1.033329767216512884e+01,1.513668870319240689e+00
-3.007499999999999840e+00,3.857142226963564902e+00,2.629369388136905794e+00,1.033329710064611362e+01,1.513668870319240689e+00
-3.002499999999999947e+00,3.857142183953043091e+00,2.629369409732219331e+00,1.033329693933071702e+01,1.513668870319240689e+00
-2.997499999999999609e+00,3.857137813526435810e+00,2.629371604112933802e+00,1.033328054754088399e+01,1.513668870319240689e+00
-2.992499999999999716e+00,3.857110684955220581e+00,2.629385225209700305e+00,1.033317879934463512e+01,1.513668870319240689e+00
-2.987499999999999822e+00,3.857067468295033663e+00,2.629406924347141850e+00,1.033301671130376675e+01,1.513668870319240689e+00
-2.982499999999999929e+00,3.857033784473077098e+00,2.629423836992125896e+00,1.033289037854515691e+01,1.513668870319240689e+00
-2.977500000000000036e+00,3.857025676340819942e+00,2.629427908139121417e+00,1.033285996826032083e+01,1.513668870319240689e+00
-2.972499999999999698e+00,3.857016174283015797e+00,2.629432679138878015e+00,1.033282433049237525e+01,1.513668870319240689e+00
-2.967499999999999805e+00,3.856642194402963852e+00,2.629620454736974811e+00,1.033142177659576255e+01,1.513668870319240689e+00
-2.962499999999999911e+00,3.855292270827725076e+00,2.630298397846965397e+00,1.032635941012694936e+01,1.513668870319240689e+00
-2.957500000000000018e+00,3.852839893652430625e+00,2.631530481806235056e+00,1.031716457322642100e+01,1.513668870319240689e+00
-2.952500000000000124e+00,3.849432608550118484e+00,2.633243353105251039e+00,1.030439336261933470e+01,1.513668870319240689e+00
-2.947499999999999787e+00,3.845331716532099264e+00,2.635306526672211547e+00,1.028902830711616723e+01,1.513668870319240689e+00
-2.942499999999999893e+00,3.840785697960861444e+00,2.637595719339862033e+00,1.027200304129166142e+01,1.513668870319240689e+00
-2.937500000000000000e+00,3.835976296306010891e+00,2.640019914558942027e+00,1.025400008921555894e+01,1.513668870319240689e+00
-2.932500000000000107e+00,3.831016117682117805e+00,2.642522665448930219e+00,1.023544215576247041e+01,1.513668870319240689e+00
-2.927499999999999769e+00,3.825967654056640299e+00,2.645072629588269830e+00,1.021656376447755044e+01,1.513668870319240689e+00
-2.922499999999999876e+00,3.820863941444563316e+00,2.647653238846839230e+00,1.019748889328986508e+01,1.513668870319240689e+00
-2.917499999999999982e+00,3.815722941378970834e+00,2.650255491242042627e+00,1.017828496105475722e+01,1.513668870319240689e+00
-2.912500000000000089e+00,3.810555213848506373e+00,2.652874100334014607e+00,1.015899161612288992e+01,1.513668870319240689e+00
-2.907499999999999751e+00,3.805367441781995819e+00,2.655505725904097059e+00,1.013963395854923100e+01,1.513668870319240689e+00
-2.902499999999999858e+00,3.800164404913337624e+00,2.658147979958757734e+00,1.012022994117844377e+01,1.513668870319240689e+00
-2.897499999999999964e+00,3.794950476349600699e+00,2.660798670899052087e+00,1.010079595998033497e+01,1.513668870319240689e+00
-2.892500000000000071e+00,3.789730007436029169e+00,2.663455607139170844e+00,1.008134829984921055e+01,1.513668870319240689e+00
-2.887499999999999734e+00,3.784505847620156072e+00,2.666117354694601094e+00,1.006189760965241220e+01,1.513668870319240689e+00
-2.882499999999999840e+00,3.779277665283006904e+00,2.668784095579591842e+00,1.004244269525928246e+01,1.513668870319240689e+00
-2.877499999999999947e+00,3.774043792296995825e+00,2.671456697564116300e+00,1.002297737951614209e+01,1.513668870319240689e+00
-2.872500000000000053e+00,3.768807152691087126e+00,2.674133681477605773e+00,1.000351258429128087e+01,1.513668870319240689e+00
-2.867499999999999716e+00,3.763577838911695839e+00,2.676809890696314032e+00,9.984085812159039008e+00,1.513668870319240689e+00
-2.862499999999999822e+00,3.758361489941692390e+00,2.679482432595468033e+00,9.964717954623186102e+00,1.513668870319240689e+00
-2.857499999999999929e+00,3.753144262118544905e+00,2.682158394013058000e+00,9.945357564144712725e+00,1.513668870319240689e+00
-2.852500000000000036e+00,3.747907284248679805e+00,2.684847479448128738e+00,9.925934758192241247e+00,1.513668870319240689e+00
-2.847500000000000142e+00,3.742664911356794466e+00,2.687542342617677882e+00,9.906502734483570549e+00,1.513668870319240689e+00
-2.842499999999999805e+00,3.737453930102263566e+00,2.690224071643188442e+00,9.887198019060770449e+00,1.513668870319240689e+00
-2.837499999999999911e+00,3.732265852879854684e+00,2.692896966691843641e+00,9.867988607093415965e+00,1.513668870319240689e+00
-2.832500000000000018e+00,3.727058091641823445e+00,2.695583076097512798e+00,9.848717123442520816e+00,1.513668870319240689e+00
-2.827500000000000124e+00,3.721868207257224004e+00,2.698262767237776583e+00,9.829522898430997913e+00,1.513668870319240689e+00
-2.822499999999999787e+00,3.716747863278981434e+00,2.700909694414996842e+00,9.810595665026532686e+00,1.513668870319240689e+00
-2.817499999999999893e+00,3.711518506983671362e+00,2.703615977161265782e+00,9.791276400957201531e+00,1.513668870319240689e+00
-2.812500000000000000e+00,3.706052223199731710e+00,2.706447702637230890e+00,9.771094777022604205e+00,1.513668870319240689e+00
-2.807500000000000107e+00,3.700862797816548699e+00,2.709140017087714458e+00,9.751943165422709114e+00,1.513668870319240689e+00
-2.802499999999999769e+00,3.696366492809664006e+00,2.711473964107323553e+00,9.735363068306080336e+00,1.513668870319240689e+00
-2.797499999999999876e+00,3.691398668149346474e+00,2.714056445082847269e+00,9.717048452988155560e+00,1.513668870319240689e+00
-2.792499999999999982e+00,3.684945559084321420e+00,2.717415299327561762e+00,9.693271538997578318e+00,1.513668870319240689e+00
-2.787500000000000089e+00,3.679317369088955125e+00,2.720348211392878301e+00,9.672556879553077636e+00,1.513668870319240689e+00
-2.782499999999999751e+00,3.676398736825290836e+00,2.721863803576255680e+00,9.661829128681162615e+00,1.513668870319240689e+00
-2.777499999999999858e+00,3.671797637539921944e+00,2.724285826606471339e+00,9.644846158369704270e+00,1.513668870319240689e+00
-2.772499999999999964e+00,3.662940190937663765e+00,2.728885940774812280e+00,9.612398034361653743e+00,1.513668870319240689e+00
-2.767500000000000071e+00,3.658922198549990235e+00,2.730988482829380892e+00,9.597617933723148198e+00,1.513668870319240689e+00
-2.762499999999999734e+00,3.665346097253423530e+00,2.727640721626279685e+00,9.621103457371114942e+00,1.513668870319240689e+00
-2.757499999999999840e+00,3.836128601672833316e+00,2.641218003107296486e+00,1.025564457080439063e+01,1.513668870319240689e+00
-2.752499999999999947e+00,4.032782173890422150e+00,2.540215990748789121e+00,1.097191556420099623e+01,1.513668870319240689e+00
-2.747500000000000053e+00,4.064223324125526560e+00,2.527289403748555596e+00,1.113084396630190120e+01,1.513668870319240689e+00
-2.742500000000000160e+00,4.064822319706368425e+00,2.527171451292712145e+00,1.113668372273672702e+01,1.513668870319240689e+00
-2.737499999999999822e+00,4.067053459450357344e+00,2.525936964166338505e+00,1.114505418217005150e+01,1.513668870319240689e+00
-2.732499999999999929e+00,4.071363118971046191e+00,2.523712520518615054e+00,1.115956258610282248e+01,1.513668870319240689e+00
-2.727500000000000036e+00,4.074693020546194866e+00,2.522060578662203234e+00,1.116696699230555545e+01,1.513668870319240689e+00
-2.722500000000000142e+00,4.077397453129714577e+00,2.520816888870186290e+00,1.116872841499381508e+01,1.513668870319240689e+00
-2.717499999999999805e+00,4.081110935609816082e+00,2.519871111568164679e+00,1.117138555897807883e+01,1.513668870319240689e+00
-2.712499999999999911e+00,4.085104691387098086e+00,2.519573965261286297e+00,1.117783894353645202e+01,1.513668870319240689e+00
-2.707500000000000018e+00,4.086981522309529602e+00,2.519683121660266867e+00,1.118532098048066281e+01,1.513668870319240689e+00
-2.702500000000000124e+00,4.085649075696441201e+00,2.519591180337181768e+00,1.118938669189418356e+01,1.513668870319240689e+00
-2.697499999999999787e+00,4.082395947745502518e+00,2.519078357869975360e+00,1.118831386253150306e+01,1.513668870319240689e+00
-2.692499999999999893e+00,4.079363788585784079e+00,2.518497503075581179e+00,1.118470726738006604e+01,1.513668870319240689e+00
-2.687500000000000000e+00,4.077978936663226861e+00,2.518280869502106611e+00,1.118246480692660860e+01,1.513668870319240689e+00
-2.682500000000000107e+00,4.078299513222197525e+00,2.518569462314752982e+00,1.118313402964363590e+01,1.513668870319240689e+00
-2.677499999999999769e+00,4.079282200122092306e+00,2.519202741548703717e+00,1.118550449558507864e+01,1.513668870319240689e+00
-2.672499999999999876e+00,4.079799364834546083e+00,2.519842107170654266e+00,1.118686569897392147e+01,1.513668870319240689e+00
-2.667499999999999982e+00,4.079337818832152074e+00,2.520133200334426782e+00,1.118450599556367209e+01,1.513668870319240689e+00
-2.662500000000000089e+00,4.078004906739240987e+00,2.519973194386576854e+00,1.117769667491452168e+01,1.513668870319240689e+00
-2.657499999999999751e+00,4.076469652659969967e+00,2.519674486688545212e+00,1.116904743051886761e+01,1.513668870319240689e+00
-2.652499999999999858e+00,4.075595401486021174e+00,2.519748577291646363e+00,1.116274840063380935e+01,1.513668870319240689e+00
-2.647499999999999964e+00,4.075635701873471461e+00,2.520444966524744590e+00,1.116061516207762416e+01,1.513668870319240689e+00
-2.642500000000000071e+00,4.076000361545421669e+00,2.521569116208199457e+00,1.116094516565636496e+01,1.513668870319240689e+00
-2.637500000000000178e+00,4.075850369012877117e+00,2.522664793164235419e+00,1.116032842087754240e+01,1.513668870319240689e+00
-2.632499999999999840e+00,4.074752354718026659e+00,2.523510464829125777e+00,1.115686325228056752e+01,1.513668870319240689e+00
-2.627499999999999947e+00,4.072945764606277663e+00,2.524108119368688730e+00,1.115062039716259790e+01,1.513668870319240689e+00
-2.622500000000000053e+00,4.071133624776043014e+00,2.524686693437828477e+00,1.114356491611379418e+01,1.513668870319240689e+00
-2.617500000000000160e+00,4.069764411636712431e+00,2.525447657117074307e+00,1.113737727132994237e+01,1.513668870319240689e+00
-2.612499999999999822e+00,4.068443338179221769e+00,2.526277604278332589e+00,1.113131620444051251e+01,1.513668870319240689e+00
-2.607499999999999929e+00,4.067024933209254733e+00,2.527149271567320721e+00,1.112506095578162935e+01,1.513668870319240689e+00
-2.602500000000000036e+00,4.065167477829957576e+00,2.528005992215124120e+00,1.111814610234180023e+01,1.513668870319240689e+00
-2.597500000000000142e+00,4.062743769295197538e+00,2.528732149862182865e+00,1.110967338795289905e+01,1.513668870319240689e+00
-2.592499999999999805e+00,4.060313076478856864e+00,2.529465936023368222e+00,1.110087279261155047e+01,1.513668870319240689e+00
-2.587499999999999911e+00,4.058058284477328748e+00,2.530389059040277999e+00,1.109277947679501963e+01,1.513668870319240689e+00
-2.582500000000000018e+00,4.055947883220291317e+00,2.531502338771541627e+00,1.108585112314782606e+01,1.513668870319240689e+00
-2.577500000000000124e+00,4.053625900687070072e+00,2.532733170961148694e+00,1.107968240834983220e+01,1.513668870319240689e+00
-2.572499999999999787e+00,4.050680440689450990e+00,2.533957456994473834e+00,1.107296728956997711e+01,1.513668870319240689e+00
-2.567499999999999893e+00,4.047134487009482307e+00,2.535025965775635548e+00,1.106454935148755858e+01,1.513668870319240689e+00
-2.562500000000000000e+00,4.043510385094331916e+00,2.535929381421225148e+00,1.105442194695289793e+01,1.513668870319240689e+00
-2.557500000000000107e+00,4.040487535708058964e+00,2.536811082545694873e+00,1.104368781892077145e+01,1.513668870319240689e+00
-2.552499999999999769e+00,4.038465962649105734e+00,2.537806755755712018e+00,1.103352259442948480e+01,1.513668870319240689e+00
-2.547499999999999876e+00,4.037365364609469154e+00,2.538968537732722464e+00,1.102403818696991777e+01,1.513668870319240689e+00
-2.542499999999999982e+00,4.036886279358343543e+00,2.540239941979640648e+00,1.101478540598443878e+01,1.513668870319240689e+00
-2.537500000000000089e+00,4.036626191141114539e+00,2.541529740783371238e+00,1.100550626567499357e+01,1.513668870319240689e+00
-2.532500000000000195e+00,4.035951329278073985e+00,2.542814783777263887e+00,1.099613099200128019e+01,1.513668870319240689e+00
-2.527499999999999858e+00,4.034147907788155685e+00,2.544119421251701318e+00,1.098667547587443316e+01,1.513668870319240689e+00
-2.522499999999999964e+00,4.030856416021580735e+00,2.545445893859604514e+00,1.097708413006903427e+01,1.513668870319240689e+00
-2.517500000000000071e+00,4.026347918220284150e+00,2.546766340732550038e+00,1.096706251029728563e+01,1.513668870319240689e+00
-2.512500000000000178e+00,4.021366399799005009e+00,2.548060750415708675e+00,1.095625206678910146e+01,1.513668870319240689e+00
-2.507499999999999840e+00,4.016684340564417255e+00,2.549347770838641836e+00,1.094460660906620753e+01,1.513668870319240689e+00
-2.502499999999999947e+00,4.012749164980446537e+00,2.550677656671323845e+00,1.093252182733693978e+01,1.513668870319240689e+00
-2.497500000000000053e+00,4.009603801174430160e+00,2.552088794465452448e+00,1.092056170328841525e+01,1.513668870319240689e+00
-2.492500000000000160e+00,4.006998351341595210e+00,2.553565676282488983e+00,1.090905170958800063e+01,1.513668870319240689e+00
-2.487499999999999822e+00,4.004591629299021349e+00,2.555039704786584931e+00,1.089795321436579734e+01,1.513668870319240689e+00
-2.482499999999999929e+00,4.002165538731714989e+00,2.556439395441446827e+00,1.088710397870107549e+01,1.513668870319240689e+00
-2.477500000000000036e+00,3.999732848151986708e+00,2.557747549199630654e+00,1.087652923352061407e+01,1.513668870319240689e+00
-2.472500000000000142e+00,3.997438157498564681e+00,2.559018162862220613e+00,1.086643792750378168e+01,1.513668870319240689e+00
-2.467499999999999805e+00,3.995340954811105849e+00,2.560336360640189657e+00,1.085691804064807187e+01,1.513668870319240689e+00
-2.462499999999999911e+00,3.993288728486553918e+00,2.561755341361399374e+00,1.084766843385538770e+01,1.513668870319240689e+00
-2.457500000000000018e+00,3.991020316159468173e+00,2.563272292894100968e+00,1.083811298289295522e+01,1.513668870319240689e+00
-2.452500000000000124e+00,3.988334653651294026e+00,2.564857092272374572e+00,1.082763777770868785e+01,1.513668870319240689e+00
-2.447499999999999787e+00,3.985093192826346442e+00,2.566445473260976939e+00,1.081573124051801749e+01,1.513668870319240689e+00
-2.442499999999999893e+00,3.981449401268828847e+00,2.568027375078533403e+00,1.080258733779985469e+01,1.513668870319240689e+00
-2.437500000000000000e+00,3.977604235290195689e+00,2.569601428983219193e+00,1.078873328738369253e+01,1.513668870319240689e+00
-2.432500000000000107e+00,3.973739492349648295e+00,2.571167984437160214e+00,1.077467600508210488e+01,1.513668870319240689e+00
-2.427500000000000213e+00,3.970004179745086681e+00,2.572719926188423045e+00,1.076084988969372169e+01,1.513668870319240689e+00
-2.422499999999999876e+00,3.966514156757754428e+00,2.574270174646425602e+00,1.074768694662595614e+01,1.513668870319240689e+00
-2.417499999999999982e+00,3.963360977922048001e+00,2.575866482449560291e+00,1.073567023230922679e+01,1.513668870319240689e+00
-2.412500000000000089e+00,3.960558968925188328e+00,2.577545260145950756e+00,1.072500677802562485e+01,1.513668870319240689e+00
-2.407500000000000195e+00,3.957924446506127847e+00,2.579262162356307453e+00,1.071515876791590749e+01,1.513668870319240689e+00
-2.402499999999999858e+00,3.955303180491439363e+00,2.580978815196425025e+00,1.070540686871955849e+01,1.513668870319240689e+00
-2.397499999999999964e+00,3.952545259859340909e+00,2.582664681967099973e+00,1.069497125104330415e+01,1.513668870319240689e+00
-2.392500000000000071e+00,3.949041820598100827e+00,2.584087560221105750e+00,1.068223804243816133e+01,1.513668870319240689e+00
-2.387500000000000178e+00,3.944951191512509503e+00,2.585291104938271634e+00,1.066719743529651510e+01,1.513668870319240689e+00
-2.382499999999999840e+00,3.940874062864193839e+00,2.586509146107749402e+00,1.065172688099197273e+01,1.513668870319240689e+00
-2.377499999999999947e+00,3.937410480206482433e+00,2.587984289151290085e+00,1.063787269228058641e+01,1.513668870319240689e+00
-2.372500000000000053e+00,3.934818839891870645e+00,2.589810547066733193e+00,1.062656758255462819e+01,1.513668870319240689e+00
-2.367500000000000160e+00,3.932844778762863314e+00,2.591883462099569879e+00,1.061714985508034559e+01,1.513668870319240689e+00
-2.362499999999999822e+00,3.930872109294036854e+00,2.593962922217783795e+00,1.060787992950727876e+01,1.513668870319240689e+00
-2.357499999999999929e+00,3.928288131211825629e+00,2.595818774466206680e+00,1.059705911967726699e+01,1.513668870319240689e+00
-2.352500000000000036e+00,3.924837638424398811e+00,2.597368926046829340e+00,1.058405585472874932e+01,1.513668870319240689e+00
-2.347500000000000142e+00,3.920736128891904482e+00,2.598714609708867584e+00,1.056958402893750737e+01,1.513668870319240689e+00
-2.342499999999999805e+00,3.916471430463641656e+00,2.600051824210734441e+00,1.055506200225259761e+01,1.513668870319240689e+00
-2.337499999999999911e+00,3.912459633636486078e+00,2.601531676164280160e+00,1.054157163429965394e+01,1.513668870319240689e+00
-2.332500000000000018e+00,3.908815272927302242e+00,2.603173352417277542e+00,1.052921336350292414e+01,1.513668870319240689e+00
-2.327500000000000124e+00,3.905369870375416053e+00,2.604881060481631927e+00,1.051724589152121503e+01,1.513668870319240689e+00
-2.322500000000000231e+00,3.901875640676933710e+00,2.606535402336554341e+00,1.050477525872007867e+01,1.513668870319240689e+00
-2.317499999999999893e+00,3.898225450901462885e+00,2.608088040324324730e+00,1.049145987982867290e+01,1.513668870319240689e+00
-2.312500000000000000e+00,3.894536266024751114e+00,2.609598668592798987e+00,1.047777089942661455e+01,1.513668870319240689e+00
-2.307500000000000107e+00,3.891041807044128387e+00,2.611188447488840048e+00,1.046462178002734156e+01,1.513668870319240689e+00
-2.302500000000000213e+00,3.887875021246572249e+00,2.612936244928917962e+00,1.045258510444155675e+01,1.513668870319240689e+00
-2.297499999999999876e+00,3.884919941685760492e+00,2.614799190080725033e+00,1.044129886003739216e+01,1.513668870319240689e+00
-2.292499999999999982e+00,3.881879246988234389e+00,2.616634516376588060e+00,1.042964522667396743e+01,1.513668870319240689e+00
-2.287500000000000089e+00,3.878513131784216750e+00,2.618314491094805074e+00,1.041663009661666095e+01,1.513668870319240689e+00
-2.282500000000000195e+00,3.874836369134863734e+00,2.619834708325591954e+00,1.040220676791664367e+01,1.513668870319240689e+00
-2.277499999999999858e+00,3.871105570335695578e+00,2.621322581385667760e+00,1.038733857866114185e+01,1.513668870319240689e+00
-2.272499999999999964e+00,3.867571456247802519e+00,2.622927295097424061e+00,1.037319937561851013e+01,1.513668870319240689e+00
-2.267500000000000071e+00,3.864469870267836171e+00,2.624780551703720821e+00,1.036061321543592229e+01,1.513668870319240689e+00
-2.262500000000000178e+00,3.861552257479159866e+00,2.626787926239603443e+00,1.034926027945966531e+01,1.513668870319240689e+00
-2.257499999999999840e+00,3.858588917390616491e+00,2.628845612893223826e+00,1.033814936799446649e+01,1.513668870319240689e+00
-2.252499999999999947e+00,3.855491106484742581e+00,2.630869186053388820e+00,1.032659310106770079e+01,1.513668870319240689e+00
-2.247500000000000053e+00,3.851979011319855317e+00,2.632713644177384626e+00,1.031385191937064683e+01,1.513668870319240689e+00
-2.242500000000000160e+00,3.848188687337036562e+00,2.634418225090124910e+00,1.030000161274512749e+01,1.513668870319240689e+00
-2.237499999999999822e+00,3.844339954278413796e+00,2.636070361199792433e+00,1.028574690430639293e+01,1.513668870319240689e+00
-2.232499999999999929e+00,3.840564336584454619e+00,2.637743080986023614e+00,1.027163674263038651e+01,1.513668870319240689e+00
-2.227500000000000036e+00,3.836896690242666441e+00,2.639465429398355489e+00,1.025788011634155339e+01,1.513668870319240689e+00
-2.222500000000000142e+00,3.833302281365740249e+00,2.641230598789810813e+00,1.024442339238377286e+01,1.513668870319240689e+00
-2.217500000000000249e+00,3.829743562147947866e+00,2.643024678136671746e+00,1.023116529490908277e+01,1.513668870319240689e+00
-2.212499999999999911e+00,3.826219867353004567e+00,2.644845167679312770e+00,1.021809433600184214e+01,1.513668870319240689e+00
-2.207500000000000018e+00,3.822748458729297472e+00,2.646694418600199050e+00,1.020523859812445266e+01,1.513668870319240689e+00
-2.202500000000000124e+00,3.819320786309142512e+00,2.648561810347125789e+00,1.019253183053690215e+01,1.513668870319240689e+00
-2.197500000000000231e+00,3.815885637209434744e+00,2.650418041137581060e+00,1.017976956162888591e+01,1.513668870319240689e+00
-2.192499999999999893e+00,3.812377749162824347e+00,2.652230026317019984e+00,1.016671764212990503e+01,1.513668870319240689e+00
-2.187500000000000000e+00,3.808765710369184543e+00,2.653983836789455708e+00,1.015327995188063781e+01,1.513668870319240689e+00
-2.182500000000000107e+00,3.805077038471476492e+00,2.655695664353934227e+00,1.013957783632596943e+01,1.513668870319240689e+00
-2.177500000000000213e+00,3.801380309389158718e+00,2.657401527691114929e+00,1.012587373612509367e+01,1.513668870319240689e+00
-2.172499999999999876e+00,3.797740506082761591e+00,2.659134042454383451e+00,1.011240117898984359e+01,1.513668870319240689e+00
-2.167499999999999982e+00,3.794182798287287994e+00,2.660903866401093776e+00,1.009923060251274940e+01,1.513668870319240689e+00
-2.162500000000000089e+00,3.790688848143114242e+00,2.662698061336661759e+00,1.008625982085117911e+01,1.513668870319240689e+00
-2.157500000000000195e+00,3.787221758713168906e+00,2.664493789013561376e+00,1.007331619004731138e+01,1.513668870319240689e+00
-2.152499999999999858e+00,3.783755578782325379e+00,2.666275289829071138e+00,1.006028148506383957e+01,1.513668870319240689e+00
-2.147499999999999964e+00,3.780287162978561710e+00,2.668042174880625783e+00,1.004715208143375094e+01,1.513668870319240689e+00
-2.142500000000000071e+00,3.776826541704225715e+00,2.669805588879027081e+00,1.003401002256578067e+01,1.513668870319240689e+00
-2.137500000000000178e+00,3.773379310600835979e+00,2.671577842342485187e+00,1.002094660029538353e+01,1.513668870319240689e+00
-2.132499999999999840e+00,3.769937608836062104e+00,2.673364083015488113e+00,1.000800126430710968e+01,1.513668870319240689e+00
-2.127499999999999947e+00,3.766485596587469953e+00,2.675160838721555301e+00,9.995150894522710772e+00,1.513668870319240689e+00
-2.122500000000000053e+00,3.763012230944935421e+00,2.676960221708482468e+00,9.982340289991981308e+00,1.513668870319240689e+00
-2.117500000000000160e+00,3.759519474929159610e+00,2.678755189987114704e+00,9.969520214010382020e+00,1.513668870319240689e+00
-2.112500000000000266e+00,3.756019856689682967e+00,2.680542185811755740e+00,9.956666336978839738e+00,1.513668870319240689e+00
-2.107499999999999929e+00,3.752526881161401207e+00,2.682320723019677278e+00,9.943776169016430799e+00,1.513668870319240689e+00
-2.102500000000000036e+00,3.749046864855690497e+00,2.684091897392738346e+00,9.930858438834489377e+00,1.513668870319240689e+00
-2.097500000000000142e+00,3.745578140892500851e+00,2.685857720716538388e+00,9.917928678956592137e+00,1.513668870319240689e+00
-2.092500000000000249e+00,3.742116707722356939e+00,2.687621426815415937e+00,9.905011971588576714e+00,1.513668870319240689e+00
-2.087499999999999911e+00,3.738662440383896612e+00,2.689387484173629606e+00,9.892143570889297521e+00,1.513668870319240689e+00
-2.082500000000000018e+00,3.735220564870753712e+00,2.691160284125503122e+00,9.879359851910098911e+00,1.513668870319240689e+00
-2.077500000000000124e+00,3.731797847950415026e+00,2.692941940184714333e+00,9.866682642038517415e+00,1.513668870319240689e+00
-2.072500000000000231e+00,3.728397363487860883e+00,2.694730779980205160e+00,9.854108237849294127e+00,1.513668870319240689e+00
-2.067499999999999893e+00,3.725016208887184987e+00,2.696521776576240814e+00,9.841610009475415310e+00,1.513668870319240689e+00
-2.062500000000000000e+00,3.721647393794705216e+00,2.698308657532594079e+00,9.829152735616867531e+00,1.513668870319240689e+00
-2.057500000000000107e+00,3.718283642303001457e+00,2.700086186287234735e+00,9.816708026886658445e+00,1.513668870319240689e+00
-2.052500000000000213e+00,3.714920141593627712e+00,2.701851283205459975e+00,9.804261546621948042e+00,1.513668870319240689e+00
-2.047499999999999876e+00,3.711555361190467028e+00,2.703602960809380118e+00,9.791812089825056020e+00,1.513668870319240689e+00
-2.042499999999999982e+00,3.708191196041281223e+00,2.705342050363588768e+00,9.779369612501131570e+00,1.513668870319240689e+00
-2.037500000000000089e+00,3.704833383351711085e+00,2.707071301940049857e+00,9.766956304557417923e+00,1.513668870319240689e+00
-2.032500000000000195e+00,3.701490984813191609e+00,2.708795141617440283e+00,9.754605445099540972e+00,1.513668870319240689e+00
-2.027499999999999858e+00,3.698172820528605520e+00,2.710517857275317688e+00,9.742349171222560500e+00,1.513668870319240689e+00
-2.022499999999999964e+00,3.694881230362896840e+00,2.712240331134089910e+00,9.730195970245825166e+00,1.513668870319240689e+00
-2.017500000000000071e+00,3.691607674958675034e+00,2.713957658630762104e+00,9.718114512285733753e+00,1.513668870319240689e+00
-2.012500000000000178e+00,3.688335869891728347e+00,2.715660651740917420e+00,9.706045007353111487e+00,1.513668870319240689e+00
-2.007500000000000284e+00,3.685053474270956642e+00,2.717341809205390035e+00,9.693942002899891719e+00,1.513668870319240689e+00
-2.002499999999999947e+00,3.681765419565867337e+00,2.719002203449914834e+00,9.681823252363969345e+00,1.513668870319240689e+00
-1.997500000000000053e+00,3.678497666077322314e+00,2.720653476322758557e+00,9.669783506689416441e+00,1.513668870319240689e+00
-1.992500000000000160e+00,3.675284832826707593e+00,2.722311522115516969e+00,9.657949256666540805e+00,1.513668870319240689e+00
-1.987500000000000266e+00,3.672146947530766425e+00,2.723984541756963029e+00,9.646393728452054006e+00,1.513668870319240689e+00
-1.982499999999999929e+00,3.669070823073306009e+00,2.725663484895961552e+00,9.635068886187212911e+00,1.513668870319240689e+00
-1.977500000000000036e+00,3.666011372089838627e+00,2.727322821069845915e+00,9.623810303451037385e+00,1.513668870319240689e+00
-1.972500000000000142e+00,3.662916007945250740e+00,2.728933285644740803e+00,9.612426216788085398e+00,1.513668870319240689e+00
-1.967500000000000249e+00,3.659759044359876867e+00,2.730479816272777693e+00,9.600822862477494724e+00,1.513668870319240689e+00
-1.962499999999999911e+00,3.656564458330836764e+00,2.731973436666687238e+00,9.589087220007179724e+00,1.513668870319240689e+00
-1.957500000000000018e+00,3.653401271994741517e+00,2.733448866485147732e+00,9.577469991560574769e+00,1.513668870319240689e+00
-1.952500000000000124e+00,3.650352533616547657e+00,2.734948298173439429e+00,9.566272675675358883e+00,1.513668870319240689e+00
-1.947500000000000231e+00,3.647474985539837178e+00,2.736500183934704289e+00,9.555701092266232877e+00,1.513668870319240689e+00
-1.942499999999999893e+00,3.644771321442622281e+00,2.738104475754392642e+00,9.545764908347967648e+00,1.513668870319240689e+00
-1.937500000000000000e+00,3.642188363098747939e+00,2.739731400304163511e+00,9.536271288804819335e+00,1.513668870319240689e+00
-1.932500000000000107e+00,3.639639628567267859e+00,2.741333155823277856e+00,9.526906836402131873e+00,1.513668870319240689e+00
-1.927500000000000213e+00,3.637039536982817900e+00,2.742862000020440227e+00,9.517361487641350593e+00,1.513668870319240689e+00
-1.922499999999999876e+00,3.634334207953397122e+00,2.744286867530543628e+00,9.507439999585908907e+00,1.513668870319240689e+00
-1.917499999999999982e+00,3.631518919296779391e+00,2.745603081791084588e+00,9.497125241388236105e+00,1.513668870319240689e+00
-1.912500000000000089e+00,3.628639298967196503e+00,2.746833272004960413e+00,9.486582748475809623e+00,1.513668870319240689e+00
-1.907500000000000195e+00,3.625778208959804072e+00,2.748020148089267867e+00,9.476113462215494110e+00,1.513668870319240689e+00
-1.902500000000000302e+00,3.623032425194476769e+00,2.749213233240504817e+00,9.466069231241942106e+00,1.513668870319240689e+00
-1.897499999999999964e+00,3.620484489025302288e+00,2.750452903302780694e+00,9.456750412303881248e+00,1.513668870319240689e+00
-1.892500000000000071e+00,3.618177393746386805e+00,2.751756196329439685e+00,9.448313470865597807e+00,1.513668870319240689e+00
-1.887500000000000178e+00,3.616100122319456656e+00,2.753109723692827693e+00,9.440717967985303716e+00,1.513668870319240689e+00
-1.882500000000000284e+00,3.614191475714687574e+00,2.754472718892930327e+00,9.433740327313495655e+00,1.513668870319240689e+00
-1.877499999999999947e+00,3.612362518877780815e+00,2.755789739148193362e+00,9.427055635738241790e+00,1.513668870319240689e+00
-1.872500000000000053e+00,3.610529160142943006e+00,2.757008791486461607e+00,9.420356648204512240e+00,1.513668870319240689e+00
-1.867500000000000160e+00,3.608643791244838361e+00,2.758096264887253124e+00,9.413469380274525733e+00,1.513668870319240689e+00
-1.862500000000000266e+00,3.606709253325928621e+00,2.759045320809760504e+00,9.406404083430953023e+00,1.513668870319240689e+00
-1.857499999999999929e+00,3.604775105571160321e+00,2.759872613391845864e+00,9.399341784144585432e+00,1.513668870319240689e+00
-1.852500000000000036e+00,3.602924678064978181e+00,2.760604282221002403e+00,9.392586411938474100e+00,1.513668870319240689e+00
-1.847500000000000142e+00,3.601235130947777474e+00,2.761271388225762902e+00,9.386419814939690909e+00,1.513668870319240689e+00
-1.842500000000000249e+00,3.599759734292218738e+00,2.761898406563885189e+00,9.381035562132133521e+00,1.513668870319240689e+00
-1.837499999999999911e+00,3.598563976793658803e+00,2.762474844583755029e+00,9.376672998116388769e+00,1.513668870319240689e+00
-1.832500000000000018e+00,3.597670515612453102e+00,2.762984465203969453e+00,9.373413243785320148e+00,1.513668870319240689e+00
-1.827500000000000124e+00,3.596980649306899647e+00,2.763452932419513619e+00,9.370897955545494540e+00,1.513668870319240689e+00
-1.822500000000000231e+00,3.596474060151297891e+00,2.763857800496284156e+00,9.369047149555308707e+00,1.513668870319240689e+00
-1.817499999999999893e+00,3.596295621706232293e+00,2.764083850746640536e+00,9.368397767024186251e+00,1.513668870319240689e+00
-1.812500000000000000e+00,3.596429350767440969e+00,2.764113823564459338e+00,9.368888767302909315e+00,1.513668870319240689e+00
-1.807500000000000107e+00,3.596685128163872314e+00,2.764039693301012957e+00,9.369811858889447009e+00,1.513668870319240689e+00
-1.802500000000000213e+00,3.597219918038773834e+00,2.763772678043192599e+00,9.371778611402962866e+00,1.513668870319240689e+00
-1.797500000000000320e+00,3.598505201327613090e+00,2.763073985360899876e+00,9.376454196613630998e+00,1.513668870319240689e+00
-1.792499999999999982e+00,3.600318750296604975e+00,2.762074859112814806e+00,9.383049452786725197e+00,1.513668870319240689e+00
-1.787500000000000089e+00,3.602334378999834996e+00,2.760935805493318185e+00,9.390456897471175068e+00,1.513668870319240689e+00
-1.782500000000000195e+00,3.605420443708501566e+00,2.759240715966292612e+00,9.401650820452097435e+00,1.513668870319240689e+00
-1.777500000000000302e+00,3.610970184962132290e+00,2.756224918431208870e+00,9.421989310266937423e+00,1.513668870319240689e+00
-1.772499999999999964e+00,3.617274599068962537e+00,2.752837685706711834e+00,9.444938912964932598e+00,1.513668870319240689e+00
-1.767500000000000071e+00,3.619470925625763336e+00,2.751638182879001970e+00,9.453043829904684614e+00,1.513668870319240689e+00
-1.762500000000000178e+00,3.620465202109035552e+00,2.751109488478550524e+00,9.456698503893372632e+00,1.513668870319240689e+00
-1.757500000000000284e+00,3.687037867808718783e+00,2.716557688388584690e+00,9.699268867058989940e+00,1.513668870319240689e+00
-1.752499999999999947e+00,3.851081497061728420e+00,2.631945954203111171e+00,1.031239340493368317e+01,1.513668870319240689e+00
-1.747500000000000053e+00,3.957932244084851447e+00,2.579070122138048315e+00,1.071440041215402950e+01,1.513668870319240689e+00
-1.742500000000000160e+00,3.987671683749734353e+00,2.564613435736120106e+00,1.082681499203672004e+01,1.513668870319240689e+00
-1.737500000000000266e+00,3.996047196889375819e+00,2.560514931428198970e+00,1.085852492872226627e+01,1.513668870319240689e+00
-1.732499999999999929e+00,4.007665795852664026e+00,2.554880123024782179e+00,1.090264493421252645e+01,1.513668870319240689e+00
-1.727500000000000036e+00,4.020095166436492562e+00,2.548865969629932504e+00,1.094999082276451929e+01,1.513668870319240689e+00
-1.722500000000000142e+00,4.029871080545981421e+00,2.544076259992916533e+00,1.098726064865996754e+01,1.513668870319240689e+00
-1.717500000000000249e+00,4.037531862597432131e+00,2.540240454031485129e+00,1.101649521486329597e+01,1.513668870319240689e+00
-1.712499999999999911e+00,4.044167047215955435e+00,2.536916432637311924e+00,1.104185539089302104e+01,1.513668870319240689e+00
-1.707500000000000018e+00,4.050097592306120653e+00,2.534018129015978449e+00,1.106453847156405246e+01,1.513668870319240689e+00
-1.702500000000000124e+00,4.055307027060699454e+00,2.531534648470615156e+00,1.108446127977442153e+01,1.513668870319240689e+00
-1.697500000000000231e+00,4.059819727915108700e+00,2.529398692789964098e+00,1.110171332685086654e+01,1.513668870319240689e+00
-1.692499999999999893e+00,4.063752923829995645e+00,2.527537858960045902e+00,1.111674596363457113e+01,1.513668870319240689e+00
-1.687500000000000000e+00,4.067235744361386907e+00,2.525913162723940175e+00,1.113005833987972260e+01,1.513668870319240689e+00
-1.682500000000000107e+00,4.070328605636257535e+00,2.524503772352871600e+00,1.114188424707582747e+01,1.513668870319240689e+00
-1.677500000000000213e+00,4.073015224784410471e+00,2.523288744148678209e+00,1.115215828331149872e+01,1.513668870319240689e+00
-1.672500000000000320e+00,4.075270392879376757e+00,2.522248260765589389e+00,1.116077894594922704e+01,1.513668870319240689e+00
-1.667499999999999982e+00,4.077122236099540942e+00,2.521368311101427118e+00,1.116785396140964259e+01,1.513668870319240689e+00
-1.662500000000000089e+00,4.078639224730511437e+00,2.520636762496768046e+00,1.117365221429125199e+01,1.513668870319240689e+00
-1.657500000000000195e+00,4.079880833146871666e+00,2.520035094127833553e+00,1.117840807439948492e+01,1.513668870319240689e+00
-1.652500000000000302e+00,4.080880150354855296e+00,2.519540079532821775e+00,1.118224618333046649e+01,1.513668870319240689e+00
-1.647499999999999964e+00,4.081658826478468782e+00,2.519137708668369502e+00,1.118523777235776429e+01,1.513668870319240689e+00
-1.642500000000000071e+00,4.082240235260360173e+00,2.518829287534870787e+00,1.118745943368728923e+01,1.513668870319240689e+00
-1.637500000000000178e+00,4.082642500881919823e+00,2.518621149229508749e+00,1.118897594297275688e+01,1.513668870319240689e+00
-1.632500000000000284e+00,4.082863428836339459e+00,2.518514197058471016e+00,1.118978537253469874e+01,1.513668870319240689e+00
-1.627499999999999947e+00,4.082884900514780036e+00,2.518504239962517044e+00,1.118983123208586683e+01,1.513668870319240689e+00
-1.622500000000000053e+00,4.082697343426046288e+00,2.518586795092165875e+00,1.118908766134101818e+01,1.513668870319240689e+00
-1.617500000000000160e+00,4.082316691973393752e+00,2.518757323819717175e+00,1.118761766185217077e+01,1.513668870319240689e+00
-1.612500000000000266e+00,4.081778741365385876e+00,2.519006942024939022e+00,1.118555227708748667e+01,1.513668870319240689e+00
-1.607499999999999929e+00,4.081121442848394842e+00,2.519321146412631940e+00,1.118303035277349089e+01,1.513668870319240689e+00
-1.602500000000000036e+00,4.080371182673758312e+00,2.519685608535112031e+00,1.118015138088350113e+01,1.513668870319240689e+00
-1.597500000000000142e+00,4.079538254278820553e+00,2.520093757922543976e+00,1.117695569224275687e+01,1.513668870319240689e+00
-1.592500000000000249e+00,4.078617757263337751e+00,2.520548665572939218e+00,1.117342346331870040e+01,1.513668870319240689e+00
-1.587499999999999911e+00,4.077593242822439734e+00,2.521058306357358614e+00,1.116948995730032834e+01,1.513668870319240689e+00
-1.582500000000000018e+00,4.076444482694608240e+00,2.521629248742531360e+00,1.116507939031859031e+01,1.513668870319240689e+00
-1.577500000000000124e+00,4.075158558191784408e+00,2.522263396465226126e+00,1.116014648374251372e+01,1.513668870319240689e+00
-1.572500000000000231e+00,4.073737914666590854e+00,2.522958375932288888e+00,1.115470198901019572e+01,1.513668870319240689e+00
-1.567500000000000338e+00,4.072199226408648620e+00,2.523709505967303368e+00,1.114880656757261157e+01,1.513668870319240689e+00
-1.562500000000000000e+00,4.070563779820796313e+00,2.524511442720958954e+00,1.114253826202360109e+01,1.513668870319240689e+00
-1.557500000000000107e+00,4.068846010878368169e+00,2.525358923784376763e+00,1.113595272730643160e+01,1.513668870319240689e+00
-1.552500000000000213e+00,4.067046840542245079e+00,2.526246946014290895e+00,1.112905653458535937e+01,1.513668870319240689e+00
-1.547500000000000320e+00,4.065154796480678456e+00,2.527170911279430943e+00,1.112180762934896450e+01,1.513668870319240689e+00
-1.542499999999999982e+00,4.063154381497177781e+00,2.528127074823592224e+00,1.111414609372753759e+01,1.513668870319240689e+00
-1.537500000000000089e+00,4.061038236530317036e+00,2.529113313485990222e+00,1.110604259110501779e+01,1.513668870319240689e+00
-1.532500000000000195e+00,4.058816816062290833e+00,2.530129986238188522e+00,1.109753715558593790e+01,1.513668870319240689e+00
-1.527500000000000302e+00,4.056518503382878116e+00,2.531180525817442017e+00,1.108873933747299212e+01,1.513668870319240689e+00
-1.522499999999999964e+00,4.054177201816126619e+00,2.532271270663545959e+00,1.107977952663984311e+01,1.513668870319240689e+00
-1.517500000000000071e+00,4.051812725925421077e+00,2.533409970356431007e+00,1.107073350936020439e+01,1.513668870319240689e+00
-1.512500000000000178e+00,4.049416240624997165e+00,2.534602726220247515e+00,1.106156723768275008e+01,1.513668870319240689e+00
-1.507500000000000284e+00,4.046952238443645378e+00,2.535850098378478634e+00,1.105214490658593007e+01,1.513668870319240689e+00
-1.502499999999999947e+00,4.044378794759464490e+00,2.537144310339157105e+00,1.104230650400217151e+01,1.513668870319240689e+00
-1.497500000000000053e+00,4.041674953254783986e+00,2.538469934889928226e+00,1.103197233601989602e+01,1.513668870319240689e+00
-1.492500000000000160e+00,4.038857298984939170e+00,2.539809341205342186e+00,1.102120617431852523e+01,1.513668870319240689e+00
-1.487500000000000266e+00,4.035972847496606342e+00,2.541151607585812489e+00,1.101018793099348159e+01,1.513668870319240689e+00
-1.482499999999999929e+00,4.033070147211222256e+00,2.542500747170935771e+00,1.099910318431401635e+01,1.513668870319240689e+00
-1.477500000000000036e+00,4.030165748109697965e+00,2.543877890160153754e+00,1.098801517357380497e+01,1.513668870319240689e+00
-1.472500000000000142e+00,4.027228361949857671e+00,2.545314125349517287e+00,1.097680451717718775e+01,1.513668870319240689e+00
-1.467500000000000249e+00,4.024193622399261372e+00,2.546835669525301160e+00,1.096522578210002052e+01,1.513668870319240689e+00
-1.462500000000000355e+00,4.021003864558718277e+00,2.548447973321236404e+00,1.095305939153683461e+01,1.513668870319240689e+00
-1.457500000000000018e+00,4.017651479912640156e+00,2.550126872206505357e+00,1.094027689561743877e+01,1.513668870319240689e+00
-1.452500000000000124e+00,4.014200334306482709e+00,2.551822136794784424e+00,1.092712229502558330e+01,1.513668870319240689e+00
-1.447500000000000231e+00,4.010769176554328297e+00,2.553473731718059359e+00,1.091404835863209044e+01,1.513668870319240689e+00
-1.442500000000000338e+00,4.007479895427401573e+00,2.555035768845571376e+00,1.090151920760532356e+01,1.513668870319240689e+00
-1.437500000000000000e+00,4.004394296364372607e+00,2.556498547048100978e+00,1.088976963161125866e+01,1.513668870319240689e+00
-1.432500000000000107e+00,4.001474213219005094e+00,2.557897367340586925e+00,1.087865367009803563e+01,1.513668870319240689e+00
-1.427500000000000213e+00,3.998590297503236357e+00,2.559301450064443983e+00,1.086767860806570063e+01,1.513668870319240689e+00
-1.422500000000000320e+00,3.995576655448128456e+00,2.560786957590833079e+00,1.085621328359994386e+01,1.513668870319240689e+00
-1.417499999999999982e+00,3.992301071602880835e+00,2.562407640771228401e+00,1.084375536870767931e+01,1.513668870319240689e+00
-1.412500000000000089e+00,3.988714685415325700e+00,2.564177093437219668e+00,1.083012010154689797e+01,1.513668870319240689e+00
-1.407500000000000195e+00,3.984862091314888666e+00,2.566068315125444865e+00,1.081547818978056164e+01,1.513668870319240689e+00
-1.402500000000000302e+00,3.980855855975371504e+00,2.568026980267483772e+00,1.080025834637824822e+01,1.513668870319240689e+00
-1.397499999999999964e+00,3.976832446507900798e+00,2.569990766102649093e+00,1.078497939489617785e+01,1.513668870319240689e+00
-1.392500000000000071e+00,3.972907410273559314e+00,2.571908007226770820e+00,1.077007994876951535e+01,1.513668870319240689e+00
-1.387500000000000178e+00,3.969143063935378635e+00,2.573751104670587875e+00,1.075579599945228182e+01,1.513668870319240689e+00
-1.382500000000000284e+00,3.965536796089948357e+00,2.575521605316469564e+00,1.074211696989631548e+01,1.513668870319240689e+00
-1.377499999999999947e+00,3.962032081406614115e+00,2.577245652577460966e+00,1.072882792827980225e+01,1.513668870319240689e+00
-1.372500000000000053e+00,3.958546584867996820e+00,2.578961646098747007e+00,1.071561644271844038e+01,1.513668870319240689e+00
-1.367500000000000160e+00,3.955005061799781174e+00,2.580705242524155452e+00,1.070219737912237257e+01,1.513668870319240689e+00
-1.362500000000000266e+00,3.951363632223429345e+00,2.582497835112516960e+00,1.068840478781025460e+01,1.513668870319240689e+00
-1.357500000000000373e+00,3.947617573719375272e+00,2.584342433486579438e+00,1.067422120400743779e+01,1.513668870319240689e+00
-1.352500000000000036e+00,3.943793261164000530e+00,2.586227009236928609e+00,1.065974687804219201e+01,1.513668870319240689e+00
-1.347500000000000142e+00,3.939931149115543541e+00,2.588132323099265442e+00,1.064513517607406712e+01,1.513668870319240689e+00
-1.342500000000000249e+00,3.936068304408653518e+00,2.590040285428164779e+00,1.063052642352791111e+01,1.513668870319240689e+00
-1.337500000000000355e+00,3.932226818839255511e+00,2.591939746929074584e+00,1.061600412987810316e+01,1.513668870319240689e+00
-1.332500000000000018e+00,3.928410650659333925e+00,2.593828319973311203e+00,1.060158316381546584e+01,1.513668870319240689e+00
-1.327500000000000124e+00,3.924609845089550575e+00,2.595710563537821258e+00,1.058722582458987027e+01,1.513668870319240689e+00
-1.322500000000000231e+00,3.920808698801880876e+00,2.597594098558085207e+00,1.057287276550548505e+01,1.513668870319240689e+00
-1.317500000000000338e+00,3.916993751974943372e+00,2.599485655276090323e+00,1.055847319618648505e+01,1.513668870319240689e+00
-1.312500000000000000e+00,3.913158477090065812e+00,2.601388650181588158e+00,1.054400255500617689e+01,1.513668870319240689e+00
-1.307500000000000107e+00,3.909303552033682738e+00,2.603302926901984726e+00,1.052946348948531075e+01,1.513668870319240689e+00
-1.302500000000000213e+00,3.905433662819719931e+00,2.605226261740064331e+00,1.051487375237736721e+01,1.513668870319240689e+00
-1.297500000000000320e+00,3.901553020905045965e+00,2.607156576442700935e+00,1.050024928205212760e+01,1.513668870319240689e+00
-1.292499999999999982e+00,3.897661858090651243e+00,2.609093718459079891e+00,1.048559100428383317e+01,1.513668870319240689e+00
-1.287500000000000089e+00,3.893755290127821400e+00,2.611040079781250078e+00,1.047088058310086822e+01,1.513668870319240689e+00
-1.282500000000000195e+00,3.889824671517597476e+00,2.612999960166966229e+00,1.045608555735693024e+01,1.513668870319240689e+00
-1.277500000000000302e+00,3.885860501571190007e+00,2.614978129050306688e+00,1.044117030136055213e+01,1.513668870319240689e+00
-1.272499999999999964e+00,3.881855487207740207e+00,2.616978286577777091e+00,1.042610754921970262e+01,1.513668870319240689e+00
-1.267500000000000071e+00,3.877806585112983928e+00,2.619002024856227351e+00,1.041088605499051845e+01,1.513668870319240689e+00
-1.262500000000000178e+00,3.873715491323328042e+00,2.621048566075207198e+00,1.039551240004225363e+01,1.513668870319240689e+00
-1.257500000000000284e+00,3.869587744385976080e+00,2.623115198781568846e+00,1.038000758795838330e+01,1.513668870319240689e+00
-1.252500000000000391e+00,3.865431058214142013e+00,2.625198104541334843e+00,1.036440075524520843e+01,1.513668870319240689e+00
-1.247500000000000053e+00,3.861253593550101115e+00,2.627293220915887684e+00,1.034872266706407551e+01,1.513668870319240689e+00
-1.242500000000000160e+00,3.857062683349363308e+00,2.629396884327872996e+00,1.033300093206162451e+01,1.513668870319240689e+00
-1.237500000000000266e+00,3.852864208330948781e+00,2.631506153614361576e+00,1.031725766727860893e+01,1.513668870319240689e+00
-1.232500000000000373e+00,3.848662531916917651e+00,2.633618853565842688e+00,1.030150926570202330e+01,1.513668870319240689e+00
-1.227500000000000036e+00,3.844460746602226919e+00,2.635733453766041290e+00,1.028576733126118548e+01,1.513668870319240689e+00
-1.222500000000000142e+00,3.840260978328520647e+00,2.637848905477025774e+00,1.027003982876276567e+01,1.513668870319240689e+00
-1.217500000000000249e+00,3.836064599325432312e+00,2.639964518064305654e+00,1.025433188837050480e+01,1.513668870319240689e+00
-1.212500000000000355e+00,3.831872335563321297e+00,2.642079897117520115e+00,1.023864621376876016e+01,1.513668870319240689e+00
-1.207500000000000018e+00,3.827684347330408077e+00,2.644194917497949771e+00,1.022298338874752055e+01,1.513668870319240689e+00
-1.202500000000000124e+00,3.823500371673276277e+00,2.646309684119823036e+00,1.020734241417297028e+01,1.513668870319240689e+00
-1.197500000000000231e+00,3.819319955566976788e+00,2.648424445195628252e+00,1.019172158249753224e+01,1.513668870319240689e+00
-1.192500000000000338e+00,3.815142728542243233e+00,2.650539457166020796e+00,1.017611949733636756e+01,1.513668870319240689e+00
-1.187500000000000000e+00,3.810968617475061659e+00,2.652654838791321357e+00,1.016053587451695606e+01,1.513668870319240689e+00
-1.182500000000000107e+00,3.806797920970847127e+00,2.654770473447448875e+00,1.014497181720636654e+01,1.513668870319240689e+00
-1.177500000000000213e+00,3.802631223552183304e+00,2.656886009775472512e+00,1.012942949290095207e+01,1.513668870319240689e+00
-1.172500000000000320e+00,3.798469201758129632e+00,2.659000971604603247e+00,1.011391140833318936e+01,1.513668870319240689e+00
-1.167499999999999982e+00,3.794312415671277083e+00,2.661114935291142736e+00,1.009841963196178938e+01,1.513668870319240689e+00
-1.162500000000000089e+00,3.790161171577842936e+00,2.663227694111634847e+00,1.008295528340580738e+01,1.513668870319240689e+00
-1.157500000000000195e+00,3.786015494447047214e+00,2.665339329351509967e+00,1.006751843303315397e+01,1.513668870319240689e+00
-1.152500000000000302e+00,3.781875193695359183e+00,2.667450150517001184e+00,1.005210834893606631e+01,1.513668870319240689e+00
-1.147500000000000409e+00,3.777739974531961309e+00,2.669560531328952102e+00,1.003672391281213550e+01,1.513668870319240689e+00
-1.142500000000000071e+00,3.773609551929279160e+00,2.671670718812325429e+00,1.002136404453669627e+01,1.513668870319240689e+00
-1.137500000000000178e+00,3.769483748654172128e+00,2.673780703256315672e+00,1.000602806640631925e+01,1.513668870319240689e+00
-1.132500000000000284e+00,3.765362574226488235e+00,2.675890204269278261e+00,9.990715995585896181e+00,1.513668870319240689e+00
-1.127500000000000391e+00,3.761246275477635237e+00,2.677998771732275962e+00,9.975428730333630867e+00,1.513668870319240689e+00
-1.122500000000000053e+00,3.757135337711217549e+00,2.680105947424831214e+00,9.960168052392100790e+00,1.513668870319240689e+00
-1.117500000000000160e+00,3.753030424222001837e+00,2.682211406115387664e+00,9.944936400688153100e+00,1.513668870319240689e+00
-1.112500000000000266e+00,3.748932274320589730e+00,2.684315005959797773e+00,9.929736491752386485e+00,1.513668870319240689e+00
-1.107500000000000373e+00,3.744841609220026513e+00,2.686416724133815492e+00,9.914570970265959460e+00,1.513668870319240689e+00
-1.102500000000000036e+00,3.740759094391251427e+00,2.688516512546703652e+00,9.899442269729224364e+00,1.513668870319240689e+00
-1.097500000000000142e+00,3.736685381138953321e+00,2.690614145073860541e+00,9.884352766876753904e+00,1.513668870319240689e+00
-1.092500000000000249e+00,3.732621225267527709e+00,2.692709118185062867e+00,9.869305221069957668e+00,1.513668870319240689e+00
-1.087500000000000355e+00,3.728567662927618098e+00,2.694800624045954773e+00,9.854303424134162270e+00,1.513668870319240689e+00
-1.082500000000000018e+00,3.724526189629965511e+00,2.696887582024421803e+00,9.839352860224721553e+00,1.513668870319240689e+00
-1.077500000000000124e+00,3.720498835204633092e+00,2.698968719033882024e+00,9.824460979308563324e+00,1.513668870319240689e+00
-1.072500000000000231e+00,3.716488016990443288e+00,2.701042707388897846e+00,9.809636650469343522e+00,1.513668870319240689e+00
-1.067500000000000338e+00,3.712496160983516535e+00,2.703108349564365742e+00,9.794888759603081141e+00,1.513668870319240689e+00
-1.062500000000000000e+00,3.708525275478828043e+00,2.705164735410323651e+00,9.780224635372372077e+00,1.513668870319240689e+00
-1.057500000000000107e+00,3.704576773954774360e+00,2.707211258033288992e+00,9.765649399008765386e+00,1.513668870319240689e+00
-1.052500000000000213e+00,3.700651712482470490e+00,2.709247437883179010e+00,9.751166844848274451e+00,1.513668870319240689e+00
-1.047500000000000320e+00,3.696751282228261104e+00,2.711272652852472653e+00,9.736781259194042804e+00,1.513668870319240689e+00
-1.042500000000000426e+00,3.692877152875894353e+00,2.713285977899432044e+00,9.722498685135377627e+00,1.513668870319240689e+00
-1.037500000000000089e+00,3.689031349671597404e+00,2.715286280874115832e+00,9.708326466040828606e+00,1.513668870319240689e+00
-1.032500000000000195e+00,3.685215732759506757e+00,2.717272521041059097e+00,9.694271325620627877e+00,1.513668870319240689e+00
-1.027500000000000302e+00,3.681431520370031851e+00,2.719244010917115428e+00,9.680337614164393756e+00,1.513668870319240689e+00
-1.022500000000000409e+00,3.677679338073517989e+00,2.721200389950497733e+00,9.666527494750841498e+00,1.513668870319240689e+00
-1.017500000000000071e+00,3.673959924161177781e+00,2.723141247535966869e+00,9.652843542278620959e+00,1.513668870319240689e+00
-1.012500000000000178e+00,3.670275107703427242e+00,2.725065601714281804e+00,9.639292338773657320e+00,1.513668870319240689e+00
-1.007500000000000284e+00,3.666628358396629039e+00,2.726971604021147133e+00,9.625886486424455768e+00,1.513668870319240689e+00
-1.002500000000000391e+00,3.663024358024438598e+00,2.728856760211695320e+00,9.612643021702565349e+00,1.513668870319240689e+00
-9.975000000000000533e-01,3.659467667244276967e+00,2.730718628878678889e+00,9.599578511228656907e+00,1.513668870319240689e+00
-9.925000000000006040e-01,3.655961296546520689e+00,2.732555573864771770e+00,9.586703807426935953e+00,1.513668870319240689e+00
-9.874999999999998224e-01,3.652506248953355961e+00,2.734367009061366538e+00,9.574022381888804389e+00,1.513668870319240689e+00
-9.824999999999999289e-01,3.649102532126989651e+00,2.736152871379811113e+00,9.561534052134431860e+00,1.513668870319240689e+00
-9.775000000000000355e-01,3.645751067832988745e+00,2.737912619057120356e+00,9.549241990181847939e+00,1.513668870319240689e+00
-9.725000000000001421e-01,3.642455225045793554e+00,2.739644423350811486e+00,9.537158336273812154e+00,1.513668870319240689e+00
-9.675000000000002487e-01,3.639220989142936347e+00,2.741345074734707676e+00,9.525304803396041464e+00,1.513668870319240689e+00
-9.625000000000003553e-01,3.636055773485750819e+00,2.743010603982773077e+00,9.513708308492192955e+00,1.513668870319240689e+00
-9.575000000000004619e-01,3.632966682828985050e+00,2.744637194981105921e+00,9.502394606219827011e+00,1.513668870319240689e+00
-9.525000000000005684e-01,3.629959090423481527e+00,2.746221935902922962e+00,9.491383084154252359e+00,1.513668870319240689e+00
-9.474999999999997868e-01,3.627035981941981291e+00,2.747763168611822682e+00,9.480684374080016852e+00,1.513668870319240689e+00
-9.424999999999998934e-01,3.624198255769427668e+00,2.749260334341803613e+00,9.470301465781385986e+00,1.513668870319240689e+00
-9.375000000000000000e-01,3.621446116177846619e+00,2.750713241524079589e+00,9.460234814677427551e+00,1.513668870319240689e+00
-9.325000000000001066e-01,3.618781341996610834e+00,2.752120868448177937e+00,9.450490640345520887e+00,1.513668870319240689e+00
-9.275000000000002132e-01,3.616209360426315467e+00,2.753480264962445023e+00,9.441088498301006382e+00,1.513668870319240689e+00
-9.225000000000003197e-01,3.613739492755116967e+00,2.754786417734745640e+00,9.432062160298009701e+00,1.513668870319240689e+00
-9.175000000000004263e-01,3.611382619138019390e+00,2.756033481325497636e+00,9.423451067323092900e+00,1.513668870319240689e+00
-9.125000000000005329e-01,3.609147784396536718e+00,2.757216574129717213e+00,9.415287930682000095e+00,1.513668870319240689e+00
-9.075000000000006395e-01,3.607040954071163874e+00,2.758332440669204466e+00,9.407594203023377233e+00,1.513668870319240689e+00
-9.024999999999998579e-01,3.605067911624659782e+00,2.759377920925911276e+00,9.400390671178584512e+00,1.513668870319240689e+00
-8.974999999999999645e-01,3.603239432720646285e+00,2.760347208432625266e+00,9.393716344528678874e+00,1.513668870319240689e+00
-8.925000000000000711e-01,3.601574012491748800e+00,2.761230400319129252e+00,9.387638393395723924e+00,1.513668870319240689e+00
-8.875000000000001776e-01,3.600095064198296946e+00,2.762014979077243026e+00,9.382241912048014498e+00,1.513668870319240689e+00
-8.825000000000002842e-01,3.598824496848731513e+00,2.762689220852815986e+00,9.377606490929052185e+00,1.513668870319240689e+00
-8.775000000000003908e-01,3.597777647512499843e+00,2.763244891357556909e+00,9.373787753256594968e+00,1.513668870319240689e+00
-8.725000000000004974e-01,3.596962694145937167e+00,2.763677565572965289e+00,9.370815242802024159e+00,1.513668870319240689e+00
-8.675000000000006040e-01,3.596384254448067974e+00,2.763984722720245646e+00,9.368705571419262412e+00,1.513668870319240689e+00
-8.624999999999998224e-01,3.596050325884929677e+00,2.764162063998653274e+00,9.367487738779139761e+00,1.513668870319240689e+00
-8.574999999999999289e-01,3.595982004969452195e+00,2.764198353127582664e+00,9.367238583910925342e+00,1.513668870319240689e+00
-8.525000000000000355e-01,3.596221601533580614e+00,2.764071113645849564e+00,9.368112387415017395e+00,1.513668870319240689e+00
-8.475000000000001421e-01,3.596830303469267243e+00,2.763747883374480185e+00,9.370332409088655723e+00,1.513668870319240689e+00
-8.425000000000002487e-01,3.597872380882189969e+00,2.763194627906540912e+00,9.374133359489343675e+00,1.513668870319240689e+00
-8.375000000000003553e-01,3.599399125609374916e+00,2.762384293117674972e+00,9.379702921961532880e+00,1.513668870319240689e+00
-8.325000000000004619e-01,3.601451109004476070e+00,2.761295625401749110e+00,9.387190050558514187e+00,1.513668870319240689e+00
-8.275000000000005684e-01,3.604070968199492242e+00,2.759906411314090757e+00,9.396751660248828131e+00,1.513668870319240689e+00
-8.225000000000006750e-01,3.607281173974336230e+00,2.758205269239512258e+00,9.408471626832902501e+00,1.513668870319240689e+00
-8.174999999999998934e-01,3.611000744472680157e+00,2.756235727167181793e+00,9.422056401964395533e+00,1.513668870319240689e+00
-8.125000000000000000e-01,3.614992959396221561e+00,2.754123600467625721e+00,9.436643295347668214e+00,1.513668870319240689e+00
-8.075000000000001066e-01,3.619054273379573416e+00,2.751976811131149780e+00,9.451489341024284840e+00,1.513668870319240689e+00
-8.025000000000002132e-01,3.623533449967700548e+00,2.749611302206429908e+00,9.467870903354496548e+00,1.513668870319240689e+00
-7.975000000000003197e-01,3.629794969693403761e+00,2.746308277437513823e+00,9.490785220945788581e+00,1.513668870319240689e+00
-7.925000000000004263e-01,3.639829770307260404e+00,2.741024575947845765e+00,9.527539442142986204e+00,1.513668870319240689e+00
-7.875000000000005329e-01,3.654790068512142831e+00,2.733168808262629312e+00,9.582410439250038436e+00,1.513668870319240689e+00
-7.825000000000006395e-01,3.673793776353578622e+00,2.723226180515676997e+00,9.652244727526140267e+00,1.513668870319240689e+00
-7.774999999999998579e-01,3.694638975124659552e+00,2.712367755737824293e+00,9.729010322903429042e+00,1.513668870319240689e+00
-7.724999999999999645e-01,3.715807739689560574e+00,2.701391779401329796e+00,9.807140297788178529e+00,1.513668870319240689e+00
-7.675000000000000711e-01,3.737451396310450313e+00,2.690221484030960397e+00,9.887205640695647446e+00,1.513668870319240689e+00
-7.625000000000001776e-01,3.760473195360889864e+00,2.678396260137242191e+00,9.972574425127197273e+00,1.513668870319240689e+00
-7.575000000000002842e-01,3.785061712634672393e+00,2.665829641739979383e+00,1.006398629139083489e+01,1.513668870319240689e+00
-7.525000000000003908e-01,3.810262063022020751e+00,2.653018010074948307e+00,1.015791916851367027e+01,1.513668870319240689e+00
-7.475000000000004974e-01,3.834705526891140970e+00,2.640656362053294348e+00,1.024926558974980573e+01,1.513668870319240689e+00
-7.425000000000006040e-01,3.857469637581645738e+00,2.629201031196752414e+00,1.033454351830769724e+01,1.513668870319240689e+00
-7.374999999999998224e-01,3.878295927761070683e+00,2.618768204070081040e+00,1.041273817150032066e+01,1.513668870319240689e+00
-7.324999999999999289e-01,3.897290631401870709e+00,2.609291792170380209e+00,1.048420313776803248e+01,1.513668870319240689e+00
-7.275000000000000355e-01,3.914612817780019238e+00,2.600681852604197708e+00,1.054949759262158615e+01,1.513668870319240689e+00
-7.225000000000001421e-01,3.930384103021428821e+00,2.592869213437511089e+00,1.060904686313670986e+01,1.513668870319240689e+00
-7.175000000000002487e-01,3.944719722991784749e+00,2.585789473251306703e+00,1.066325842414004654e+01,1.513668870319240689e+00
-7.125000000000003553e-01,3.957743190316690640e+00,2.579375547539795921e+00,1.071257642911576724e+01,1.513668870319240689e+00
-7.075000000000004619e-01,3.969574695754781057e+00,2.573563250430202398e+00,1.075743707056987830e+01,1.513668870319240689e+00
-7.025000000000005684e-01,3.980334391225551549e+00,2.568289491034857708e+00,1.079828035611037329e+01,1.513668870319240689e+00
-6.975000000000006750e-01,3.990155062372855443e+00,2.563485917637147171e+00,1.083559779375968724e+01,1.513668870319240689e+00
-6.924999999999998934e-01,3.999171657359060106e+00,2.559083947838711737e+00,1.086989227587293527e+01,1.513668870319240689e+00
-6.875000000000000000e-01,4.007487432879019096e+00,2.555031143547697781e+00,1.090154869800776893e+01,1.513668870319240689e+00
-6.825000000000001066e-01,4.015152195692610171e+00,2.551301566598819459e+00,1.093075016811599731e+01,1.513668870319240689e+00
-6.775000000000002132e-01,4.022180321069788178e+00,2.547886771346302481e+00,1.095754576437305339e+01,1.513668870319240689e+00
-6.725000000000003197e-01,4.028594911109249388e+00,2.544774243058820495e+00,1.098201853077690160e+01,1.513668870319240689e+00
-6.675000000000004263e-01,4.034454899677398565e+00,2.541934283292023977e+00,1.100438903838747251e+01,1.513668870319240689e+00
-6.625000000000005329e-01,4.039838868375640324e+00,2.539327921572187119e+00,1.102495383093956427e+01,1.513668870319240689e+00
-6.575000000000006395e-01,4.044806579423296355e+00,2.536925527419054749e+00,1.104393842801514758e+01,1.513668870319240689e+00
-6.524999999999998579e-01,4.049381446461675971e+00,2.534715198433134642e+00,1.106142999678485594e+01,1.513668870319240689e+00
-6.474999999999999645e-01,4.053567826817483066e+00,2.532694315764610238e+00,1.107744315004553393e+01,1.513668870319240689e+00
-6.425000000000000711e-01,4.057375907113152103e+00,2.530857499297493263e+00,1.109201502947288809e+01,1.513668870319240689e+00
-6.375000000000001776e-01,4.060826297374063643e+00,2.529194403315968565e+00,1.110522291567065523e+01,1.513668870319240689e+00
-6.325000000000002842e-01,4.063939345721207630e+00,2.527694875520555495e+00,1.111714333961420209e+01,1.513668870319240689e+00
-6.275000000000003908e-01,4.066731002414691432e+00,2.526350939960024800e+00,1.112783621008127533e+01,1.513668870319240689e+00
-6.225000000000004974e-01,4.069220051960591000e+00,2.525153304953318134e+00,1.113737248642312139e+01,1.513668870319240689e+00
-6.175000000000006040e-01,4.071432596670463866e+00,2.524089204917147722e+00,1.114585135658796666e+01,1.513668870319240689e+00
-6.125000000000007105e-01,4.073395147410602490e+00,2.523145723323956258e+00,1.115337375398543784e+01,1.513668870319240689e+00
-6.074999999999999289e-01,4.075123987679992510e+00,2.522314897139664058e+00,1.116000155291681395e+01,1.513668870319240689e+00
-6.025000000000000355e-01,4.076622033189172711e+00,2.521595211649543700e+00,1.116574547494604452e+01,1.513668870319240689e+00
-5.975000000000001421e-01,4.077885434934186648e+00,2.520988417514598012e+00,1.117059036744102585e+01,1.513668870319240689e+00
-5.925000000000002487e-01,4.078914549766478714e+00,2.520494259439696627e+00,1.117453726472675690e+01,1.513668870319240689e+00
-5.875000000000003553e-01,4.079722052349849193e+00,2.520106584505738656e+00,1.117763451211230397e+01,1.513668870319240689e+00
-5.825000000000004619e-01,4.080331760600490298e+00,2.519813909422242038e+00,1.117997327259105411e+01,1.513668870319240689e+00
-5.775000000000005684e-01,4.080766290088178039e+00,2.519605345620922421e+00,1.118164016573199504e+01,1.513668870319240689e+00
-5.725000000000006750e-01,4.081031430255291248e+00,2.519478093225940629e+00,1.118265731435670141e+01,1.513668870319240689e+00
-5.674999999999998934e-01,4.081112529735714922e+00,2.519439171347568340e+00,1.118296846021208957e+01,1.513668870319240689e+00
-5.625000000000000000e-01,4.080991413829713643e+00,2.519497298619286507e+00,1.118250386360849724e+01,1.513668870319240689e+00
-5.575000000000001066e-01,4.080672130009142862e+00,2.519650539202788586e+00,1.118127907889831896e+01,1.513668870319240689e+00
-5.525000000000002132e-01,4.080190371028344032e+00,2.519881777947995616e+00,1.117943109077905284e+01,1.513668870319240689e+00
-5.475000000000003197e-01,4.079594640872255873e+00,2.520167751901520869e+00,1.117714603108299798e+01,1.513668870319240689e+00
-5.425000000000004263e-01,4.078916298631614090e+00,2.520493423724160742e+00,1.117454425154403808e+01,1.513668870319240689e+00
-5.375000000000005329e-01,4.078155357186444618e+00,2.520858802740014060e+00,1.117162586684915304e+01,1.513668870319240689e+00
-5.325000000000006395e-01,4.077287748274190271e+00,2.521275466092081974e+00,1.116829865194912763e+01,1.513668870319240689e+00
-5.274999999999998579e-01,4.076279204002199563e+00,2.521759901645146407e+00,1.116443131238670716e+01,1.513668870319240689e+00
-5.224999999999999645e-01,4.075097269091088492e+00,2.522327744326012144e+00,1.115989957395383669e+01,1.513668870319240689e+00
-5.175000000000000711e-01,4.073726381097576343e+00,2.522986531714952907e+00,1.115464401097330160e+01,1.513668870319240689e+00
-5.125000000000001776e-01,4.072182660528982368e+00,2.523728586658244843e+00,1.114872670711059577e+01,1.513668870319240689e+00
-5.075000000000002842e-01,4.070509855621953221e+00,2.524532945429539321e+00,1.114231561699480544e+01,1.513668870319240689e+00
-5.025000000000003908e-01,4.068749916456948945e+00,2.525379488430234520e+00,1.113557171413312474e+01,1.513668870319240689e+00
-4.975000000000004974e-01,4.066912902552552112e+00,2.526263418594631993e+00,1.112853370428092958e+01,1.513668870319240689e+00
-4.925000000000006040e-01,4.064976780224387909e+00,2.527195384068923634e+00,1.112111735575486726e+01,1.513668870319240689e+00
-4.875000000000007105e-01,4.062915054543006832e+00,2.528188199627762422e+00,1.111322143403130092e+01,1.513668870319240689e+00
-4.824999999999999289e-01,4.060720988246125707e+00,2.529245184288666515e+00,1.110482044997675821e+01,1.513668870319240689e+00
-4.775000000000000355e-01,4.058407808880864387e+00,2.530360043806911818e+00,1.109596537116111392e+01,1.513668870319240689e+00
-4.725000000000001421e-01,4.055994379848196552e+00,2.531523760083223440e+00,1.108672869109401304e+01,1.513668870319240689e+00
-4.675000000000002487e-01,4.053493661234057299e+00,2.532730151537881724e+00,1.107716024629568707e+01,1.513668870319240689e+00
-4.625000000000003553e-01,4.050906267290405260e+00,2.533978987885074474e+00,1.106726260737732126e+01,1.513668870319240689e+00
-4.575000000000004619e-01,4.048215851653084840e+00,2.535278230690841017e+00,1.105697351724291266e+01,1.513668870319240689e+00
-4.525000000000005684e-01,4.045394418408737813e+00,2.536641486425300851e+00,1.104618630360433507e+01,1.513668870319240689e+00
-4.475000000000006750e-01,4.042425940009471752e+00,2.538076604960116445e+00,1.103484019680604966e+01,1.513668870319240689e+00
-4.424999999999998934e-01,4.039333010692470083e+00,2.539572774809204514e+00,1.102302205131555901e+01,1.513668870319240689e+00
-4.375000000000000000e-01,4.036173252643271425e+00,2.541102212866876986e+00,1.101095233912298532e+01,1.513668870319240689e+00
-4.325000000000001066e-01,4.032992364507649974e+00,2.542642854836848265e+00,1.099880566827360973e+01,1.513668870319240689e+00
-4.275000000000002132e-01,4.029767196524002948e+00,2.544205957431844300e+00,1.098649365352948415e+01,1.513668870319240689e+00
-4.225000000000003197e-01,4.026396719696160531e+00,2.545840574086613461e+00,1.097363097877905602e+01,1.513668870319240689e+00
-4.175000000000004263e-01,4.022768359853829523e+00,2.547601480010822428e+00,1.095978897906445582e+01,1.513668870319240689e+00
-4.125000000000005329e-01,4.018862373852047476e+00,2.549498509787409439e+00,1.094489369006979018e+01,1.513668870319240689e+00
-4.075000000000006395e-01,4.014813669730285639e+00,2.551466363998450060e+00,1.092946063864071782e+01,1.513668870319240689e+00
-4.025000000000007461e-01,4.010867705210566569e+00,2.553385785382458195e+00,1.091442542220940481e+01,1.513668870319240689e+00
-3.974999999999999645e-01,4.007238490831449340e+00,2.555152492734420910e+00,1.090060214937074790e+01,1.513668870319240689e+00
-3.925000000000000711e-01,4.003957232304276914e+00,2.556750997677137871e+00,1.088810788894506665e+01,1.513668870319240689e+00
-3.875000000000001776e-01,4.000824825895119119e+00,2.558278056979497617e+00,1.087618350639488085e+01,1.513668870319240689e+00
-3.825000000000002842e-01,3.997512775613993874e+00,2.559893750328888551e+00,1.086357915855339762e+01,1.513668870319240689e+00
-3.775000000000003908e-01,3.993744449052582191e+00,2.561733208715150312e+00,1.084924439013980368e+01,1.513668870319240689e+00
-3.725000000000004974e-01,3.989435747278180955e+00,2.563837935919288213e+00,1.083286227844138594e+01,1.513668870319240689e+00
-3.675000000000006040e-01,3.984720071437772404e+00,2.566143376581047963e+00,1.081494226406893233e+01,1.513668870319240689e+00
-3.625000000000007105e-01,3.979865183222568881e+00,2.568519159397187224e+00,1.079650211283753336e+01,1.513668870319240689e+00
-3.574999999999999289e-01,3.975139955544108705e+00,2.570833959008551162e+00,1.077856126997815345e+01,1.513668870319240689e+00
-3.525000000000000355e-01,3.970697535543496137e+00,2.573012634250033237e+00,1.076169883620596579e+01,1.513668870319240689e+00
-3.475000000000001421e-01,3.966526137385789852e+00,2.575060520389672369e+00,1.074586929642144284e+01,1.513668870319240689e+00
-3.425000000000002487e-01,3.962484842097961035e+00,2.577046174791405519e+00,1.073053982346873170e+01,1.513668870319240689e+00
-3.375000000000003553e-01,3.958396266272687036e+00,2.579056220691672952e+00,1.071504111083632260e+01,1.513668870319240689e+00
-3.325000000000004619e-01,3.954138299536452905e+00,2.581150557223410580e+00,1.069891286361121097e+01,1.513668870319240689e+00
-3.275000000000005684e-01,3.949686862876045979e+00,2.583341437042537159e+00,1.068206342342066684e+01,1.513668870319240689e+00
-3.225000000000006750e-01,3.945099838387823521e+00,2.585601199036717368e+00,1.066470808181208874e+01,1.513668870319240689e+00
-3.174999999999998934e-01,3.940466449091877266e+00,2.587886790281861860e+00,1.064717897965928195e+01,1.513668870319240689e+00
-3.125000000000000000e-01,3.935856651491884239e+00,2.590164250509779720e+00,1.062973681708771245e+01,1.513668870319240689e+00
-3.075000000000001066e-01,3.931294716078373330e+00,2.592421441181278041e+00,1.061247405217156903e+01,1.513668870319240689e+00
-3.025000000000002132e-01,3.926762787036860658e+00,2.594666282005550606e+00,1.059532955021328604e+01,1.513668870319240689e+00
-2.975000000000003197e-01,3.922224245747351734e+00,2.596915540222207497e+00,1.057817509939729028e+01,1.513668870319240689e+00
-2.925000000000004263e-01,3.917649397708874215e+00,2.599182724367066655e+00,1.056090801662576517e+01,1.513668870319240689e+00
-2.875000000000005329e-01,3.913029274758950571e+00,2.601471898071704647e+00,1.054349798854259035e+01,1.513668870319240689e+00
-2.825000000000006395e-01,3.908373361479343000e+00,2.603779188032369962e+00,1.052597511505874728e+01,1.513668870319240689e+00
-2.775000000000007461e-01,3.903696766721520994e+00,2.606099000826888279e+00,1.050838235460179604e+01,1.513668870319240689e+00
-2.724999999999999645e-01,3.899006535008422869e+00,2.608430118886656768e+00,1.049072928760264567e+01,1.513668870319240689e+00
-2.675000000000000711e-01,3.894295023467110095e+00,2.610778023028457628e+00,1.047297480764168753e+01,1.513668870319240689e+00
-2.625000000000001776e-01,3.889542481591111489e+00,2.613152829561148582e+00,1.045504306557948837e+01,1.513668870319240689e+00
-2.575000000000002842e-01,3.884725916122459655e+00,2.615564639363191723e+00,1.043685878590609484e+01,1.513668870319240689e+00
-2.525000000000003908e-01,3.879828563333745262e+00,2.618019194047145337e+00,1.041837998092613127e+01,1.513668870319240689e+00
-2.475000000000004974e-01,3.874845288593320891e+00,2.620515998708763394e+00,1.039961181377081090e+01,1.513668870319240689e+00
-2.425000000000006040e-01,3.869783035927541803e+00,2.623049078420905289e+00,1.038060056660556896e+01,1.513668870319240689e+00
-2.375000000000007105e-01,3.864657192044101297e+00,2.625609704157587210e+00,1.036141292096849398e+01,1.513668870319240689e+00
-2.324999999999999289e-01,3.859487186468081088e+00,2.628189314835482460e+00,1.034211386921921161e+01,1.513668870319240689e+00
-2.275000000000000355e-01,3.854294510444334687e+00,2.630780908529175122e+00,1.032275634456530966e+01,1.513668870319240689e+00
-2.225000000000001421e-01,3.849100396061981399e+00,2.633379796619647717e+00,1.030337571529558538e+01,1.513668870319240689e+00
-2.175000000000002487e-01,3.843921882156708936e+00,2.635983786646358240e+00,1.028398836171831832e+01,1.513668870319240689e+00
-2.125000000000003553e-01,3.838769395493776049e+00,2.638591343161924563e+00,1.026460574713645890e+01,1.513668870319240689e+00
-2.075000000000004619e-01,3.833643320021602463e+00,2.641200099765295572e+00,1.024524547492748283e+01,1.513668870319240689e+00
-2.025000000000005684e-01,3.828529206901677640e+00,2.643808544582216147e+00,1.022591835130631921e+01,1.513668870319240689e+00
-1.975000000000006750e-01,3.823403641089447191e+00,2.646417479353321056e+00,1.020661878034164083e+01,1.513668870319240689e+00
-1.925000000000007816e-01,3.818253076735164342e+00,2.649027624417268800e+00,1.018734153567193168e+01,1.513668870319240689e+00
-1.875000000000000000e-01,3.813084506945365160e+00,2.651637424042050828e+00,1.016809734889960559e+01,1.513668870319240689e+00
-1.825000000000001066e-01,3.807912463278014137e+00,2.654244921058309448e+00,1.014890241508304314e+01,1.513668870319240689e+00
-1.775000000000002132e-01,3.802736922481711357e+00,2.656850019960150799e+00,1.012975599945143124e+01,1.513668870319240689e+00
-1.725000000000003197e-01,3.797542752633857432e+00,2.659454629865027453e+00,1.011064269147056294e+01,1.513668870319240689e+00
-1.675000000000004263e-01,3.792325043985133259e+00,2.662061107821136474e+00,1.009155135052975538e+01,1.513668870319240689e+00
-1.625000000000005329e-01,3.787115081234297520e+00,2.664669378074959738e+00,1.007247378081313371e+01,1.513668870319240689e+00
-1.575000000000006395e-01,3.781989362363694873e+00,2.667278580143107369e+00,1.005341937981373945e+01,1.513668870319240689e+00
-1.525000000000007461e-01,3.777023642658674074e+00,2.669887792675861515e+00,1.003440868644553952e+01,1.513668870319240689e+00
-1.474999999999999645e-01,3.772195079377226978e+00,2.672492658192690662e+00,1.001543577341296398e+01,1.513668870319240689e+00
-1.425000000000000711e-01,3.767354232906555467e+00,2.675095105159938313e+00,9.996526029983687778e+00,1.513668870319240689e+00
-1.375000000000001776e-01,3.762315493443782799e+00,2.677696228053441541e+00,9.977679347739780269e+00,1.513668870319240689e+00
-1.325000000000002842e-01,3.757036817105480431e+00,2.680289974464288516e+00,9.958830416050819423e+00,1.513668870319240689e+00
-1.275000000000003908e-01,3.751709997065983515e+00,2.682891628854961574e+00,9.940073759341977677e+00,1.513668870319240689e+00
-1.225000000000004974e-01,3.746440294817482197e+00,2.685490835151675526e+00,9.921334838282962920e+00,1.513668870319240689e+00
-1.175000000000006040e-01,3.741090740402414294e+00,2.688072999724515189e+00,9.902533594675672290e+00,1.513668870319240689e+00
-1.125000000000007105e-01,3.735637985725011490e+00,2.690685781826660961e+00,9.884055647484370155e+00,1.513668870319240689e+00
-1.074999999999999289e-01,3.730298954996172256e+00,2.693254297019067156e+00,9.865405392625705261e+00,1.513668870319240689e+00
-1.025000000000000355e-01,3.725808237231579945e+00,2.695806907371272931e+00,9.846674650778220794e+00,1.513668870319240689e+00
-9.750000000000014211e-02,3.722231746987324730e+00,2.698401131846484002e+00,9.828755403588615991e+00,1.513668870319240689e+00
-9.250000000000024869e-02,3.718777838831459182e+00,2.700919174293110903e+00,9.810561667784845952e+00,1.513668870319240689e+00
-8.750000000000035527e-02,3.715134428781422304e+00,2.703461038636786107e+00,9.792370543775753333e+00,1.513668870319240689e+00
-8.250000000000046185e-02,3.709636499382406694e+00,2.706000023042826275e+00,9.774490258984815938e+00,1.513668870319240689e+00
-7.750000000000056843e-02,3.700421505809741607e+00,2.708458844531786092e+00,9.756228570106102893e+00,1.513668870319240689e+00
-7.250000000000067502e-02,3.688384084846235034e+00,2.711027113412020739e+00,9.738959481121035822e+00,1.513668870319240689e+00
-6.750000000000078160e-02,3.676447411437535617e+00,2.713503783345932341e+00,9.721360373533252996e+00,1.513668870319240689e+00
-6.250000000000000000e-02,3.668276624868563651e+00,2.715831388398849633e+00,9.702641561446734286e+00,1.513668870319240689e+00
-5.750000000000010658e-02,3.664561429417133809e+00,2.718419592096620985e+00,9.686744917316913117e+00,1.513668870319240689e+00
-5.250000000000021316e-02,3.661450533478846303e+00,2.720756604956864777e+00,9.670596644229824790e+00,1.513668870319240689e+00
-4.750000000000031974e-02,3.657938758247603062e+00,2.723109973053547961e+00,9.653333521136540085e+00,1.513668870319240689e+00
-4.250000000000042633e-02,3.648451792250625214e+00,2.725437877257425257e+00,9.637028546671235318e+00,1.513668870319240689e+00
-3.750000000000053291e-02,3.623277884139492588e+00,2.727731999177301692e+00,9.621123488341126517e+00,1.513668870319240689e+00
-3.250000000000063949e-02,3.574824649069074045e+00,2.729998040298258655e+00,9.605501781090081792e+00,1.513668870319240689e+00
-2.750000000000074607e-02,3.501334945654426267e+00,2.732234328127500333e+00,9.590331599802674134e+00,1.513668870319240689e+00
-2.249999999999996447e-02,3.408695761394884283e+00,2.734441385612772724e+00,9.575730626035801052e+00,1.513668870319240689e+00
-1.750000000000007105e-02,3.309573133025205394e+00,2.736612480137102565e+00,9.561798865257685520e+00,1.513668870319240689e+00
-1.250000000000017764e-02,3.220047864390294556e+00,2.738737046206818349e+00,9.548594204593639390e+00,1.513668870319240689e+00
-7.500000000000284217e-03,3.155156566173622057e+00,2.740806635543038716e+00,9.536087803345511205e+00,1.513668870319240689e+00
-2.500000000000390799e-03,3.125036149220570270e+00,2.742819557883430015e+00,9.524153943201952188e+00,1.513668870319240689e+00
2.499999999999502620e-03,3.132882869594594943e+00,2.744780624381300438e+00,9.512606674580666777e+00,1.513668870319240689e+00
7.499999999999396039e-03,3.175075814069460378e+00,2.746695172478739178e+00,9.501270792955033073e+00,1.513668870319240689e+00
1.249999999999928946e-02,3.243019575862778670e+00,2.748563167728736989e+00,9.490041699796439190e+00,1.513668870319240689e+00
1.749999999999918288e-02,3.325834322735023552e+00,2.750377269857819496e+00,9.478907418014362207e+00,1.513668870319240689e+00
2.249999999999996447e-02,3.412995677938128747e+00,2.752128117752985048e+00,9.467911686080483946e+00,1.513668870319240689e+00
2.749999999999985789e-02,3.496287607515936813e+00,2.753811712366276865e+00,9.457094081577565703e+00,1.513668870319240689e+00
3.249999999999975131e-02,3.570790199726536329e+00,2.755427843537675336e+00,9.446486189332450323e+00,1.513668870319240689e+00
3.749999999999964473e-02,3.634908647269329496e+00,2.756974684007328147e+00,9.436137094990105112e+00,1.513668870319240689e+00
4.249999999999953815e-02,3.689666239429188810e+00,2.758443123257161567e+00,9.426146227766775354e+00,1.513668870319240689e+00
4.749999999999943157e-02,3.737600378075141450e+00,2.759813422006351047e+00,9.416682459655929094e+00,1.513668870319240689e+00
5.249999999999932498e-02,3.781599627740811709e+00,2.761069795641917679e+00,9.407879457070624341e+00,1.513668870319240689e+00
5.749999999999921840e-02,3.824007888678885969e+00,2.762213460498528228e+00,9.399744899808233356e+00,1.513668870319240689e+00
6.250000000000000000e-02,3.866192915093281890e+00,2.763250075077066104e+00,9.392249127957725818e+00,1.513668870319240689e+00
6.749999999999989342e-02,3.908513948207958499e+00,2.764173585593180604e+00,9.385435725708836330e+00,1.513668870319240689e+00
7.249999999999978684e-02,3.950546475746569364e+00,2.764973102904105140e+00,9.379404485245583345e+00,1.513668870319240689e+00
7.749999999999968026e-02,3.991411208048492032e+00,2.765633246400999834e+00,9.374251035659696640e+00,1.513668870319240689e+00
8.249999999999957367e-02,4.030096510047928682e+00,2.766137639958899275e+00,9.370155845801066974e+00,1.513668870319240689e+00
8.749999999999946709e-02,4.065754254793309208e+00,2.766457992629972384e+00,9.367268739219895224e+00,1.513668870319240689e+00
9.249999999999936051e-02,4.097805736526956899e+00,2.766607620545485258e+00,9.365604071074674408e+00,1.513668870319240689e+00
9.749999999999925393e-02,4.125968187259050346e+00,2.766596457206863757e+00,9.365079816954985148e+00,1.513668870319240689e+00
1.025000000000000355e-01,4.150075267539617307e+00,2.766414122132455855e+00,9.365512481317601612e+00,1.513668870319240689e+00
1.074999999999999289e-01,4.170464900836496014e+00,2.766073756586234111e+00,9.367608650974510454e+00,1.513668870319240689e+00
1.124999999999998224e-01,4.186847385511272890e+00,2.765381842080512520e+00,9.371652118746204962e+00,1.513668870319240689e+00
1.174999999999997158e-01,4.198495901068368674e+00,2.764389845735329754e+00,9.377620243564212643e+00,1.513668870319240689e+00
1.224999999999996092e-01,4.206385870253877002e+00,2.763315389234988206e+00,9.386164099286364859e+00,1.513668870319240689e+00
1.274999999999995026e-01,4.209347375250946932e+00,2.761881788699499296e+00,9.394960192916226305e+00,1.513668870319240689e+00
1.324999999999993960e-01,4.207012294181474488e+00,2.760257818135065211e+00,9.405862031324398131e+00,1.513668870319240689e+00
1.374999999999992895e-01,4.206278151301546586e+00,2.758533282445249313e+00,9.416283297953116360e+00,1.513668870319240689e+00
1.424999999999991829e-01,4.209289498259918716e+00,2.756481818575806209e+00,9.431641461210460875e+00,1.513668870319240689e+00
1.474999999999999645e-01,4.212718012866472073e+00,2.754371113784241043e+00,9.448219879864952375e+00,1.513668870319240689e+00
1.524999999999998579e-01,4.216131310918823871e+00,2.751954536736207491e+00,9.461296640699169203e+00,1.513668870319240689e+00
1.574999999999997513e-01,4.218743138429249306e+00,2.749293263711805047e+00,9.477876292783495416e+00,1.513668870319240689e+00
1.624999999999996447e-01,4.220878746970729622e+00,2.747222164458846372e+00,9.505143196325992250e+00,1.513668870319240689e+00
1.674999999999995381e-01,4.209777802235275423e+00,2.742407842403758345e+00,9.531120975402231466e+00,1.513668870319240689e+00
1.724999999999994316e-01,4.179414005654652264e+00,2.737620806519306615e+00,9.564038992424215735e+00,1.513668870319240689e+00
1.774999999999993250e-01,4.133859113851823253e+00,2.731881687571085404e+00,9.605414543753603596e+00,1.513668870319240689e+00
1.824999999999992184e-01,4.075474405072599282e+00,2.725799292438419119e+00,9.648550601498172341e+00,1.513668870319240689e+00
1.875000000000000000e-01,4.008975412670454652e+00,2.719737913678463403e+00,9.690770013965281038e+00,1.513668870319240689e+00
1.924999999999998934e-01,3.940813061966485620e+00,2.713751598389356090e+00,9.731831780001177989e+00,1.513668870319240689e+00
1.974999999999997868e-01,3.876784821401551007e+00,2.707798156123670807e+00,9.772241927776029513e+00,1.513668870319240689e+00
2.024999999999996803e-01,3.819960762829298861e+00,2.701838192686416562e+00,9.812352991288740611e+00,1.513668870319240689e+00
2.074999999999995737e-01,3.770298298035714701e+00,2.695836642357738455e+00,9.852420737223880565e+00,1.513668870319240689e+00
2.124999999999994671e-01,3.725600051940785029e+00,2.689747080127403489e+00,9.892783602908416185e+00,1.513668870319240689e+00
2.174999999999993605e-01,3.682930394097103211e+00,2.683535979933634241e+00,9.933682513190923657e+00,1.513668870319240689e+00
2.224999999999992539e-01,3.639867680132955030e+00,2.677207802382872703e+00,9.975064018039706326e+00,1.513668870319240689e+00
2.275000000000000355e-01,3.595230296551967797e+00,2.670796031641740065e+00,1.001664626926114998e+01,1.513668870319240689e+00
2.324999999999999289e-01,3.549143255682757125e+00,2.664342529254946967e+00,1.005809464578178947e+01,1.513668870319240689e+00
2.374999999999998224e-01,3.502606287281332609e+00,2.657889291703571466e+00,1.009910990293570698e+01,1.513668870319240689e+00
2.424999999999997158e-01,3.456930085131387109e+00,2.651475886548138927e+00,1.013945579136689723e+01,1.513668870319240689e+00
2.474999999999996092e-01,3.413358797903707220e+00,2.645134142678858158e+00,1.017898513436746910e+01,1.513668870319240689e+00
2.524999999999995026e-01,3.372960002303477811e+00,2.638883558735444002e+00,1.021758993250055170e+01,1.513668870319240689e+00
2.574999999999993960e-01,3.336702449441287133e+00,2.632750950731829409e+00,1.025521610874925216e+01,1.513668870319240689e+00
2.624999999999992895e-01,3.305450242783418702e+00,2.626744405862681209e+00,1.029164505606407332e+01,1.513668870319240689e+00
2.674999999999991829e-01,3.279827728564807199e+00,2.620898462100142989e+00,1.032694580053860989e+01,1.513668870319240689e+00
2.724999999999999645e-01,3.259952087408103605e+00,2.615204848312988606e+00,1.036109962742812129e+01,1.513668870319240689e+00
2.774999999999998579e-01,3.244903161400062963e+00,2.609612190183208114e+00,1.039410847391928350e+01,1.513668870319240689e+00
2.824999999999997513e-01,3.233091337633609008e+00,2.604196144579919103e+00,1.042653905799473613e+01,1.513668870319240689e+00
2.874999999999996447e-01,3.222747195461376890e+00,2.598918104238868043e+00,1.045809852029749010e+01,1.513668870319240689e+00
2.924999999999995381e-01,3.212681526336512938e+00,2.593784638809447429e+00,1.048862833346002077e+01,1.513668870319240689e+00
2.974999999999994316e-01,3.203592369799141526e+00,2.588820671979478849e+00,1.051791328961859584e+01,1.513668870319240689e+00
3.024999999999993250e-01,3.198401130531177916e+00,2.584054616122900772e+00,1.054609207387193059e+01,1.513668870319240689e+00
3.074999999999992184e-01,3.201714528305513063e+00,2.579467201419203271e+00,1.057320096437984880e+01,1.513668870319240689e+00
3.125000000000000000e-01,3.218430844853789718e+00,2.575029012313371890e+00,1.059943734288168571e+01,1.513668870319240689e+00
3.174999999999998934e-01,3.251982449827838462e+00,2.570729470643247971e+00,1.062507257970136720e+01,1.513668870319240689e+00
3.224999999999997868e-01,3.302921497664433215e+00,2.566576695313364631e+00,1.065026444440096931e+01,1.513668870319240689e+00
3.274999999999996803e-01,3.368533772363389023e+00,2.562588872233297899e+00,1.067504007278470546e+01,1.513668870319240689e+00
3.324999999999995737e-01,3.443672947589931255e+00,2.558775952046874913e+00,1.069937348559176726e+01,1.513668870319240689e+00
3.374999999999994671e-01,3.522441722993859159e+00,2.555129380866977939e+00,1.072324265538719601e+01,1.513668870319240689e+00
3.424999999999993605e-01,3.599989816382596075e+00,2.551631751964847705e+00,1.074661945962794896e+01,1.513668870319240689e+00
3.474999999999992539e-01,3.673713172012065264e+00,2.548275330638272607e+00,1.076944660020265054e+01,1.513668870319240689e+00
3.524999999999991473e-01,3.743478812364380737e+00,2.545069602093613437e+00,1.079167898104247669e+01,1.513668870319240689e+00
3.574999999999999289e-01,3.810942210115258799e+00,2.542033234718060086e+00,1.081335974497291907e+01,1.513668870319240689e+00
3.624999999999998224e-01,3.878363471381495842e+00,2.539183500101442448e+00,1.083461317976540350e+01,1.513668870319240689e+00
3.674999999999997158e-01,3.947468838356826382e+00,2.536532027368811448e+00,1.085552961456405718e+01,1.513668870319240689e+00
3.724999999999996092e-01,4.018808773470774476e+00,2.534080861688466690e+00,1.087607375778901542e+01,1.513668870319240689e+00
3.774999999999995026e-01,4.091759984150603380e+00,2.531814709104791561e+00,1.089612766504028052e+01,1.513668870319240689e+00
3.824999999999993960e-01,4.164963649867849504e+00,2.529701046965781686e+00,1.091559593608894296e+01,1.513668870319240689e+00
3.874999999999992895e-01,4.236832683540759703e+00,2.527707597460073785e+00,1.093443405504161170e+01,1.513668870319240689e+00
3.924999999999991829e-01,4.305901397704904987e+00,2.525824609150491007e+00,1.095259400206847822e+01,1.513668870319240689e+00
3.974999999999999645e-01,4.371046049626562180e+00,2.524068897385596255e+00,1.097000478006394353e+01,1.513668870319240689e+00
4.024999999999998579e-01,4.431660847265992409e+00,2.522466769130661479e+00,1.098662497754645351e+01,1.513668870319240689e+00
4.074999999999997513e-01,4.487725683242374863e+00,2.521035149225807181e+00,1.100247084534294117e+01,1.513668870319240689e+00
4.124999999999996447e-01,4.539626386441744543e+00,2.519776991782448405e+00,1.101758629943856427e+01,1.513668870319240689e+00
4.174999999999995381e-01,4.587691405146520296e+00,2.518683641919958305e+00,1.103202408419087455e+01,1.513668870319240689e+00
4.224999999999994316e-01,4.631678475437510656e+00,2.517733793900286621e+00,1.104586659349265254e+01,1.513668870319240689e+00
4.274999999999993250e-01,4.670595414769050713e+00,2.516904521065989275e+00,1.105923357828024933e+01,1.513668870319240689e+00
4.324999999999992184e-01,4.702944034286137054e+00,2.516189286200728237e+00,1.107210711083497578e+01,1.513668870319240689e+00
4.375000000000000000e-01,4.727312688080305136e+00,2.515604999001231690e+00,1.108421089530875747e+01,1.513668870319240689e+00
4.424999999999998934e-01,4.743158645466278855e+00,2.515178401633499927e+00,1.109531433949078405e+01,1.513668870319240689e+00
4.474999999999997868e-01,4.751375503294533509e+00,2.514895408980368341e+00,1.110543618489678863e+01,1.513668870319240689e+00
4.524999999999996803e-01,4.754577975270073864e+00,2.514715041155470843e+00,1.111483818110688659e+01,1.513668870319240689e+00
4.574999999999995737e-01,4.756437714694463637e+00,2.514635180697772032e+00,1.112379117680433538e+01,1.513668870319240689e+00
4.624999999999994671e-01,4.759556091867795047e+00,2.514661589249998386e+00,1.113198634186256264e+01,1.513668870319240689e+00
4.674999999999993605e-01,4.764178026282723799e+00,2.514816516170248928e+00,1.113926196581073746e+01,1.513668870319240689e+00
4.724999999999992539e-01,4.768561983301339957e+00,2.515120006281267528e+00,1.114603360702776413e+01,1.513668870319240689e+00
4.774999999999991473e-01,4.769204910917099305e+00,2.515484105008475968e+00,1.115174487551702498e+01,1.513668870319240689e+00
4.824999999999999289e-01,4.757002056745954555e+00,2.515960570048683564e+00,1.115660106440843258e+01,1.513668870319240689e+00
4.874999999999998224e-01,4.718711212272395095e+00,2.516492350932584277e+00,1.116135330964332262e+01,1.513668870319240689e+00
4.924999999999997158e-01,4.654910226851370680e+00,2.517156313666313316e+00,1.116461903229419583e+01,1.513668870319240689e+00
4.974999999999996092e-01,4.572153172911770369e+00,2.517898914068986915e+00,1.116678943932241985e+01,1.513668870319240689e+00
5.024999999999995026e-01,4.479277019632701418e+00,2.518686590766394229e+00,1.116815837671896894e+01,1.513668870319240689e+00
5.074999999999993960e-01,4.385371591391776569e+00,2.519518544184290665e+00,1.116896775348767434e+01,1.513668870319240689e+00
5.124999999999992895e-01,4.297348040250954959e+00,2.520419628697660119e+00,1.116926250426611844e+01,1.513668870319240689e+00
5.174999999999991829e-01,4.218191578260717556e+00,2.521411176287267075e+00,1.116897017937652059e+01,1.513668870319240689e+00
5.224999999999999645e-01,4.146972953761040692e+00,2.522491600355320163e+00,1.116811966392039857e+01,1.513668870319240689e+00
5.274999999999998579e-01,4.080398723756428758e+00,2.523644078977031135e+00,1.116682146502948925e+01,1.513668870319240689e+00
5.324999999999997513e-01,4.014874697454988706e+00,2.524856535697660220e+00,1.116507377842523674e+01,1.513668870319240689e+00
5.374999999999996447e-01,3.948112259737995622e+00,2.526128253758152198e+00,1.116270384451436470e+01,1.513668870319240689e+00
5.424999999999995381e-01,3.879764834792966521e+00,2.527460082025573040e+00,1.115952240380769389e+01,1.513668870319240689e+00
5.474999999999994316e-01,3.811085680947830845e+00,2.528846036668315200e+00,1.115548933689919409e+01,1.513668870319240689e+00
5.524999999999993250e-01,3.744004892813005192e+00,2.530276443374023465e+00,1.115072782799597739e+01,1.513668870319240689e+00
5.574999999999992184e-01,3.680210929008659093e+00,2.531744500934106856e+00,1.114543218576605099e+01,1.513668870319240689e+00
5.624999999999991118e-01,3.620705807666598108e+00,2.533249516180910099e+00,1.113976239183188000e+01,1.513668870319240689e+00
5.674999999999998934e-01,3.565963053503955926e+00,2.534798201941925289e+00,1.113376666309576457e+01,1.513668870319240689e+00
5.724999999999997868e-01,3.516432800820614712e+00,2.536402206047973173e+00,1.112737586139975754e+01,1.513668870319240689e+00
5.774999999999996803e-01,3.472900069592568695e+00,2.538069470493691693e+00,1.112048720073204855e+01,1.513668870319240689e+00
5.824999999999995737e-01,3.436288049038830117e+00,2.539793995769134671e+00,1.111308169908010157e+01,1.513668870319240689e+00
5.874999999999994671e-01,3.406917096154922664e+00,2.541558105317674787e+00,1.110524580339991552e+01,1.513668870319240689e+00
5.924999999999993605e-01,3.383748072886402447e+00,2.543354171865777058e+00,1.109702999522368749e+01,1.513668870319240689e+00
5.974999999999992539e-01,3.364369124842419456e+00,2.545202741117720713e+00,1.108830900007703590e+01,1.513668870319240689e+00
6.024999999999991473e-01,3.346133883103501017e+00,2.547134324806847427e+00,1.107888656043852471e+01,1.513668870319240689e+00
6.074999999999999289e-01,3.328031636539241500e+00,2.549148724998012483e+00,1.106875834052354968e+01,1.513668870319240689e+00
6.124999999999998224e-01,3.312165050460882831e+00,2.551204904427298636e+00,1.105816800996827887e+01,1.513668870319240689e+00
6.174999999999997158e-01,3.303746980790905230e+00,2.553256372174511846e+00,1.104735911709567198e+01,1.513668870319240689e+00
6.224999999999996092e-01,3.309312305996568337e+00,2.555300269672655666e+00,1.103624794002411491e+01,1.513668870319240689e+00
6.274999999999995026e-01,3.333899197793708247e+00,2.557394946787427958e+00,1.102432486394495470e+01,1.513668870319240689e+00
6.324999999999993960e-01,3.378633922122724620e+00,2.559621612644916944e+00,1.101094070024620741e+01,1.513668870319240689e+00
6.374999999999992895e-01,3.440017435559545422e+00,2.562003079365051228e+00,1.099588950484577232e+01,1.513668870319240689e+00
6.424999999999991829e-01,3.511300580724489695e+00,2.564429497557396687e+00,1.097995477735095271e+01,1.513668870319240689e+00
6.474999999999999645e-01,3.585120989041516104e+00,2.566685150737452403e+00,1.096473671239079373e+01,1.513668870319240689e+00
6.524999999999998579e-01,3.655911585002274755e+00,2.568627823987566838e+00,1.095133132066590953e+01,1.513668870319240689e+00
6.574999999999997513e-01,3.721074345761567592e+00,2.570374744218054008e+00,1.093889291867050773e+01,1.513668870319240689e+00
6.624999999999996447e-01,3.780902387392958364e+00,2.572258042811049972e+00,1.092489774077927756e+01,1.513668870319240689e+00
6.674999999999995381e-01,3.837646637885208101e+00,2.574558093743152476e+00,1.090714993341336836e+01,1.513668870319240689e+00
6.724999999999994316e-01,3.894101775951333444e+00,2.577285346947501221e+00,1.088549809132302748e+01,1.513668870319240689e+00
6.774999999999993250e-01,3.952248928671469930e+00,2.580196020736996942e+00,1.086178129823993288e+01,1.513668870319240689e+00
6.824999999999992184e-01,4.012550452657589695e+00,2.582981440975788967e+00,1.083840632578476004e+01,1.513668870319240689e+00
6.874999999999991118e-01,4.074079224093938301e+00,2.585468447809358139e+00,1.081678291476132969e+01,1.513668870319240689e+00
6.924999999999998934e-01,4.135158701504728640e+00,2.587706770066877215e+00,1.079658473685759645e+01,1.513668870319240689e+00
6.974999999999997868e-01,4.194037472617897500e+00,2.589901234237903971e+00,1.077621246951834166e+01,1.513668870319240689e+00
7.024999999999996803e-01,4.249314213546892205e+00,2.592245868914979212e+00,1.075407800549031379e+01,1.513668870319240689e+00
7.074999999999995737e-01,4.300115622319072628e+00,2.594786756354167334e+00,1.072973749289600676e+01,1.513668870319240689e+00
7.124999999999994671e-01,4.346131320448616719e+00,2.597420910946037331e+00,1.070398798998802548e+01,1.513668870319240689e+00
7.174999999999993605e-01,4.387519252546486115e+00,2.600016670620541426e+00,1.067797273101563427e+01,1.513668870319240689e+00
7.224999999999992539e-01,4.424645543494266420e+00,2.602529228694263175e+00,1.065224656644682355e+01,1.513668870319240689e+00
7.274999999999991473e-01,4.457739869402965738e+00,2.605010572071801089e+00,1.062660297483938088e+01,1.513668870319240689e+00
7.324999999999999289e-01,4.486677726293423873e+00,2.607532143317917939e+00,1.060057236343420151e+01,1.513668870319240689e+00
7.374999999999998224e-01,4.510993138320400497e+00,2.610112851016095803e+00,1.057393642477264883e+01,1.513668870319240689e+00
7.424999999999997158e-01,4.529981791800339330e+00,2.612717792384132487e+00,1.054679235336221410e+01,1.513668870319240689e+00
7.474999999999996092e-01,4.542773905743076490e+00,2.615312307473965703e+00,1.051926397424846016e+01,1.513668870319240689e+00
7.524999999999995026e-01,4.548524517341475892e+00,2.617906093343322471e+00,1.049127712899040787e+01,1.513668870319240689e+00
7.574999999999993960e-01,4.546899222008182306e+00,2.620545936449394819e+00,1.046262961369990663e+01,1.513668870319240689e+00
7.624999999999992895e-01,4.538693720024105538e+00,2.623275189959979325e+00,1.043321328132890180e+01,1.513668870319240689e+00
7.674999999999991829e-01,4.526154154820106967e+00,2.626104906357310753e+00,1.040313570420435774e+01,1.513668870319240689e+00
7.724999999999990763e-01,4.512629464403469903e+00,2.629017801569099255e+00,1.037266194743006764e+01,1.513668870319240689e+00
7.774999999999998579e-01,4.501405702356593430e+00,2.631990397277155669e+00,1.034207197625001129e+01,1.513668870319240689e+00
7.824999999999997513e-01,4.493877254956901268e+00,2.635007985414702603e+00,1.031155506245666942e+01,1.513668870319240689e+00
7.874999999999996447e-01,4.487767135356763859e+00,2.638062659362639284e+00,1.028119278942295267e+01,1.513668870319240689e+00
7.924999999999995381e-01,4.476658685488558831e+00,2.641143743070688998e+00,1.025100505692210895e+01,1.513668870319240689e+00
7.974999999999994316e-01,4.451846497159546168e+00,2.644234065596408723e+00,1.022100258061919753e+01,1.513668870319240689e+00
8.024999999999993250e-01,4.406131040030739854e+00,2.647315771732111411e+00,1.019121807746530273e+01,1.513668870319240689e+00
8.074999999999992184e-01,4.337588413602413873e+00,2.650379277713413195e+00,1.016172811927575559e+01,1.513668870319240689e+00
8.124999999999991118e-01,4.250986502563856462e+00,2.653427850279915123e+00,1.013267033605812273e+01,1.513668870319240689e+00
8.174999999999998934e-01,4.155884530743717775e+00,2.656475458978635462e+00,1.010422815434148092e+01,1.513668870319240689e+00
8.224999999999997868e-01,4.062539062879855223e+00,2.659539512571145181e+00,1.007656529759232278e+01,1.513668870319240689e+00
8.274999999999996803e-01,3.977970369891135949e+00,2.662631278972526605e+00,1.004974460204303455e+01,1.513668870319240689e+00
8.324999999999995737e-01,3.904147500276225813e+00,2.665748777071422104e+00,1.002369408530834249e+01,1.513668870319240689e+00
8.374999999999994671e-01,3.838749986827823868e+00,2.668878404589698050e+00,9.998253907134683871e+00,1.513668870319240689e+00
8.424999999999993605e-01,3.777523819532384586e+00,2.672006412339785530e+00,9.973279216844924022e+00,1.513668870319240689e+00
8.474999999999992539e-01,3.716708984253049408e+00,2.675131424369645572e+00,9.948732438757534879e+00,1.513668870319240689e+00
8.524999999999991473e-01,3.654430745569710481e+00,2.678266359357546200e+00,9.924703143973463426e+00,1.513668870319240689e+00
8.574999999999999289e-01,3.590793827802772675e+00,2.681427743018774734e+00,9.901340014297225878e+00,1.513668870319240689e+00
8.624999999999998224e-01,3.527107825672934904e+00,2.684622157145325705e+00,9.878737862407149350e+00,1.513668870319240689e+00
8.674999999999997158e-01,3.464919204712971101e+00,2.687840508822437080e+00,9.856858156820667460e+00,1.513668870319240689e+00
8.724999999999996092e-01,3.405379075447685366e+00,2.691061857760487452e+00,9.835544963459563306e+00,1.513668870319240689e+00
8.774999999999995026e-01,3.349129786438334921e+00,2.694261592141740991e+00,9.814626681869626168e+00,1.513668870319240689e+00
8.824999999999993960e-01,3.296543158105486704e+00,2.697419513694515381e+00,9.794021370698114737e+00,1.513668870319240689e+00
8.874999999999992895e-01,3.247966057319391808e+00,2.700526717690885814e+00,9.773759200247720713e+00,1.513668870319240689e+00
8.924999999999991829e-01,3.203740540887644261e+00,2.703588470016339507e+00,9.753919362913409330e+00,1.513668870319240689e+00
8.974999999999990763e-01,3.164071490481307869e+00,2.706619727430546352e+00,9.734551213771684530e+00,1.513668870319240689e+00
9.024999999999998579e-01,3.129010178381482543e+00,2.709632823109108468e+00,9.715657568712067871e+00,1.513668870319240689e+00
9.074999999999997513e-01,3.098647896171239147e+00,2.712627013210993088e+00,9.697230515079381163e+00,1.513668870319240689e+00
9.124999999999996447e-01,3.073240454678725975e+00,2.715588788018662214e+00,9.679287661811224908e+00,1.513668870319240689e+00
9.174999999999995381e-01,3.052892696268185713e+00,2.718503319688331477e+00,9.661867354710519606e+00,1.513668870319240689e+00
9.224999999999994316e-01,3.036893626542841229e+00,2.721367160575061561e+00,9.644993710460923353e+00,1.513668870319240689e+00
9.274999999999993250e-01,3.023416059040194614e+00,2.724189974499841238e+00,9.628658148197020594e+00,1.513668870319240689e+00
9.324999999999992184e-01,3.010324078270194104e+00,2.726981524916705979e+00,9.612850349162792796e+00,1.513668870319240689e+00
9.374999999999991118e-01,2.996965713724785374e+00,2.729743713454365395e+00,9.597552550232771651e+00,1.513668870319240689e+00
9.424999999999998934e-01,2.985782377720441527e+00,2.732464539104388912e+00,9.582757065270868679e+00,1.513668870319240689e+00
9.474999999999997868e-01,2.982275157369502772e+00,2.735123674567868424e+00,9.568453376074774752e+00,1.513668870319240689e+00
9.524999999999996803e-01,2.992851885953847990e+00,2.737706973179297343e+00,9.554581216798784027e+00,1.513668870319240689e+00
9.574999999999995737e-01,3.021629840233597264e+00,2.740208530023827915e+00,9.541058966569067934e+00,1.513668870319240689e+00
9.624999999999994671e-01,3.068101572788225706e+00,2.742624675436822201e+00,9.527843084590134737e+00,1.513668870319240689e+00
9.674999999999993605e-01,3.127075073394485649e+00,2.744954549891494455e+00,9.514923847294866732e+00,1.513668870319240689e+00
9.724999999999992539e-01,3.190884558552040229e+00,2.747201771588910546e+00,9.502298757894166670e+00,1.513668870319240689e+00
9.774999999999991473e-01,3.252552439099752668e+00,2.749366348772038116e+00,9.490002539655467473e+00,1.513668870319240689e+00
9.824999999999990408e-01,3.308192343599410723e+00,2.751441592221935739e+00,9.478110411362212773e+00,1.513668870319240689e+00
9.874999999999998224e-01,3.357640056049433941e+00,2.753415407277518323e+00,9.466721872601238985e+00,1.513668870319240689e+00
9.924999999999997158e-01,3.403399704107838097e+00,2.755275247349971757e+00,9.455933999727575312e+00,1.513668870319240689e+00
9.974999999999996092e-01,3.448765625515322064e+00,2.757027441701825232e+00,9.445726314986178096e+00,1.513668870319240689e+00
1.002499999999999503e+00,3.496201391227841793e+00,2.758691874096635299e+00,9.436003318004214435e+00,1.513668870319240689e+00
1.007499999999999396e+00,3.546645702715635728e+00,2.760251468794779672e+00,9.426933959243914529e+00,1.513668870319240689e+00
1.012499999999999289e+00,3.599652451324676150e+00,2.761641923008765875e+00,9.418992530421952836e+00,1.513668870319240689e+00
1.017499999999999183e+00,3.653911213482690545e+00,2.762830766386484616e+00,9.412380880584860776e+00,1.513668870319240689e+00
1.022499999999999076e+00,3.707887347292082580e+00,2.763870641314324583e+00,9.406657725686763172e+00,1.513668870319240689e+00
1.027499999999999858e+00,3.760443721115036109e+00,2.764811121375067238e+00,9.401355377353873166e+00,1.513668870319240689e+00
1.032499999999999751e+00,3.811091070339270193e+00,2.765614497311431386e+00,9.396673159840682743e+00,1.513668870319240689e+00
1.037499999999999645e+00,3.859742048898556543e+00,2.766204053985920730e+00,9.393223831244382538e+00,1.513668870319240689e+00
1.042499999999999538e+00,3.906261443297212477e+00,2.766575974243325131e+00,9.391175767092759585e+00,1.513668870319240689e+00
1.047499999999999432e+00,3.950418021723608675e+00,2.766799699204114837e+00,9.390282674323174206e+00,1.513668870319240689e+00
1.052499999999999325e+00,3.992191135403101665e+00,2.766902900480354699e+00,9.390442278450786162e+00,1.513668870319240689e+00
1.057499999999999218e+00,4.031708881502687802e+00,2.766854168651263546e+00,9.391881499887043461e+00,1.513668870319240689e+00
1.062499999999999112e+00,4.068636028991430287e+00,2.766619238029815353e+00,9.394830366252898912e+00,1.513668870319240689e+00
1.067499999999999893e+00,4.102129724745897654e+00,2.766150565570220543e+00,9.399183244170885132e+00,1.513668870319240689e+00
1.072499999999999787e+00,4.131976651577655701e+00,2.765454819261875752e+00,9.405205951969632494e+00,1.513668870319240689e+00
1.077499999999999680e+00,4.158301430218326544e+00,2.764505117976289394e+00,9.412609481925791499e+00,1.513668870319240689e+00
1.082499999999999574e+00,4.181864629759483698e+00,2.763440931629556285e+00,9.421377087687028862e+00,1.513668870319240689e+00
1.087499999999999467e+00,4.202130147945988270e+00,2.762076938812206173e+00,9.430593148201689147e+00,1.513668870319240689e+00
1.092499999999999361e+00,4.220093206712719258e+00,2.760953924206823284e+00,9.441024547195182137e+00,1.513668870319240689e+00
1.097499999999999254e+00,4.232003451641741520e+00,2.759288518471705753e+00,9.455495202517271380e+00,1.513668870319240689e+00
1.102499999999999147e+00,4.234968293991387078e+00,2.757427215295094047e+00,9.465483067869165268e+00,1.513668870319240689e+00
1.107499999999999041e+00,4.236383480905552723e+00,2.755881268334146039e+00,9.477737373620421124e+00,1.513668870319240689e+00
1.112499999999999822e+00,4.238157788276069482e+00,2.754106346417041884e+00,9.492406317987075681e+00,1.513668870319240689e+00
1.117499999999999716e+00,4.241815717283969001e+00,2.752022155042729956e+00,9.506168088859840992e+00,1.513668870319240689e+00
1.122499999999999609e+00,4.247735397988035899e+00,2.749769421280439108e+00,9.522628381831472311e+00,1.513668870319240689e+00
1.127499999999999503e+00,4.253991388129854556e+00,2.747185997156549320e+00,9.541927745620542467e+00,1.513668870319240689e+00
1.132499999999999396e+00,4.258006906707964667e+00,2.743747646596821355e+00,9.559528098867071222e+00,1.513668870319240689e+00
1.137499999999999289e+00,4.261730868886035140e+00,2.740862294469128546e+00,9.587067239228229454e+00,1.513668870319240689e+00
1.142499999999999183e+00,4.259246602305245766e+00,2.736646046401973287e+00,9.617815125346135474e+00,1.513668870319240689e+00
1.147499999999999076e+00,4.220118008236931395e+00,2.732487389254572463e+00,9.647222224822739278e+00,1.513668870319240689e+00
1.152499999999999858e+00,4.152254687182072246e+00,2.728073869339559643e+00,9.673633763954441633e+00,1.513668870319240689e+00
1.157499999999999751e+00,4.072843386959930534e+00,2.724082444861456231e+00,9.700748333296502324e+00,1.513668870319240689e+00
1.162499999999999645e+00,3.995215337921996124e+00,2.720301790992193158e+00,9.726508905925618009e+00,1.513668870319240689e+00
1.167499999999999538e+00,3.927855423477342622e+00,2.716301741910315926e+00,9.753119182706356582e+00,1.513668870319240689e+00
1.172499999999999432e+00,3.872664571638524844e+00,2.712091525909955614e+00,9.780555536917905357e+00,1.513668870319240689e+00
1.177499999999999325e+00,3.825941906670692561e+00,2.707899503582337442e+00,9.807272948243893396e+00,1.513668870319240689e+00
1.182499999999999218e+00,3.781812572027714037e+00,2.703797924971858002e+00,9.832934067219442298e+00,1.513668870319240689e+00
1.187499999999999112e+00,3.735521288632532411e+00,2.699729801496064674e+00,9.857976648075725379e+00,1.513668870319240689e+00
1.192499999999999005e+00,3.685326886985072381e+00,2.695627093747296588e+00,9.882787569673011419e+00,1.513668870319240689e+00
1.197499999999999787e+00,3.632387963739863945e+00,2.691432935142713312e+00,9.907748271561501952e+00,1.513668870319240689e+00
1.202499999999999680e+00,3.579046707641659886e+00,2.687156601759353780e+00,9.932919953313879446e+00,1.513668870319240689e+00
1.207499999999999574e+00,3.527194959252398121e+00,2.682863481842896913e+00,9.958029600862701614e+00,1.513668870319240689e+00
1.212499999999999467e+00,3.477755982157048287e+00,2.678574994773035289e+00,9.983007300428196729e+00,1.513668870319240689e+00
1.217499999999999361e+00,3.430934225987229524e+00,2.674266925297605901e+00,1.000789822298896503e+01,1.513668870319240689e+00
1.222499999999999254e+00,3.386675742232563291e+00,2.669954075571923102e+00,1.003245678223851556e+01,1.513668870319240689e+00
1.227499999999999147e+00,3.345101171548574115e+00,2.665628165985075348e+00,1.005662254286495205e+01,1.513668870319240689e+00
1.232499999999999041e+00,3.306630150157352066e+00,2.661243669748300178e+00,1.008069253424707590e+01,1.513668870319240689e+00
1.237499999999999822e+00,3.271880872408125640e+00,2.656827192449866093e+00,1.010471628453975157e+01,1.513668870319240689e+00
1.242499999999999716e+00,3.241593183217351015e+00,2.652435565576443111e+00,1.012830632058477676e+01,1.513668870319240689e+00
1.247499999999999609e+00,3.216634871358260650e+00,2.648094133203264811e+00,1.015136969036920789e+01,1.513668870319240689e+00
1.252499999999999503e+00,3.197402573191146846e+00,2.643791891153578266e+00,1.017437705885820698e+01,1.513668870319240689e+00
1.257499999999999396e+00,3.183056728960592441e+00,2.639451173766665715e+00,1.019722387545588482e+01,1.513668870319240689e+00
1.262499999999999289e+00,3.172070462001959967e+00,2.635179691077801589e+00,1.021969945414899250e+01,1.513668870319240689e+00
1.267499999999999183e+00,3.163446685843908757e+00,2.631029192943146189e+00,1.024204124181334130e+01,1.513668870319240689e+00
1.272499999999999076e+00,3.157110187468453066e+00,2.626736498995164037e+00,1.026350945449244634e+01,1.513668870319240689e+00
1.277499999999999858e+00,3.153510545818624777e+00,2.622688940208664832e+00,1.028653385326468594e+01,1.513668870319240689e+00
1.282499999999999751e+00,3.151147745174682768e+00,2.618601733541548793e+00,1.030872270660129963e+01,1.513668870319240689e+00
1.287499999999999645e+00,3.150286666463308460e+00,2.614128501320156950e+00,1.032746505431867945e+01,1.513668870319240689e+00
1.292499999999999538e+00,3.159577279023955576e+00,2.610484418850417931e+00,1.035290538526126625e+01,1.513668870319240689e+00
1.297499999999999432e+00,3.201903113323729233e+00,2.606460788411618879e+00,1.037230206766782992e+01,1.513668870319240689e+00
1.302499999999999325e+00,3.277570956463281782e+00,2.602536559666441374e+00,1.039358894516258935e+01,1.513668870319240689e+00
1.307499999999999218e+00,3.367163740164425878e+00,2.598532068350585700e+00,1.041502029667350904e+01,1.513668870319240689e+00
1.312499999999999112e+00,3.451773425068455747e+00,2.594683822098863946e+00,1.043693108657963720e+01,1.513668870319240689e+00
1.317499999999999005e+00,3.523209313635547790e+00,2.591201743664418355e+00,1.046103707881350786e+01,1.513668870319240689e+00
1.322499999999999787e+00,3.582745650275785287e+00,2.587425763765408337e+00,1.048266013863600143e+01,1.513668870319240689e+00
1.327499999999999680e+00,3.638811445418379975e+00,2.583656058820650525e+00,1.050367859986002372e+01,1.513668870319240689e+00
1.332499999999999574e+00,3.700421088892516419e+00,2.580859706992248981e+00,1.053151331463771001e+01,1.513668870319240689e+00
1.337499999999999467e+00,3.767010656521234235e+00,2.577216755670390214e+00,1.055302063514509747e+01,1.513668870319240689e+00
1.342499999999999361e+00,3.836597487120354089e+00,2.572577239390033466e+00,1.056646238792038694e+01,1.513668870319240689e+00
1.347499999999999254e+00,3.913719625693774073e+00,2.570927270456352165e+00,1.060179715172298565e+01,1.513668870319240689e+00
1.352499999999999147e+00,3.988277261810275309e+00,2.568491454215713787e+00,1.063053728432585210e+01,1.513668870319240689e+00
1.357499999999999041e+00,4.050560324608919238e+00,2.561001789756227165e+00,1.062000453288480628e+01,1.513668870319240689e+00
1.362499999999999822e+00,4.128000201905925870e+00,2.561137330020362146e+00,1.066743617487755635e+01,1.513668870319240689e+00
1.367499999999999716e+00,4.217125575691801131e+00,2.565209482976563038e+00,1.074636350812541252e+01,1.513668870319240689e+00
1.372499999999999609e+00,4.256624366648782853e+00,2.555773082280649255e+00,1.072422165874142941e+01,1.513668870319240689e+00
1.377499999999999503e+00,3.983270973342559973e+00,2.365651549095038941e+00,9.266762384703572053e+00,1.513668870319240689e+00
1.382499999999999396e+00,1.923203277978882797e+00,1.062367459273660053e+00,3.112111554410961212e+00,1.513668870319240689e+00
1.387499999999999289e+00,1.121723123777698783e+00,-3.245393297046559462e-15,1.000000000000000000e+00,1.513668870319240689e+00
1.392499999999999183e+00,1.125652000047665746e+00,-2.388420784994782990e-15,1.000000000000000000e+00,1.513668870319240689e+00
1.397499999999999076e+00,1.129502347907751947e+00,-6.097548631292077940e-16,1.000000000000000000e+00,1.513668870319240689e+00
1.402499999999998970e+00,1.133271761015879342e+00,1.426691185974799513e-16,1.000000000000000000e+00,1.513668870319240689e+00
1.407499999999999751e+00,1.136957883611555475e+00,1.170127635184890040e-15,1.000000000000000000e+00,1.513668870319240689e+00
1.412499999999999645e+00,1.140558411988145338e+00,1.535108339322526564e-15,1.000000000000000000e+00,1.513668870319240689e+00
1.417499999999999538e+00,1.144071095932616355e+00,9.148102483513082426e-16,1.000000000000000000e+00,1.513668870319240689e+00
1.422499999999999432e+00,1.147493740131846129e+00,-3.939505453022660308e-16,1.000000000000000000e+00,1.513668870319240689e+00
1.427499999999999325e+00,1.150824205544622059e+00,-1.501278526206837358e-15,1.000000000000000000e+00,1.513668870319240689e+00
1.432499999999999218e+00,1.154060410738472431e+00,-9.543373071638365237e-16,1.000000000000000000e+00,1.513668870319240689e+00
1.437499999999999112e+00,1.157200333190494090e+00,6.350620986772700082e-16,1.000000000000000000e+00,1.513668870319240689e+00
1.442499999999999005e+00,1.160242010551363334e+00,2.847450887527235413e-15,1.000000000000000000e+00,1.513668870319240689e+00
1.447499999999999787e+00,1.163183541871741333e+00,4.621365073782228017e-15,1.000000000000000000e+00,1.513668870319240689e+00
1.452499999999999680e+00,1.166023088790302253e+00,4.259366618749843455e-15,1.000000000000000000e+00,1.513668870319240689e+00
1.457499999999999574e+00,1.168758876682654213e+00,1.924554029653816032e-15,1.000000000000000222e+00,1.513668870319240689e+00
1.462499999999999467e+00,1.171389195770418112e+00,-9.943070617425056986e-16,1.000000000000000222e+00,1.513668870319240689e+00
1.467499999999999361e+00,1.173912402189784654e+00,-3.337415137614074604e-15,1.000000000000000000e+00,1.513668870319240689e+00
1.472499999999999254e+00,1.176326919018875650e+00,-4.407971885666791949e-15,1.000000000000000000e+00,1.513668870319240689e+00
1.477499999999999147e+00,1.178631237263268794e+00,-3.975836875281935834e-15,1.000000000000000000e+00,1.513668870319240689e+00
1.482499999999999041e+00,1.180823916799070172e+00,-2.274524685635353379e-15,1.000000000000000000e+00,1.513668870319240689e+00
1.487499999999999822e+00,1.182903587272945201e+00,0.000000000000000000e+00,1.000000000000000000e+00,1.513668870319240689e+00
1.492499999999999716e+00,1.184868948958543111e+00,1.683819713343712049e-15,1.000000000000000000e+00,1.513668870319240689e+00
1.497499999999999609e+00,1.186718773568785856e+00,2.935395524412749015e-15,1.000000000000000000e+00,1.513668870319240689e+00
1.502499999999999503e+00,1.188451905023506505e+00,2.506708099718125413e-15,1.000000000000000000e+00,1.513668870319240689e+00
1.507499999999999396e+00,1.190067260171961738e+00,3.214456766811460769e-16,1.000000000000000222e+00,1.513668870319240689e+00
1.512499999999999289e+00,1.191563829469766134e+00,-2.536052469288480014e-15,1.000000000000000000e+00,1.513668870319240689e+00
1.517499999999999183e+00,1.192940677609823474e+00,-3.298384389900232923e-15,1.000000000000000000e+00,1.513668870319240689e+00
1.522499999999999076e+00,1.194196944106865166e+00,-1.576302170894956583e-15,1.000000000000000000e+00,1.513668870319240689e+00
1.527499999999998970e+00,1.195331843835223173e+00,5.470769172934750022e-16,1.000000000000000000e+00,1.513668870319240689e+00
1.532499999999999751e+00,1.196344667519510629e+00,1.092212592810055250e-15,1.000000000000000000e+00,1.513668870319240689e+00
1.537499999999999645e+00,1.197234782177892809e+00,7.420710758248866545e-16,1.000000000000000000e+00,1.513668870319240689e+00
1.542499999999999538e+00,1.198001631517683130e+00,1.171206669366611364e-16,1.000000000000000000e+00,1.513668870319240689e+00
1.547499999999999432e+00,1.198644736283006385e+00,-2.319505364036279046e-16,1.000000000000000000e+00,1.513668870319240689e+00
1.552499999999999325e+00,1.199163694554318038e+00,1.744633545622963027e-16,1.000000000000000000e+00,1.513668870319240689e+00
1.557499999999999218e+00,1.199558181999591078e+00,4.335099943958352648e-16,1.000000000000000000e+00,1.513668870319240689e+00
1.562499999999999112e+00,1.199827952077014093e+00,1.909252729579302465e-16,1.000000000000000000e+00,1.513668870319240689e+00
1.567499999999999005e+00,1.199972836189069358e+00,-4.884390150625702379e-17,1.000000000000000000e+00,1.513668870319240689e+00
1.572499999999999787e+00,1.199992743787903215e+00,3.626113134692009420e-17,1.000000000000000000e+00,1.513668870319240689e+00
1.577499999999999680e+00,1.199887662431914359e+00,-1.667622741282411107e-16,1.000000000000000000e+00,1.513668870319240689e+00
1.582499999999999574e+00,1.199657657793530063e+00,-3.316914939248441655e-16,1.000000000000000000e+00,1.513668870319240689e+00
1.587499999999999467e+00,1.199302873618162124e+00,-2.916941938481997198e-16,1.000000000000000000e+00,1.513668870319240689e+00
1.592499999999999361e+00,1.198823531634371387e+00,-4.272578829124027638e-17,1.000000000000000000e+00,1.513668870319240689e+00
1.597499999999999254e+00,1.198219931415294592e+00,2.441806942405258683e-16,1.000000000000000000e+00,1.513668870319240689e+00
1.602499999999999147e+00,1.197492450191420366e+00,1.990926723228191623e-16,1.000000000000000000e+00,1.513668870319240689e+00
1.607499999999999041e+00,1.196641542614833353e+00,4.187385307990841429e-17,1.000000000000000000e+00,1.513668870319240689e+00
1.612499999999999822e+00,1.195667740475070406e+00,-7.027306175484939367e-17,1.000000000000000000e+00,1.513668870319240689e+00
1.617499999999999716e+00,1.194571652366770653e+00,-4.317194241921194954e-17,1.000000000000000000e+00,1.513668870319240689e+00
1.622499999999999609e+00,1.193353963309322419e+00,1.445998287806388193e-16,1.000000000000000000e+00,1.513668870319240689e+00
1.627499999999999503e+00,1.192015434318748790e+00,1.935248353167495238e-16,1.000000000000000000e+00,1.513668870319240689e+00
1.632499999999999396e+00,1.190556901932098288e+00,3.646598035063973652e-17,1.000000000000000000e+00,1.513668870319240689e+00
1.637499999999999289e+00,1.188979277684635294e+00,-1.691230908216335011e-16,1.000000000000000000e+00,1.513668870319240689e+00
1.642499999999999183e+00,1.187283547540160411e+00,-4.075214445002348732e-17,1.000000000000000000e+00,1.513668870319240689e+00
1.647499999999999076e+00,1.185470771274815593e+00,-2.822344537191905341e-16,1.000000000000000000e+00,1.513668870319240689e+00
1.652499999999998970e+00,1.183542081814757951e+00,-1.042537815877537524e-15,1.000000000000000000e+00,1.513668870319240689e+00
1.657499999999999751e+00,1.181498684528118792e+00,-1.078284423567956376e-15,1.000000000000000000e+00,1.513668870319240689e+00
1.662499999999999645e+00,1.179341856471686878e+00,-3.495587650610767961e-16,1.000000000000000000e+00,1.513668870319240689e+00
1.667499999999999538e+00,1.177072945592789521e+00,-3.791795323530722191e-17,1.000000000000000000e+00,1.513668870319240689e+00
1.672499999999999432e+00,1.174693369886870231e+00,0.000000000000000000e+00,1.000000000000000000e+00,1.513668870319240689e+00
1.677499999999999325e+00,1.172204616511286268e+00,0.000000000000000000e+00,1.000000000000000000e+00,1.513668870319240689e+00
1.682499999999999218e+00,1.169608240855884551e+00,0.000000000000000000e+00,1.000000000000000000e+00,1.513668870319240689e+00
1.687499999999999112e+00,1.166905865570934786e+00,0.000000000000000000e+00,1.000000000000000000e+00,1.513668870319240689e+00
1.692499999999999005e+00,1.164099179553023777e+00,0.000000000000000000e+00,1.000000000000000000e+00,1.513668870319240689e+00
1.697499999999999787e+00,1.161189936889550189e+00,6.852669974070869653e-17,1.000000000000000000e+00,1.513668870319240689e+00
1.702499999999999680e+00,1.158179955762480118e+00,2.278454168368878065e-17,1.000000000000000000e+00,1.513668870319240689e+00
1.707499999999999574e+00,1.155071117312038709e+00,-9.173557544493663920e-17,1.000000000000000000e+00,1.513668870319240689e+00
1.712499999999999467e+00,1.151865364461059915e+00,0.000000000000000000e+00,1.000000000000000000e+00,1.513668870319240689e+00
1.717499999999999361e+00,1.148564700700723584e+00,8.050851599226225237e-16,1.000000000000000000e+00,1.513668870319240689e+00
1.722499999999999254e+00,1.145171188838439269e+00,1.610946994127197220e-15,1.000000000000000000e+00,1.513668870319240689e+00
1.727499999999999147e+00,1.141686949708657250e+00,1.982590468804661209e-15,1.000000000000000000e+00,1.513668870319240689e+00
1.732499999999999041e+00,1.138114160847416789e+00,1.751968638858103523e-15,1.000000000000000000e+00,1.513668870319240689e+00
1.737499999999998934e+00,1.134455055131456280e+00,1.879122733672038212e-15,1.000000000000000000e+00,1.513668870319240689e+00
1.742499999999999716e+00,1.130711919382739072e+00,1.468109064463293037e-15,1.000000000000000000e+00,1.513668870319240689e+00
1.747499999999999609e+00,1.126887092939265367e+00,-3.938848356142008218e-17,1.000000000000000000e+00,1.513668870319240689e+00
1.752499999999999503e+00,1.122982966193057264e+00,-1.025951402419732003e-15,1.000000000000000444e+00,1.513668870319240689e+00
1.757499999999999396e+00,1.119001979096246879e+00,-2.144565592016223618e-15,1.000000000000000000e+00,1.513668870319240689e+00
1.762499999999999289e+00,1.114946619636183245e+00,-3.656019867845413219e-15,1.000000000000000000e+00,1.513668870319240689e+00
1.767499999999999183e+00,1.110819422280520996e+00,-2.724088381358058316e-15,1.000000000000000000e+00,1.513668870319240689e+00
1.772499999999999076e+00,1.106622966393261187e+00,-1.787472340053357251e-17,1.000000000000000000e+00,1.513668870319240689e+00
1.777499999999998970e+00,1.102359874622732772e+00,2.408163753928572848e-15,1.000000000000000000e+00,1.513668870319240689e+00
1.782499999999999751e+00,1.098032811262522834e+00,3.097117468083019275e-15,1.000000000000000000e+00,1.513668870319240689e+00
1.787499999999999645e+00,1.093644480586379641e+00,1.194694184136530927e-15,1.000000000000000222e+00,1.513668870319240689e+00
1.792499999999999538e+00,1.089197625158129457e+00,-1.381277399091538422e-15,1.000000000000000000e+00,1.513668870319240689e+00
1.797499999999999432e+00,1.084695024117663831e+00,-2.584313031338386369e-15,1.000000000000000000e+00,1.513668870319240689e+00
1.802499999999999325e+00,1.080139491444066735e+00,-1.633480712168309962e-15,1.000000000000000000e+00,1.513668870319240689e+00
1.807499999999999218e+00,1.075533874196969775e+00,9.508192916641555900e-16,9.999999999999997780e-01,1.513668870319240689e+00
1.812499999999999112e+00,1.070881050737233497e+00,3.330113917200365853e-15,1.000000000000000000e+00,1.513668870319240689e+00
1.817499999999999005e+00,1.066183928928064573e+00,3.446587049828165585e-15,1.000000000000000000e+00,1.513668870319240689e+00
1.822499999999999787e+00,1.061445444317694609e+00,1.725380791684933234e-15,1.000000000000000000e+00,1.513668870319240689e+00
1.827499999999999680e+00,1.056668558304762140e+00,1.142205678645921701e-15,1.000000000000000000e+00,1.513668870319240689e+00
1.832499999999999574e+00,1.051856256287530877e+00,1.775560811809077216e-15,1.000000000000000000e+00,1.513668870319240689e+00
1.837499999999999467e+00,1.047011545798113730e+00,2.169980508103273211e-15,1.000000000000000000e+00,1.513668870319240689e+00
1.842499999999999361e+00,1.042137454622864334e+00,2.088437839631770838e-15,1.000000000000000000e+00,1.513668870319240689e+00
1.847499999999999254e+00,1.037237028910109160e+00,2.189530141809956029e-15,1.000000000000000000e+00,1.513668870319240689e+00
1.852499999999999147e+00,1.032313331266403011e+00,2.072277909736314764e-15,1.000000000000000000e+00,1.513668870319240689e+00
1.857499999999999041e+00,1.027369438842499649e+00,2.288478017955434669e-15,1.000000000000000000e+00,1.513668870319240689e+00
1.862499999999998934e+00,1.022408441410233237e+00,2.824436171114813201e-15,1.000000000000000000e+00,1.513668870319240689e+00
1.867499999999999716e+00,1.017433439431510767e+00,2.166883751184079366e-15,1.000000000000000000e+00,1.513668870319240689e+00
1.872499999999999609e+00,1.012447542120627819e+00,8.101555519852794725e-17,1.000000000000000000e+00,1.513668870319240689e+00
1.877499999999999503e+00,1.007453865501104051e+00,-2.931283729162975089e-15,1.000000000000000222e+00,1.513668870319240689e+00
1.882499999999999396e+00,1.002455530458275845e+00,-5.626694281071202847e-15,1.000000000000000000e+00,1.513668870319240689e+00
1.887499999999999289e+00,9.974556607888425130e-01,-7.064407861602650937e-15,1.000000000000000000e+00,1.513668870319240689e+00
1.892499999999999183e+00,9.924573812485943947e-01,-6.846201527710492562e-15,1.000000000000000000e+00,1.513668870319240689e+00
1.897499999999999076e+00,9.874638155995426603e-01,-5.130696571955643923e-15,1.000000000000000000e+00,1.513668870319240689e+00
1.902499999999998970e+00,9.824780846576707249e-01,-2.658584748381116054e-15,1.000000000000000000e+00,1.513668870319240689e+00
1.907499999999999751e+00,9.775033043425246371e-01,-8.006198124174664291e-16,1.000000000000000000e+00,1.513668870319240689e+00
1.912499999999999645e+00,9.725425837298656839e-01,-4.978761920302897706e-17,1.000000000000000000e+00,1.513668870319240689e+00
1.917499999999999538e+00,9.675990231085980220e-01,0.000000000000000000e+00,1.000000000000000000e+00,1.513668870319240689e+00
1.922499999999999432e+00,9.626757120431905790e-01,2.399303689419231834e-17,1.000000000000000000e+00,1.513668870319240689e+00
1.927499999999999325e+00,9.577757274427981526e-01,2.298955006804127713e-17,1.000000000000000000e+00,1.513668870319240689e+00
1.932499999999999218e+00,9.529021316382941809e-01,7.030121770575582265e-18,1.000000000000000000e+00,1.513668870319240689e+00
1.937499999999999112e+00,9.480579704684144460e-01,-1.232947603335536244e-17,1.000000000000000000e+00,1.513668870319240689e+00
1.942499999999999005e+00,9.432462713762062023e-01,-2.373113996437781846e-17,1.000000000000000000e+00,1.513668870319240689e+00
1.947499999999998899e+00,9.384700415169743293e-01,-1.890523601195344703e-17,1.000000000000000000e+00,1.513668870319240689e+00
1.952499999999999680e+00,9.337322658789062313e-01,0.000000000000000000e+00,1.000000000000000000e+00,1.513668870319240689e+00
1.957499999999999574e+00,9.290359054175574283e-01,0.000000000000000000e+00,1.000000000000000000e+00,1.513668870319240689e+00
1.962499999999999467e+00,9.243838952053415881e-01,1.565568847891455833e-16,1.000000000000000000e+00,1.513668870319240689e+00
1.967499999999999361e+00,9.197791425972117185e-01,1.122432119661497608e-16,1.000000000000000000e+00,1.513668870319240689e+00
1.972499999999999254e+00,9.152245254136568420e-01,-8.168918397866121996e-17,1.000000000000000000e+00,1.513668870319240689e+00
1.977499999999999147e+00,9.107228901421580147e-01,1.525034777290749671e-17,1.000000000000000000e+00,1.513668870319240689e+00
1.982499999999999041e+00,9.062770501582249061e-01,-8.455886294017946226e-17,1.000000000000000000e+00,1.513668870319240689e+00
1.987499999999998934e+00,9.018897839671289329e-01,1.282824701452804859e-17,1.000000000000000000e+00,1.513668870319240689e+00
1.992499999999999716e+00,8.975638334674274077e-01,1.781058060265307917e-18,1.000000000000000000e+00,1.513668870319240689e+00
1.997499999999999609e+00,8.933019022373686058e-01,-7.478345082875852480e-18,1.000000000000000000e+00,1.513668870319240689e+00
2.002499999999999503e+00,8.891066538452380152e-01,-8.616744348197128265e-18,1.000000000000000000e+00,1.513668870319240689e+00
2.007499999999999396e+00,8.849807101847200208e-01,-1.182307190611937390e-16,1.000000000000000000e+00,1.513668870319240689e+00
2.012499999999999289e+00,8.809266498362973152e-01,-5.271171470183791226e-18,1.000000000000000000e+00,1.513668870319240689e+00
2.017499999999999183e+00,8.769470064557221001e-01,0.000000000000000000e+00,1.000000000000000000e+00,1.513668870319240689e+00
2.022499999999999076e+00,8.730442671905638274e-01,3.450225998159437711e-17,1.000000000000000000e+00,1.513668870319240689e+00
2.027499999999998970e+00,8.692208711258240239e-01,8.304290387081175424e-16,1.000000000000000000e+00,1.513668870319240689e+00
2.032499999999999751e+00,8.654792077595858668e-01,2.251349413471574400e-15,1.000000000000000000e+00,1.513668870319240689e+00
2.037499999999999645e+00,8.618216155096574127e-01,2.826971102735851328e-15,1.000000000000000000e+00,1.513668870319240689e+00
2.042499999999999538e+00,8.582503802521348479e-01,2.748563277151608297e-15,1.000000000000000000e+00,1.513668870319240689e+00
2.047499999999999432e+00,8.547677338928056923e-01,2.676321458296805331e-15,1.000000000000000000e+00,1.513668870319240689e+00
2.052499999999999325e+00,8.513758529722792456e-01,2.979905075690935695e-15,1.000000000000000000e+00,1.513668870319240689e+00
2.057499999999999218e+00,8.480768573057199111e-01,3.463131325781584934e-15,1.000000000000000000e+00,1.513668870319240689e+00
2.062499999999999112e+00,8.448728086580328256e-01,3.939712902289767135e-15,1.000000000000000000e+00,1.513668870319240689e+00
2.067499999999999005e+00,8.417657094553265829e-01,4.248769159344533074e-15,1.000000000000000000e+00,1.513668870319240689e+00
2.072499999999998899e+00,8.387575015334622908e-01,4.251744180228529037e-15,1.000000000000000000e+00,1.513668870319240689e+00
2.077499999999999680e+00,8.358500649244687830e-01,3.856441789285193884e-15,1.000000000000000000e+00,1.513668870319240689e+00
2.082499999999999574e+00,8.330452166815873749e-01,3.013490900983479024e-15,1.000000000000000000e+00,1.513668870319240689e+00
2.087499999999999467e+00,8.303447097436670310e-01,1.738580457174953471e-15,1.000000000000000000e+00,1.513668870319240689e+00
2.092499999999999361e+00,8.277502318396386949e-01,1.322305862761956291e-16,1.000000000000000000e+00,1.513668870319240689e+00
2.097499999999999254e+00,8.252634044337385788e-01,-1.574894207455347189e-15,1.000000000000000000e+00,1.513668870319240689e+00
2.102499999999999147e+00,8.228857817121458806e-01,-2.027056986672529873e-15,1.000000000000000000e+00,1.513668870319240689e+00
2.107499999999999041e+00,8.206188496116663122e-01,-1.843410543478211989e-15,1.000000000000000000e+00,1.513668870319240689e+00
2.112499999999998934e+00,8.184640248910708404e-01,-1.699613057945120350e-15,1.000000000000000000e+00,1.513668870319240689e+00
2.117499999999999716e+00,8.164226542456670677e-01,-2.323959941449880601e-15,1.000000000000000000e+00,1.513668870319240689e+00
2.122499999999999609e+00,8.144960134656595852e-01,-4.476671051114880587e-15,1.000000000000000000e+00,1.513668870319240689e+00
2.127499999999999503e+00,8.126853066388205482e-01,-5.337603599878308680e-15,1.000000000000000000e+00,1.513668870319240689e+00
2.132499999999999396e+00,8.109916653979758472e-01,-4.717744629383360815e-15,1.000000000000000000e+00,1.513668870319240689e+00
2.137499999999999289e+00,8.094161482137705033e-01,-4.296287537080869024e-15,1.000000000000000000e+00,1.513668870319240689e+00
2.142499999999999183e+00,8.079597397331594877e-01,-4.499278382463361267e-15,1.000000000000000000e+00,1.513668870319240689e+00
2.147499999999999076e+00,8.066233501640347470e-01,-4.033930097709653234e-15,1.000000000000000000e+00,1.513668870319240689e+00
2.152499999999998970e+00,8.054078147063757909e-01,-2.789975649438310152e-15,1.000000000000000000e+00,1.513668870319240689e+00
2.157499999999998863e+00,8.043138930302763390e-01,-1.023051645010566425e-15,1.000000000000000000e+00,1.513668870319240689e+00
2.162499999999999645e+00,8.033422688011750967e-01,6.398865732723889535e-16,1.000000000000000000e+00,1.513668870319240689e+00
2.167499999999999538e+00,8.024935492525876457e-01,1.161279703833586974e-15,1.000000000000000000e+00,1.513668870319240689e+00
2.172499999999999432e+00,8.017682648066050133e-01,5.249267497081707941e-16,1.000000000000000000e+00,1.513668870319240689e+00
2.177499999999999325e+00,8.011668687423966206e-01,2.884721912825843745e-16,1.000000000000000000e+00,1.513668870319240689e+00
2.182499999999999218e+00,8.006897369129264419e-01,4.324908403489292017e-16,1.000000000000000000e+00,1.513668870319240689e+00
2.187499999999999112e+00,8.003371675100565685e-01,3.583699285040796204e-16,1.000000000000000000e+00,1.513668870319240689e+00
2.192499999999999005e+00,8.001093808781870598e-01,2.751888195651215488e-16,1.000000000000000000e+00,1.513668870319240689e+00
2.197499999999998899e+00,8.000065193765482086e-01,8.994339615039128095e-16,1.000000000000000000e+00,1.513668870319240689e+00
2.202499999999999680e+00,8.000286472902301549e-01,2.466786206136469592e-15,1.000000000000000000e+00,1.513668870319240689e+00
2.207499999999999574e+00,8.001757507900072453e-01,3.104335504236429081e-15,1.000000000000000000e+00,1.513668870319240689e+00
2.212499999999999467e+00,8.004477379409804527e-01,1.957869817922898505e-15,1.000000000000000000e+00,1.513668870319240689e+00
2.217499999999999361e+00,8.008444387600343051e-01,-8.178411960000381559e-16,1.000000000000000222e+00,1.513668870319240689e+00
2.222499999999999254e+00,8.013656053220692410e-01,-3.342077755373507964e-15,1.000000000000000000e+00,1.513668870319240689e+00
2.227499999999999147e+00,8.020109119149493315e-01,-4.305790489813955055e-15,1.000000000000000000e+00,1.513668870319240689e+00
2.232499999999999041e+00,8.027799552430596730e-01,-2.727447191772369579e-15,1.000000000000000000e+00,1.513668870319240689e+00
2.237499999999998934e+00,8.036722546793535482e-01,-6.893740309463481716e-16,1.000000000000000000e+00,1.513668870319240689e+00
2.242499999999999716e+00,8.046872525657289277e-01,-1.883606303289254920e-16,1.000000000000000000e+00,1.513668870319240689e+00
2.247499999999999609e+00,8.058243145615462399e-01,-1.719555528818817276e-17,1.000000000000000000e+00,1.513668870319240689e+00
2.252499999999999503e+00,8.070827300400711390e-01,0.000000000000000000e+00,1.000000000000000000e+00,1.513668870319240689e+00
2.257499999999999396e+00,8.084617125325928022e-01,4.283247867772657073e-16,1.000000000000000000e+00,1.513668870319240689e+00
2.262499999999999289e+00,8.099604002199412012e-01,2.342662658608519969e-15,1.000000000000000000e+00,1.513668870319240689e+00
2.267499999999999183e+00,8.115778564710960374e-01,4.300169211685174885e-15,1.000000000000000000e+00,1.513668870319240689e+00
2.272499999999999076e+00,8.133130704285509438e-01,5.438140607927173642e-15,1.000000000000000000e+00,1.513668870319240689e+00
2.277499999999998970e+00,8.151649576400661346e-01,5.465912204050781129e-15,1.000000000000000000e+00,1.513668870319240689e+00
2.282499999999998863e+00,8.171323607364159303e-01,4.634508867528284856e-15,1.000000000000000000e+00,1.513668870319240689e+00
2.287499999999999645e+00,8.192140501547071629e-01,3.733852892639776283e-15,1.000000000000000000e+00,1.513668870319240689e+00
2.292499999999999538e+00,8.214087249068147134e-01,4.059551488384839634e-15,1.000000000000000000e+00,1.513668870319240689e+00
2.297499999999999432e+00,8.237150133924584505e-01,4.768159633163656279e-15,1.000000000000000000e+00,1.513668870319240689e+00
2.302499999999999325e+00,8.261314742564078717e-01,3.986792871941600192e-15,1.000000000000000000e+00,1.513668870319240689e+00
2.307499999999999218e+00,8.286565972892823151e-01,1.926487690568334340e-15,1.000000000000000000e+00,1.513668870319240689e+00
2.312499999999999112e+00,8.312888043713825281e-01,2.798040119777408975e-16,1.000000000000000000e+00,1.513668870319240689e+00
2.317499999999999005e+00,8.340264504589638417e-01,-8.367581548711544113e-16,1.000000000000000000e+00,1.513668870319240689e+00
2.322499999999998899e+00,8.368678246123361086e-01,-2.583817218003049060e-15,1.000000000000000000e+00,1.513668870319240689e+00
2.327499999999999680e+00,8.398111510651449230e-01,-4.320615735421226051e-15,1.000000000000000000e+00,1.513668870319240689e+00
2.332499999999999574e+00,8.428545903341650991e-01,-3.259899662057389513e-15,1.000000000000000000e+00,1.513668870319240689e+00
2.337499999999999467e+00,8.459962403689221810e-01,-5.861789320192684468e-16,1.000000000000000000e+00,1.513668870319240689e+00
2.342499999999999361e+00,8.492341377404104552e-01,9.730877291652078814e-16,9.999999999999997780e-01,1.513668870319240689e+00
2.347499999999999254e+00,8.525662588681705012e-01,1.879174278959033490e-15,1.000000000000000000e+00,1.513668870319240689e+00
2.352499999999999147e+00,8.559905212849621137e-01,2.685539694848905828e-15,1.000000000000000000e+00,1.513668870319240689e+00
2.357499999999999041e+00,8.595047849382396743e-01,2.010852597151930757e-15,1.000000000000000000e+00,1.513668870319240689e+00
2.362499999999998934e+00,8.631068535276144038e-01,-4.030353583154036936e-16,1.000000000000000000e+00,1.513668870319240689e+00
2.367499999999998828e+00,8.667944758774699388e-01,-2.938825320835009786e-15,1.000000000000000000e+00,1.513668870319240689e+00
2.372499999999999609e+00,8.705653473438755841e-01,-4.945368852009864096e-15,1.000000000000000000e+00,1.513668870319240689e+00
2.377499999999999503e+00,8.744171112549110614e-01,-5.652579048786306942e-15,1.000000000000000000e+00,1.513668870319240689e+00
2.382499999999999396e+00,8.783473603835127985e-01,-4.597971993960152430e-15,1.000000000000000000e+00,1.513668870319240689e+00
2.387499999999999289e+00,8.823536384519101716e-01,-3.445788537240923678e-15,1.000000000000000000e+00,1.513668870319240689e+00
2.392499999999999183e+00,8.864334416667207783e-01,-2.967796036598013827e-15,1.000000000000000000e+00,1.513668870319240689e+00
2.397499999999999076e+00,8.905842202837388477e-01,-3.066934232428714139e-15,1.000000000000000000e+00,1.513668870319240689e+00
2.402499999999998970e+00,8.948033802014422333e-01,-3.203077182064499565e-15,1.000000000000000000e+00,1.513668870319240689e+00
2.407499999999998863e+00,8.990882845822215641e-01,-2.693674384821340997e-15,1.000000000000000000e+00,1.513668870319240689e+00
2.412499999999999645e+00,9.034362555003199180e-01,-7.257509864685197260e-16,1.000000000000000000e+00,1.513668870319240689e+00
2.417499999999999538e+00,9.078445756154442936e-01,1.382108453719511287e-15,1.000000000000000000e+00,1.513668870319240689e+00
2.422499999999999432e+00,9.123104898710201471e-01,3.129671791596653589e-15,1.000000000000000000e+00,1.513668870319240689e+00
2.427499999999999325e+00,9.168312072160098580e-01,4.337707582255488693e-15,1.000000000000000000e+00,1.513668870319240689e+00
2.432499999999999218e+00,9.214039023492287539e-01,3.567441289306270994e-15,1.000000000000000000e+00,1.513668870319240689e+00
2.437499999999999112e+00,9.260257174850663464e-01,1.053423747144386023e-15,1.000000000000000222e+00,1.513668870319240689e+00
2.442499999999999005e+00,9.306937641395079952e-01,-1.238648941045263887e-15,1.000000000000000000e+00,1.513668870319240689e+00
2.447499999999998899e+00,9.354051249353473318e-01,-2.248019880849888974e-15,1.000000000000000000e+00,1.513668870319240689e+00
2.452499999999999680e+00,9.401568554254494670e-01,-1.806161234778240867e-15,1.000000000000000000e+00,1.513668870319240689e+00
2.457499999999999574e+00,9.449459859329308875e-01,-6.220862367735767494e-16,1.000000000000000000e+00,1.513668870319240689e+00
2.462499999999999467e+00,9.497695234071187320e-01,-2.800199325558270697e-16,1.000000000000000000e+00,1.513668870319240689e+00
2.467499999999999361e+00,9.546244532941049465e-01,-3.550365879911325917e-16,1.000000000000000000e+00,1.513668870319240689e+00
2.472499999999999254e+00,9.595077414207444644e-01,-4.354266141657080287e-16,1.000000000000000000e+00,1.513668870319240689e+00
2.477499999999999147e+00,9.644163358909157990e-01,-1.343528311734728866e-16,1.000000000000000000e+00,1.513668870319240689e+00
2.482499999999999041e+00,9.693471689928570001e-01,9.051028497877324543e-16,1.000000000000000000e+00,1.513668870319240689e+00
2.487499999999998934e+00,9.742971591163852585e-01,1.374178022565347796e-15,1.000000000000000000e+00,1.513668870319240689e+00
2.492499999999998828e+00,9.792632126788022306e-01,1.161513383545455858e-15,1.000000000000000000e+00,1.513668870319240689e+00
2.497499999999999609e+00,9.842422260582837090e-01,1.456040540418867185e-15,1.000000000000000000e+00,1.513668870319240689e+00
2.502499999999999503e+00,9.892310875335408316e-01,1.916551401135867897e-15,1.000000000000000000e+00,1.513668870319240689e+00
2.507499999999999396e+00,9.942266792285461285e-01,2.204943304756329630e-15,1.000000000000000000e+00,1.513668870319240689e+00
2.512499999999999289e+00,9.992258790611036057e-01,2.006769354937943650e-15,1.000000000000000000e+00,1.513668870319240689e+00
2.517499999999999183e+00,1.004225562694049056e+00,2.659347332943358170e-15,1.000000000000000000e+00,1.513668870319240689e+00
2.522499999999999076e+00,1.009222605487859248e+00,4.387432472460659043e-15,1.000000000000000000e+00,1.513668870319240689e+00
2.527499999999998970e+00,1.014213884453448289e+00,5.152603361186792653e-15,1.000000000000000000e+00,1.513668870319240689e+00
2.532499999999998863e+00,1.019196280203935379e+00,3.485094241237420648e-15,1.000000000000000000e+00,1.513668870319240689e+00
2.537499999999999645e+00,1.024166678904161909e+00,1.091915096807062112e-15,1.000000000000000000e+00,1.513668870319240689e+00
2.542499999999999538e+00,1.029121974216732127e+00,4.039390932910400503e-17,1.000000000000000000e+00,1.513668870319240689e+00
2.547499999999999432e+00,1.034059069243377760e+00,0.000000000000000000e+00,1.000000000000000000e+00,1.513668870319240689e+00
2.552499999999999325e+00,1.038974878460416695e+00,-2.469769903392298827e-16,1.000000000000000000e+00,1.513668870319240689e+00
2.557499999999999218e+00,1.043866329647105351e+00,-8.203801467647725683e-16,1.000000000000000000e+00,1.513668870319240689e+00
2.562499999999999112e+00,1.048730365805675246e+00,-4.857121573143421421e-16,1.000000000000000000e+00,1.513668870319240689e+00
2.567499999999999005e+00,1.053563947071858076e+00,5.906488014402649299e-16,1.000000000000000000e+00,1.513668870319240689e+00
2.572499999999998899e+00,1.058364052614702677e+00,8.748298146479613468e-16,1.000000000000000000e+00,1.513668870319240689e+00
2.577499999999998792e+00,1.063127682524495521e+00,2.212419067749494110e-16,1.000000000000000000e+00,1.513668870319240689e+00
2.582499999999999574e+00,1.067851859687605875e+00,-1.507998652324903296e-16,1.000000000000000000e+00,1.513668870319240689e+00
2.587499999999999467e+00,1.072533631647083929e+00,-2.915528751496480965e-16,1.000000000000000000e+00,1.513668870319240689e+00
2.592499999999999361e+00,1.077170072447854565e+00,-2.004574086402430414e-15,1.000000000000000000e+00,1.513668870319240689e+00
2.597499999999999254e+00,1.081758284465339504e+00,-4.479435358926231052e-15,1.000000000000000000e+00,1.513668870319240689e+00
2.602499999999999147e+00,1.086295400216380269e+00,-6.276213948741069855e-15,1.000000000000000000e+00,1.513668870319240689e+00
2.607499999999999041e+00,1.090778584151322450e+00,-5.858372418749370031e-15,1.000000000000000000e+00,1.513668870319240689e+00
2.612499999999998934e+00,1.095205034426140811e+00,-4.267020579790400799e-15,1.000000000000000000e+00,1.513668870319240689e+00
2.617499999999998828e+00,1.099571984653500367e+00,-2.373000937463213772e-15,1.000000000000000000e+00,1.513668870319240689e+00
2.622499999999999609e+00,1.103876705631660071e+00,-8.813757033101150078e-16,1.000000000000000000e+00,1.513668870319240689e+00
2.627499999999999503e+00,1.108116507050132205e+00,-3.198833358788732125e-16,1.000000000000000000e+00,1.513668870319240689e+00
2.632499999999999396e+00,1.112288739171042318e+00,-1.045515598066814981e-15,1.000000000000000000e+00,1.513668870319240689e+00
2.637499999999999289e+00,1.116390794485126348e+00,-1.563133564528504315e-15,1.000000000000000000e+00,1.513668870319240689e+00
2.642499999999999183e+00,1.120420109341341064e+00,-1.217192141450359007e-15,1.000000000000000000e+00,1.513668870319240689e+00
2.647499999999999076e+00,1.124374165549061777e+00,-1.804219170374463605e-16,1.000000000000000000e+00,1.513668870319240689e+00
2.652499999999998970e+00,1.128250491951867884e+00,1.582643198373357406e-16,1.000000000000000000e+00,1.513668870319240689e+00
2.657499999999998863e+00,1.132046665971937704e+00,-1.577336006387992665e-16,1.000000000000000000e+00,1.513668870319240689e+00
2.662499999999999645e+00,1.135760315124080488e+00,1.385291161359347966e-16,1.000000000000000000e+00,1.513668870319240689e+00
2.667499999999999538e+00,1.139389118498459030e+00,6.268481400444664714e-16,1.000000000000000000e+00,1.513668870319240689e+00
2.672499999999999432e+00,1.142930808211087390e+00,9.450935772178434724e-16,1.000000000000000000e+00,1.513668870319240689e+00
2.677499999999999325e+00,1.146383170821182684e+00,4.363867709256960936e-16,1.000000000000000000e+00,1.513668870319240689e+00
2.682499999999999218e+00,1.149744048714492761e+00,-2.574683415537668400e-16,1.000000000000000000e+00,1.513668870319240689e+00
2.687499999999999112e+00,1.153011341451735561e+00,-7.180291127904322732e-16,1.000000000000000000e+00,1.513668870319240689e+00
2.692499999999999005e+00,1.156183007081304837e+00,-7.519839409495656021e-16,1.000000000000000000e+00,1.513668870319240689e+00
2.697499999999998899e+00,1.159257063415424671e+00,-3.956442405173210104e-16,1.000000000000000000e+00,1.513668870319240689e+00
2.702499999999998792e+00,1.162231589268951426e+00,7.951809368414170716e-17,1.000000000000000000e+00,1.513668870319240689e+00
2.707499999999999574e+00,1.165104725660051521e+00,1.573478884841003492e-16,1.000000000000000000e+00,1.513668870319240689e+00
2.712499999999999467e+00,1.167874676972004533e+00,1.629653329091812057e-16,1.000000000000000000e+00,1.513668870319240689e+00
2.717499999999999361e+00,1.170539712075406635e+00,3.725775196302434249e-16,1.000000000000000000e+00,1.513668870319240689e+00
2.722499999999999254e+00,1.173098165410068949e+00,8.567919175882303597e-16,1.000000000000000000e+00,1.513668870319240689e+00
2.727499999999999147e+00,1.175548438025938225e+00,3.730915712354926776e-16,1.000000000000000000e+00,1.513668870319240689e+00
2.732499999999999041e+00,1.177888998582389712e+00,-1.047908474055676679e-15,1.000000000000000000e+00,1.513668870319240689e+00
2.737499999999998934e+00,1.180118384305264279e+00,-9.418999560257639106e-16,1.000000000000000000e+00,1.513668870319240689e+00
2.742499999999998828e+00,1.182235201901054467e+00,3.986475289536421555e-16,1.000000000000000000e+00,1.513668870319240689e+00
2.747499999999999609e+00,1.184238128427668624e+00,2.525466684176686186e-15,1.000000000000000000e+00,1.513668870319240689e+00
2.752499999999999503e+00,1.186125912121225312e+00,4.042881694410993479e-15,1.000000000000000000e+00,1.513668870319240689e+00
2.757499999999999396e+00,1.187897373178366189e+00,4.297570607192112742e-15,1.000000000000000000e+00,1.513668870319240689e+00
2.762499999999999289e+00,1.189551404493593978e+00,3.349987483658439369e-15,1.000000000000000000e+00,1.513668870319240689e+00
2.767499999999999183e+00,1.191086972351177886e+00,1.958891610616288384e-15,1.000000000000000000e+00,1.513668870319240689e+00
2.772499999999999076e+00,1.192503117071191721e+00,1.570422543638852380e-15,1.000000000000000000e+00,1.513668870319240689e+00
2.777499999999998970e+00,1.193798953609283231e+00,1.738431244676137200e-15,1.000000000000000000e+00,1.513668870319240689e+00
2.782499999999998863e+00,1.194973672109796992e+00,1.973757072636159053e-15,1.000000000000000000e+00,1.513668870319240689e+00
2.787499999999999645e+00,1.196026538411909312e+00,1.732254080012347991e-15,1.000000000000000000e+00,1.513668870319240689e+00
2.792499999999999538e+00,1.196956894508453439e+00,1.496024031826075009e-15,1.000000000000000000e+00,1.513668870319240689e+00
2.797499999999999432e+00,1.197764158957153269e+00,1.582992056438426267e-15,1.000000000000000000e+00,1.513668870319240689e+00
2.802499999999999325e+00,1.198447827244006225e+00,1.182466725447377477e-15,1.000000000000000000e+00,1.513668870319240689e+00
2.807499999999999218e+00,1.199007472098587268e+00,3.139231355758003808e-16,1.000000000000000000e+00,1.513668870319240689e+00
2.812499999999999112e+00,1.199442743761079733e+00,5.901934339626743902e-17,1.000000000000000000e+00,1.513668870319240689e+00
2.817499999999999005e+00,1.199753370200862923e+00,0.000000000000000000e+00,1.000000000000000000e+00,1.513668870319240689e+00
2.822499999999998899e+00,1.199939157286523450e+00,0.000000000000000000e+00,1.000000000000000000e+00,1.513668870319240689e+00
2.827499999999998792e+00,1.199999988907180626e+00,-1.388714763755028464e-17,1.000000000000000000e+00,1.513668870319240689e+00
2.832499999999999574e+00,1.199935827045051306e+00,-1.537635828511259368e-16,1.000000000000000000e+00,1.513668870319240689e+00
2.837499999999999467e+00,1.199746711799211107e+00,4.331782757523748905e-17,1.000000000000000000e+00,1.513668870319240689e+00
2.842499999999999361e+00,1.199432761360532229e+00,-4.423856163255534628e-17,1.000000000000000000e+00,1.513668870319240689e+00
2.847499999999999254e+00,1.198994171937819875e+00,-8.320802868604956596e-16,1.000000000000000000e+00,1.513668870319240689e+00
2.852499999999999147e+00,1.198431217635186341e+00,-1.216425603794097650e-15,1.000000000000000000e+00,1.513668870319240689e+00
2.857499999999999041e+00,1.197744250280745826e+00,-1.140777454390670658e-15,1.000000000000000000e+00,1.513668870319240689e+00
2.862499999999998934e+00,1.196933699206732982e+00,-1.048575122753938331e-15,1.000000000000000000e+00,1.513668870319240689e+00
2.867499999999998828e+00,1.196000070981184438e+00,-1.325136490810464368e-15,1.000000000000000000e+00,1.513668870319240689e+00
2.872499999999999609e+00,1.194943949091350266e+00,-2.284040232458265996e-15,1.000000000000000000e+00,1.513668870319240689e+00
2.877499999999999503e+00,1.193765993579033680e+00,-2.726982552589349466e-15,1.000000000000000000e+00,1.513668870319240689e+00
2.882499999999999396e+00,1.192466940628085448e+00,-2.506409587716021781e-15,1.000000000000000000e+00,1.513668870319240689e+00
2.887499999999999289e+00,1.191047602104314374e+00,-2.988723429075621422e-15,1.000000000000000000e+00,1.513668870319240689e+00
2.892499999999999183e+00,1.189508865048095831e+00,-4.485844853935889206e-15,1.000000000000000000e+00,1.513668870319240689e+00
2.897499999999999076e+00,1.187851691120001885e+00,-4.398131419714434008e-15,1.000000000000000000e+00,1.513668870319240689e+00
2.902499999999998970e+00,1.186077115999794707e+00,-2.382140749243453947e-15,1.000000000000000000e+00,1.513668870319240689e+00
2.907499999999998863e+00,1.184186248739159009e+00,-3.747493588647108699e-16,1.000000000000000000e+00,1.513668870319240689e+00
2.912499999999998757e+00,1.182180271068582922e+00,-2.879073095411671966e-17,1.000000000000000000e+00,1.513668870319240689e+00
2.917499999999999538e+00,1.180060436658811884e+00,-1.229362363429879102e-16,1.000000000000000000e+00,1.513668870319240689e+00
2.922499999999999432e+00,1.177828070337350264e+00,-1.508439209869856743e-16,1.000000000000000000e+00,1.513668870319240689e+00
2.927499999999999325e+00,1.175484567260481228e+00,-1.100156490136629148e-17,1.000000000000000000e+00,1.513668870319240689e+00
2.932499999999999218e+00,1.173031392041343324e+00,-1.177588874405800496e-17,1.000000000000000000e+00,1.513668870319240689e+00
2.937499999999999112e+00,1.170470077834594669e+00,0.000000000000000000e+00,1.000000000000000000e+00,1.513668870319240689e+00
2.942499999999999005e+00,1.167802225378240077e+00,0.000000000000000000e+00,1.000000000000000000e+00,1.513668870319240689e+00
2.947499999999998899e+00,1.165029501993222416e+00,0.000000000000000000e+00,1.000000000000000000e+00,1.513668870319240689e+00
2.952499999999998792e+00,1.162153640541400801e+00,1.128534870801019500e-16,1.000000000000000000e+00,1.513668870319240689e+00
2.957499999999999574e+00,1.159176438342569559e+00,6.910941468458529180e-17,1.000000000000000000e+00,1.513668870319240689e+00
2.962499999999999467e+00,1.156099756051191418e+00,-9.852587577343740378e-17,1.000000000000000000e+00,1.513668870319240689e+00
2.967499999999999361e+00,1.152925516493547242e+00,-6.941683800590108809e-17,1.000000000000000000e+00,1.513668870319240689e+00
2.972499999999999254e+00,1.149655703466035295e+00,-1.506965191231975701e-17,1.000000000000000000e+00,1.513668870319240689e+00
2.977499999999999147e+00,1.146292360495360763e+00,0.000000000000000000e+00,1.000000000000000000e+00,1.513668870319240689e+00
2.982499999999999041e+00,1.142837589561398470e+00,1.719376257007611269e-17,1.000000000000000000e+00,1.513668870319240689e+00
2.987499999999998934e+00,1.139293549783524373e+00,2.115890385879100167e-16,1.000000000000000000e+00,1.513668870319240689e+00
2.992499999999998828e+00,1.135662456071236281e+00,4.422499284915145889e-16,1.000000000000000000e+00,1.513668870319240689e+00
2.997499999999999609e+00,1.131946577739906923e+00,1.478370061473908148e-16,1.000000000000000000e+00,1.513668870319240689e+00
3.002499999999999503e+00,1.128148237092537087e+00,-3.095625851356259201e-16,1.000000000000000000e+00,1.513668870319240689e+00
3.007499999999999396e+00,1.124269807968389490e+00,-5.151418823248854823e-16,1.000000000000000000e+00,1.513668870319240689e+00
3.012499999999998401e+00,1.120313714259419280e+00,-1.705761847126638697e-18,1.000000000000000000e+00,1.513668870319240689e+00
3.017499999999999183e+00,1.116282428395416471e+00,1.739322102144684669e-15,1.000000000000000000e+00,1.513668870319240689e+00
3.022499999999999964e+00,1.112178469798822178e+00,3.402002775147245182e-15,1.000000000000000000e+00,1.513668870319240689e+00
3.027499999999998970e+00,1.108004403310172137e+00,4.052640772618399125e-15,1.000000000000000000e+00,1.513668870319240689e+00
3.032499999999999751e+00,1.103762837585147372e+00,3.116851902524725469e-15,1.000000000000000000e+00,1.513668870319240689e+00
3.037499999999998757e+00,1.099456423464259203e+00,2.031744703816210178e-15,1.000000000000000000e+00,1.513668870319240689e+00
3.042499999999999538e+00,1.095087852316150245e+00,1.582822423069100339e-15,1.000000000000000000e+00,1.513668870319240689e+00
3.047499999999998543e+00,1.090659854355588987e+00,1.877085952772639240e-15,1.000000000000000000e+00,1.513668870319240689e+00
3.052499999999999325e+00,1.086175196937159804e+00,1.571830183667897043e-15,1.000000000000000000e+00,1.513668870319240689e+00
3.057499999999998330e+00,1.081636682825769746e+00,5.499039868777248180e-16,1.000000000000000000e+00,1.513668870319240689e+00
3.062499999999999112e+00,1.077047148445000602e+00,9.633535207047353457e-17,1.000000000000000000e+00,1.513668870319240689e+00
3.067499999999999893e+00,1.072409462104446876e+00,1.877386597956512913e-16,1.000000000000000000e+00,1.513668870319240689e+00
3.072499999999998899e+00,1.067726522207108841e+00,6.450544157606370580e-17,1.000000000000000000e+00,1.513668870319240689e+00
3.077499999999999680e+00,1.063001255437982850e+00,3.717714976801600051e-16,1.000000000000000000e+00,1.513668870319240689e+00
3.082499999999998685e+00,1.058236614934989550e+00,1.436691135831849756e-15,1.000000000000000000e+00,1.513668870319240689e+00
3.087499999999999467e+00,1.053435578443344234e+00,1.933446114605038053e-15,1.000000000000000000e+00,1.513668870319240689e+00
3.092499999999998472e+00,1.048601146454576361e+00,1.614349548144936364e-15,1.000000000000000000e+00,1.513668870319240689e+00
3.097499999999999254e+00,1.043736340331307799e+00,1.697848104365491874e-15,1.000000000000000000e+00,1.513668870319240689e+00
3.102500000000000036e+00,1.038844200419012376e+00,2.132852464025829640e-15,1.000000000000000000e+00,1.513668870319240689e+00
3.107499999999999041e+00,1.033927784145889595e+00,1.570833282325114002e-15,1.000000000000000000e+00,1.513668870319240689e+00
3.112499999999999822e+00,1.028990164112070671e+00,1.414963914642872764e-16,1.000000000000000000e+00,1.513668870319240689e+00
3.117499999999998828e+00,1.024034426169354361e+00,-8.397728677491914105e-16,1.000000000000000000e+00,1.513668870319240689e+00
3.122499999999999609e+00,1.019063667492635217e+00,-1.626880746236163956e-15,1.000000000000000000e+00,1.513668870319240689e+00
3.127499999999998614e+00,1.014080994644283695e+00,-1.290363216806761205e-15,1.000000000000000000e+00,1.513668870319240689e+00
3.132499999999999396e+00,1.009089521632633435e+00,-1.122532514705216594e-16,1.000000000000000000e+00,1.513668870319240689e+00
3.137499999999998401e+00,1.004092367965841781e+00,3.972695888368786513e-16,1.000000000000000000e+00,1.513668870319240689e+00
3.142499999999999183e+00,9.990926567022822002e-01,3.076477855502032500e-16,1.000000000000000000e+00,1.513668870319240689e+00
3.147499999999999964e+00,9.940935124987477778e-01,1.579157955664971661e-16,1.000000000000000000e+00,1.513668870319240689e+00
3.152499999999998970e+00,9.890980596576393058e-01,2.202610625995220850e-16,1.000000000000000000e+00,1.513668870319240689e+00
3.157499999999999751e+00,9.841094201743699754e-01,5.093238067454243365e-16,1.000000000000000000e+00,1.513668870319240689e+00
3.162499999999998757e+00,9.791307117862323439e-01,7.771979835222607431e-16,1.000000000000000000e+00,1.513668870319240689e+00
3.167499999999999538e+00,9.741650460239015263e-01,5.237221126824189297e-16,1.000000000000000000e+00,1.513668870319240689e+00
3.172499999999998543e+00,9.692155262668438187e-01,2.603204644196409710e-16,1.000000000000000000e+00,1.513668870319240689e+00
3.177499999999999325e+00,9.642852458037900476e-01,1.938142356410474172e-16,1.000000000000000000e+00,1.513668870319240689e+00
3.182499999999998330e+00,9.593772858995448516e-01,2.213551750147696137e-16,1.000000000000000000e+00,1.513668870319240689e+00
3.187499999999999112e+00,9.544947138692838617e-01,1.107231646214009131e-16,1.000000000000000000e+00,1.513668870319240689e+00
3.192499999999999893e+00,9.496405811615944437e-01,-1.285806792764899559e-15,1.000000000000000000e+00,1.513668870319240689e+00
3.197499999999998899e+00,9.448179214514104141e-01,-3.760843165029460811e-15,1.000000000000000000e+00,1.513668870319240689e+00
3.202499999999999680e+00,9.400297487440630873e-01,-5.417003963520040481e-15,1.000000000000000000e+00,1.513668870319240689e+00
3.207499999999998685e+00,9.352790554916367016e-01,-5.535061069230398601e-15,1.000000000000000000e+00,1.513668870319240689e+00
3.212499999999999467e+00,9.305688107227690908e-01,-4.595615922116694717e-15,1.000000000000000000e+00,1.513668870319240689e+00
3.217499999999998472e+00,9.259019581871182902e-01,-4.291387809481802895e-15,1.000000000000000000e+00,1.513668870319240689e+00
3.222499999999999254e+00,9.212814145156031920e-01,-4.604848755852391917e-15,1.000000000000000000e+00,1.513668870319240689e+00
3.227499999999998259e+00,9.167100673976171787e-01,-3.927945922617286856e-15,1.000000000000000000e+00,1.513668870319240689e+00
3.232499999999999041e+00,9.121907737763020885e-01,-1.982563305085420433e-15,1.000000000000000000e+00,1.513668870319240689e+00
3.237499999999999822e+00,9.077263580630624551e-01,-4.149241708078641542e-16,1.000000000000000000e+00,1.513668870319240689e+00
3.242499999999998828e+00,9.033196103723986070e-01,1.303048087485320918e-16,1.000000000000000000e+00,1.513668870319240689e+00
3.247499999999999609e+00,8.989732847781681802e-01,2.590088475296446373e-17,1.000000000000000000e+00,1.513668870319240689e+00
3.252499999999998614e+00,8.946900975923911536e-01,-1.545680773283060669e-16,1.000000000000000000e+00,1.513668870319240689e+00
3.257499999999999396e+00,8.904727256676316927e-01,-1.000544904577605255e-16,1.000000000000000000e+00,1.513668870319240689e+00
3.262499999999998401e+00,8.863238047240651341e-01,2.035954942784748739e-16,1.000000000000000000e+00,1.513668870319240689e+00
3.267499999999999183e+00,8.822459277022249857e-01,4.178946114285761001e-16,1.000000000000000000e+00,1.513668870319240689e+00
3.272499999999999964e+00,8.782416431425097425e-01,4.423636422657688942e-16,1.000000000000000000e+00,1.513668870319240689e+00
3.277499999999998970e+00,8.743134535924266260e-01,2.673303231424015698e-16,1.000000000000000000e+00,1.513668870319240689e+00
3.282499999999999751e+00,8.704638140425733361e-01,-2.962375483815479748e-17,1.000000000000000000e+00,1.513668870319240689e+00
3.287499999999998757e+00,8.666951303923597916e-01,-2.830676144802556578e-16,1.000000000000000000e+00,1.513668870319240689e+00
3.292499999999999538e+00,8.630097579463884561e-01,-2.437349024769551772e-16,1.000000000000000000e+00,1.513668870319240689e+00
3.297499999999998543e+00,8.594099999424773539e-01,-2.053403819733946010e-16,1.000000000000000000e+00,1.513668870319240689e+00
3.302499999999999325e+00,8.558981061121991862e-01,-3.647952740327390828e-16,1.000000000000000000e+00,1.513668870319240689e+00
3.307499999999998330e+00,8.524762712748826798e-01,-2.501999981098551065e-16,1.000000000000000000e+00,1.513668870319240689e+00
3.312499999999999112e+00,8.491466339659132778e-01,1.201723906413498096e-16,1.000000000000000000e+00,1.513668870319240689e+00
3.317499999999999893e+00,8.459112751002266783e-01,2.062758640527305261e-16,1.000000000000000000e+00,1.513668870319240689e+00
3.322499999999998899e+00,8.427722166717988017e-01,-7.093393118041038127e-18,1.000000000000000000e+00,1.513668870319240689e+00
3.327499999999999680e+00,8.397314204899644086e-01,-2.663833019424279340e-16,1.000000000000000000e+00,1.513668870319240689e+00
3.332499999999998685e+00,8.367907869533576237e-01,-5.261754313673474718e-17,1.000000000000000000e+00,1.513668870319240689e+00
3.337499999999999467e+00,8.339521538622149954e-01,2.122409271649003410e-17,1.000000000000000000e+00,1.513668870319240689e+00
3.342499999999998472e+00,8.312172952698184680e-01,2.906883377205147629e-17,1.000000000000000000e+00,1.513668870319240689e+00
3.347499999999999254e+00,8.285879203737629428e-01,1.775387403803132214e-16,1.000000000000000000e+00,1.513668870319240689e+00
3.352499999999998259e+00,8.260656724477709600e-01,4.825611967503489107e-16,1.000000000000000000e+00,1.513668870319240689e+00
3.357499999999999041e+00,8.236521278146915481e-01,4.550705080350735292e-17,1.000000000000000000e+00,1.513668870319240689e+00
3.362499999999999822e+00,8.213487948613567013e-01,-6.468345469781426471e-16,1.000000000000000000e+00,1.513668870319240689e+00
3.367499999999998828e+00,8.191571130958865687e-01,-1.179724061705188940e-16,1.000000000000000000e+00,1.513668870319240689e+00
3.372499999999999609e+00,8.170784522480408762e-01,9.833153929454271677e-16,1.000000000000000000e+00,1.513668870319240689e+00
3.377499999999998614e+00,8.151141114131873477e-01,8.741102753157202466e-16,1.000000000000000000e+00,1.513668870319240689e+00
3.382499999999999396e+00,8.132653182404042669e-01,-4.119044107926906202e-16,1.000000000000000000e+00,1.513668870319240689e+00
3.387499999999998401e+00,8.115332281652454238e-01,-1.026230092512097277e-15,1.000000000000000000e+00,1.513668870319240689e+00
3.392499999999999183e+00,8.099189236876245257e-01,-4.245404423890235026e-16,1.000000000000000000e+00,1.513668870319240689e+00
3.397499999999999964e+00,8.084234136952925809e-01,-5.312451249787971637e-18,1.000000000000000000e+00,1.513668870319240689e+00
3.402499999999998970e+00,8.070476328333144878e-01,0.000000000000000000e+00,1.000000000000000000e+00,1.513668870319240689e+00
3.407499999999999751e+00,8.057924409199446192e-01,0.000000000000000000e+00,1.000000000000000000e+00,1.513668870319240689e+00
3.412499999999998757e+00,8.046586224092712181e-01,0.000000000000000000e+00,1.000000000000000000e+00,1.513668870319240689e+00
3.417499999999999538e+00,8.036468859009551213e-01,0.000000000000000000e+00,1.000000000000000000e+00,1.513668870319240689e+00
3.422499999999998543e+00,8.027578636973816684e-01,0.000000000000000000e+00,1.000000000000000000e+00,1.513668870319240689e+00
3.427499999999999325e+00,8.019921114084883618e-01,0.000000000000000000e+00,1.000000000000000000e+00,1.513668870319240689e+00
3.432499999999998330e+00,8.013501076045299598e-01,5.406990041435153463e-17,1.000000000000000000e+00,1.513668870319240689e+00
3.437499999999999112e+00,8.008322535169852818e-01,-5.119408880383269698e-17,1.000000000000000000e+00,1.513668870319240689e+00
3.442499999999999893e+00,8.004388727878025689e-01,5.121924846145071985e-17,1.000000000000000000e+00,1.513668870319240689e+00
3.447499999999998899e+00,8.001702112671325029e-01,-5.414962954768344681e-17,1.000000000000000000e+00,1.513668870319240689e+00
3.452499999999999680e+00,8.000264368596800013e-01,0.000000000000000000e+00,1.000000000000000000e+00,1.513668870319240689e+00
3.457499999999998685e+00,8.000076394197697116e-01,1.519667537746580786e-18,1.000000000000000000e+00,1.513668870319240689e+00
3.462499999999999467e+00,8.001138306951897095e-01,0.000000000000000000e+00,1.000000000000000000e+00,1.513668870319240689e+00
3.467499999999998472e+00,8.003449443198494828e-01,0.000000000000000000e+00,1.000000000000000000e+00,1.513668870319240689e+00
3.472499999999999254e+00,8.007008358552568650e-01,-1.518351905149336986e-18,1.000000000000000000e+00,1.513668870319240689e+00
3.477499999999998259e+00,8.011812828807866049e-01,5.296532809952602120e-17,1.000000000000000000e+00,1.513668870319240689e+00
3.482499999999999041e+00,8.017859851326875065e-01,2.695447092754221647e-16,1.000000000000000000e+00,1.513668870319240689e+00
3.487499999999999822e+00,8.025145646917358766e-01,1.562201085891968995e-15,1.000000000000000000e+00,1.513668870319240689e+00
3.492499999999998828e+00,8.033665662194231505e-01,2.573991927598037947e-15,1.000000000000000000e+00,1.513668870319240689e+00
3.497499999999999609e+00,8.043414572425289233e-01,2.821887698929548694e-15,1.000000000000000000e+00,1.513668870319240689e+00
3.502499999999998614e+00,8.054386284858973122e-01,2.657322635017034935e-15,1.000000000000000000e+00,1.513668870319240689e+00
3.507499999999999396e+00,8.066573942532164754e-01,2.489592248605977350e-15,1.000000000000000000e+00,1.513668870319240689e+00
3.512499999999998401e+00,8.079969928555533754e-01,2.764043221427596508e-15,1.000000000000000000e+00,1.513668870319240689e+00
3.517499999999999183e+00,8.094565870873879909e-01,3.959079533201945116e-15,1.000000000000000000e+00,1.513668870319240689e+00
3.522499999999999964e+00,8.110352647498378920e-01,5.757544926192524949e-15,1.000000000000000000e+00,1.513668870319240689e+00
3.527499999999998970e+00,8.127320392207505462e-01,7.065226793093468750e-15,1.000000000000000000e+00,1.513668870319240689e+00
3.532499999999999751e+00,8.145458500713154137e-01,6.024614617075244402e-15,1.000000000000000000e+00,1.513668870319240689e+00
3.537499999999998757e+00,8.164755637287920420e-01,3.149244815368709833e-15,1.000000000000000000e+00,1.513668870319240689e+00
3.542499999999999538e+00,8.185199741849606969e-01,7.311552632446333176e-16,1.000000000000000000e+00,1.513668870319240689e+00
3.547499999999998543e+00,8.206778037498330125e-01,-2.612672879088445178e-16,1.000000000000000000e+00,1.513668870319240689e+00
3.552499999999999325e+00,8.229477038501729069e-01,-1.579887140733504754e-16,1.000000000000000000e+00,1.513668870319240689e+00
3.557499999999998330e+00,8.253282558723047391e-01,-3.259103083913411830e-16,1.000000000000000000e+00,1.513668870319240689e+00
3.562499999999999112e+00,8.278179720487066628e-01,-2.286833977488624429e-15,1.000000000000000000e+00,1.513668870319240689e+00
3.567499999999999893e+00,8.304152963878108640e-01,-4.646740839913779175e-15,1.000000000000000000e+00,1.513668870319240689e+00
3.572499999999998899e+00,8.331186056464514600e-01,-5.307360419804817122e-15,1.000000000000000000e+00,1.513668870319240689e+00
3.577499999999999680e+00,8.359262103443403369e-01,-4.527200801078961088e-15,1.000000000000000000e+00,1.513668870319240689e+00
3.582499999999998685e+00,8.388363558199304348e-01,-4.193742876150664523e-15,1.000000000000000000e+00,1.513668870319240689e+00
3.587499999999999467e+00,8.418472233270308802e-01,-4.739490139591516781e-15,1.000000000000000000e+00,1.513668870319240689e+00
3.592499999999998472e+00,8.449569311714557607e-01,-5.511053090870151958e-15,1.000000000000000000e+00,1.513668870319240689e+00
3.597499999999999254e+00,8.481635358870301955e-01,-4.794386091520874231e-15,1.000000000000000000e+00,1.513668870319240689e+00
3.602499999999998259e+00,8.514650334501836504e-01,-2.885268479521270216e-15,1.000000000000000000e+00,1.513668870319240689e+00
3.607499999999999041e+00,8.548593605324097400e-01,-7.514726209745053002e-16,1.000000000000000000e+00,1.513668870319240689e+00
3.612499999999999822e+00,8.583443957897717302e-01,-2.799180534455447060e-17,1.000000000000000000e+00,1.513668870319240689e+00
3.617499999999998828e+00,8.619179611886746972e-01,0.000000000000000000e+00,1.000000000000000000e+00,1.513668870319240689e+00
3.622499999999999609e+00,8.655778233670714528e-01,0.000000000000000000e+00,1.000000000000000000e+00,1.513668870319240689e+00
3.627499999999998614e+00,8.693216950302319335e-01,0.000000000000000000e+00,1.000000000000000000e+00,1.513668870319240689e+00
3.632499999999999396e+00,8.731472363802377235e-01,0.000000000000000000e+00,1.000000000000000000e+00,1.513668870319240689e+00
3.637499999999998401e+00,8.770520565782684574e-01,2.020082810005637267e-16,1.000000000000000000e+00,1.513668870319240689e+00
3.642499999999999183e+00,8.810337152388105775e-01,1.835470437351348377e-15,1.000000000000000000e+00,1.513668870319240689e+00
3.647499999999998188e+00,8.850897239548075612e-01,4.403592817657017357e-15,1.000000000000000000e+00,1.513668870319240689e+00
3.652499999999998970e+00,8.892175478528435706e-01,5.712131270190478906e-15,1.000000000000000000e+00,1.513668870319240689e+00
3.657499999999999751e+00,8.934146071773465536e-01,4.857728797041241068e-15,1.000000000000000000e+00,1.513668870319240689e+00
3.662499999999998757e+00,8.976782789028583398e-01,2.189768328884224868e-15,1.000000000000000222e+00,1.513668870319240689e+00
3.667499999999999538e+00,9.020058983733416635e-01,-7.346359605029683254e-16,1.000000000000000000e+00,1.513668870319240689e+00
3.672499999999998543e+00,9.063947609674942729e-01,-3.200307043969191383e-15,1.000000000000000000e+00,1.513668870319240689e+00
3.677499999999999325e+00,9.108421237890607092e-01,-5.327024816061852781e-15,1.000000000000000000e+00,1.513668870319240689e+00
3.682499999999998330e+00,9.153452073810440792e-01,-5.137813788654928128e-15,1.000000000000000000e+00,1.513668870319240689e+00
3.687499999999999112e+00,9.199011974627837596e-01,-3.275163687761073794e-15,1.000000000000000000e+00,1.513668870319240689e+00
3.692499999999999893e+00,9.245072466887799267e-01,-9.729400382681503305e-16,1.000000000000000000e+00,1.513668870319240689e+00
3.697499999999998899e+00,9.291604764281991002e-01,-4.972457775653692449e-17,1.000000000000000000e+00,1.513668870319240689e+00
3.702499999999999680e+00,9.338579785639267161e-01,0.000000000000000000e+00,1.000000000000000000e+00,1.513668870319240689e+00
3.707499999999998685e+00,9.385968173100339706e-01,4.927495322755984874e-17,1.000000000000000000e+00,1.513668870319240689e+00
3.712499999999999467e+00,9.433740310465640322e-01,7.639768287262734015e-17,1.000000000000000000e+00,1.513668870319240689e+00
3.717499999999998472e+00,9.481866341704336953e-01,1.415821968777683584e-16,1.000000000000000000e+00,1.513668870319240689e+00
3.722499999999999254e+00,9.530316189613511346e-01,1.770044327072993412e-16,1.000000000000000000e+00,1.513668870319240689e+00
3.727499999999998259e+00,9.579059574615287342e-01,-4.048695408221677035e-17,1.000000000000000000e+00,1.513668870319240689e+00
3.732499999999999041e+00,9.628066033680741098e-01,-2.085612906306682074e-16,1.000000000000000000e+00,1.513668870319240689e+00
3.737499999999999822e+00,9.677304939368177594e-01,-1.877291156021739469e-16,1.000000000000000000e+00,1.513668870319240689e+00
3.742499999999998828e+00,9.726745518964311499e-01,0.000000000000000000e+00,1.000000000000000000e+00,1.513668870319240689e+00
3.747499999999999609e+00,9.776356873716288698e-01,1.583137149954053284e-16,1.000000000000000000e+00,1.513668870319240689e+00
3.752499999999998614e+00,9.826107998142280531e-01,8.355977657896037092e-17,1.000000000000000000e+00,1.513668870319240689e+00
3.757499999999999396e+00,9.875967799409026693e-01,-1.134139507722302201e-16,1.000000000000000000e+00,1.513668870319240689e+00
3.762499999999998401e+00,9.925905116763696912e-01,-2.082211063219242769e-17,1.000000000000000000e+00,1.513668870319240689e+00
3.767499999999999183e+00,9.975888741008512861e-01,-3.749285849500691538e-17,1.000000000000000000e+00,1.513668870319240689e+00
3.772499999999998188e+00,1.002588743400532945e+00,-5.689547026762588129e-17,1.000000000000000000e+00,1.513668870319240689e+00
3.777499999999998970e+00,1.007586994819858361e+00,-9.686089601529801374e-18,1.000000000000000000e+00,1.513668870319240689e+00
3.782499999999999751e+00,1.012580504614388310e+00,1.241307049768858369e-16,1.000000000000000000e+00,1.513668870319240689e+00
3.787499999999998757e+00,1.017566152003045898e+00,4.427245208025837059e-17,1.000000000000000000e+00,1.513668870319240689e+00
3.792499999999999538e+00,1.022540821118506527e+00,-1.544439842889898531e-16,1.000000000000000000e+00,1.513668870319240689e+00
3.797499999999998543e+00,1.027501402954501319e+00,-1.247414557114016425e-17,1.000000000000000000e+00,1.513668870319240689e+00
3.802499999999999325e+00,1.032444797308860407e+00,0.000000000000000000e+00,1.000000000000000000e+00,1.513668870319240689e+00
3.807499999999998330e+00,1.037367914721023743e+00,4.785562923744756338e-17,1.000000000000000000e+00,1.513668870319240689e+00
3.812499999999999112e+00,1.042267678402866604e+00,6.060818996585493793e-17,1.000000000000000000e+00,1.513668870319240689e+00
3.817499999999999893e+00,1.047141026161579447e+00,6.270704843247760739e-17,1.000000000000000000e+00,1.513668870319240689e+00
3.822499999999998899e+00,1.051984912313446374e+00,8.374118119959890295e-17,1.000000000000000000e+00,1.513668870319240689e+00
3.827499999999999680e+00,1.056796309587301641e+00,1.334163731064459608e-16,1.000000000000000000e+00,1.513668870319240689e+00
3.832499999999998685e+00,1.061572211016462264e+00,1.580980118663275672e-16,1.000000000000000000e+00,1.513668870319240689e+00
3.837499999999999467e+00,1.066309631818000980e+00,2.270428203948116918e-17,1.000000000000000000e+00,1.513668870319240689e+00
3.842499999999998472e+00,1.071005611258123880e+00,1.208879569738667243e-17,1.000000000000000000e+00,1.513668870319240689e+00
3.847499999999999254e+00,1.075657214502544923e+00,3.278677578560519015e-17,1.000000000000000000e+00,1.513668870319240689e+00
3.852499999999998259e+00,1.080261534450648542e+00,4.231420333448245100e-16,1.000000000000000000e+00,1.513668870319240689e+00
3.857499999999999041e+00,1.084815693552347415e+00,1.563837114633030104e-15,1.000000000000000000e+00,1.513668870319240689e+00
3.862499999999999822e+00,1.089316845606446593e+00,3.176469821113198853e-15,1.000000000000000000e+00,1.513668870319240689e+00
3.867499999999998828e+00,1.093762177539428837e+00,4.329359322077130649e-15,1.000000000000000000e+00,1.513668870319240689e+00
3.872499999999999609e+00,1.098148911163540964e+00,3.440827924676376442e-15,1.000000000000000000e+00,1.513668870319240689e+00
3.877499999999998614e+00,1.102474304913059422e+00,9.584728059525099622e-16,1.000000000000000222e+00,1.513668870319240689e+00
3.882499999999999396e+00,1.106735655557691711e+00,-1.804315438117969705e-15,1.000000000000000000e+00,1.513668870319240689e+00
3.887499999999998401e+00,1.110930299891994100e+00,-2.589292120627721400e-15,1.000000000000000000e+00,1.513668870319240689e+00
3.892499999999999183e+00,1.115055616399802441e+00,-1.806281024503501251e-15,1.000000000000000000e+00,1.513668870319240689e+00
3.897499999999998188e+00,1.119109026892581849e+00,-1.331195278619784188e-15,1.000000000000000000e+00,1.513668870319240689e+00
3.902499999999998970e+00,1.123087998120721132e+00,-1.839640421529543289e-15,1.000000000000000000e+00,1.513668870319240689e+00
3.907499999999999751e+00,1.126990043356721705e+00,-2.219315784929814167e-15,1.000000000000000000e+00,1.513668870319240689e+00
3.912499999999998757e+00,1.130812723949327525e+00,-1.857025258977310259e-15,1.000000000000000000e+00,1.513668870319240689e+00
3.917499999999999538e+00,1.134553650847604844e+00,-6.775241187292745145e-16,1.000000000000000000e+00,1.513668870319240689e+00
3.922499999999998543e+00,1.138210486094010987e+00,-1.666298653123009987e-17,1.000000000000000000e+00,1.513668870319240689e+00
3.927499999999999325e+00,1.141780944285555099e+00,1.124531288614882196e-17,1.000000000000000000e+00,1.513668870319240689e+00
3.932499999999998330e+00,1.145262794002088524e+00,2.012670608532930255e-17,1.000000000000000000e+00,1.513668870319240689e+00
3.937499999999999112e+00,1.148653859200880367e+00,6.695695845225624746e-17,1.000000000000000000e+00,1.513668870319240689e+00
3.942499999999999893e+00,1.151952020576563207e+00,9.382418699281361477e-17,1.000000000000000000e+00,1.513668870319240689e+00
3.947499999999998899e+00,1.155155216885636271e+00,-7.468907937877405098e-17,1.000000000000000000e+00,1.513668870319240689e+00
3.952499999999999680e+00,1.158261446234677639e+00,-1.162120200684725598e-16,1.000000000000000000e+00,1.513668870319240689e+00
3.957499999999998685e+00,1.161268767331453677e+00,0.000000000000000000e+00,1.000000000000000000e+00,1.513668870319240689e+00
3.962499999999999467e+00,1.164175300698173210e+00,0.000000000000000000e+00,1.000000000000000000e+00,1.513668870319240689e+00
3.967499999999998472e+00,1.166979229846092370e+00,3.232758614628311642e-17,1.000000000000000000e+00,1.513668870319240689e+00
3.972499999999999254e+00,1.169678802410767382e+00,7.398198361155478186e-16,1.000000000000000000e+00,1.513668870319240689e+00
3.977499999999998259e+00,1.172272331247218080e+00,1.964186661166063704e-15,1.000000000000000000e+00,1.513668870319240689e+00
3.982499999999999041e+00,1.174758195484346235e+00,2.334080811247567455e-15,1.000000000000000000e+00,1.513668870319240689e+00
3.987499999999999822e+00,1.177134841537922139e+00,1.850724147316985323e-15,1.000000000000000000e+00,1.513668870319240689e+00
3.992499999999998828e+00,1.179400784081523490e+00,1.195061261773276787e-15,1.000000000000000000e+00,1.513668870319240689e+00
3.997499999999999609e+00,1.181554606974822397e+00,1.717511655964683480e-15,1.000000000000000000e+00,1.513668870319240689e+00
4.002499999999998614e+00,1.183594964148618978e+00,2.840718971181773518e-15,1.000000000000000000e+00,1.513668870319240689e+00
4.007499999999999396e+00,1.185520580446097538e+00,3.161645425594885970e-15,1.000000000000000000e+00,1.513668870319240689e+00
4.012499999999998401e+00,1.187330252419752208e+00,3.023261834715881696e-15,1.000000000000000000e+00,1.513668870319240689e+00
4.017499999999999183e+00,1.189022849083507749e+00,2.806684275905558383e-15,1.000000000000000000e+00,1.513668870319240689e+00
4.022499999999998188e+00,1.190597312619545267e+00,2.924774086498209018e-15,1.000000000000000000e+00,1.513668870319240689e+00
4.027499999999998970e+00,1.192052659039406270e+00,2.503738676408159094e-15,1.000000000000000000e+00,1.513668870319240689e+00
4.032499999999999751e+00,1.193387978798951643e+00,9.169425085560628931e-16,1.000000000000000000e+00,1.513668870319240689e+00
4.037499999999998757e+00,1.194602437366797609e+00,-5.025856461801439441e-16,1.000000000000000000e+00,1.513668870319240689e+00
4.042499999999999538e+00,1.195695275745872532e+00,-1.029391644840796676e-15,1.000000000000000000e+00,1.513668870319240689e+00
4.047499999999998543e+00,1.196665810947762143e+00,-5.434484616083080842e-16,1.000000000000000000e+00,1.513668870319240689e+00
4.052499999999999325e+00,1.197513436419558097e+00,-3.544105625179115025e-16,1.000000000000000000e+00,1.513668870319240689e+00
4.057499999999998330e+00,1.198237622422931636e+00,-6.297872437096203081e-16,1.000000000000000000e+00,1.513668870319240689e+00
4.062499999999999112e+00,1.198837916365204093e+00,-3.843334779203825864e-16,1.000000000000000000e+00,1.513668870319240689e+00
4.067499999999999893e+00,1.199313943082201961e+00,-1.435663160694780875e-16,1.000000000000000000e+00,1.513668870319240689e+00
4.072499999999998899e+00,1.199665405072722235e+00,-2.284867451534891451e-16,1.000000000000000000e+00,1.513668870319240689e+00
4.077499999999999680e+00,1.199892082684461680e+00,-1.426353242043637313e-16,1.000000000000000000e+00,1.513668870319240689e+00
4.082499999999998685e+00,1.199993834251291247e+00,-3.478508201675625093e-16,1.000000000000000000e+00,1.513668870319240689e+00
4.087499999999999467e+00,1.199970596181794358e+00,-4.621544598470045802e-16,1.000000000000000000e+00,1.513668870319240689e+00
4.092499999999998472e+00,1.199822382999007564e+00,-7.782262891552672852e-17,1.000000000000000000e+00,1.513668870319240689e+00
4.097499999999999254e+00,1.199549287331345804e+00,1.239965532222704473e-15,1.000000000000000000e+00,1.513668870319240689e+00
4.102499999999998259e+00,1.199151479854711821e+00,1.750404314256236711e-15,1.000000000000000000e+00,1.513668870319240689e+00
4.107499999999999041e+00,1.198629209185829048e+00,1.143701885632719529e-16,1.000000000000000000e+00,1.513668870319240689e+00
4.112499999999999822e+00,1.197982801726864777e+00,-1.832576537337440343e-15,1.000000000000000000e+00,1.513668870319240689e+00
4.117499999999998828e+00,1.197212661461439787e+00,-2.972137674044542556e-15,1.000000000000000000e+00,1.513668870319240689e+00
4.122499999999999609e+00,1.196319269702150745e+00,-2.888173614073565985e-15,1.000000000000000000e+00,1.513668870319240689e+00
4.127499999999998614e+00,1.195303184789765938e+00,-1.862025314532782596e-15,1.000000000000000000e+00,1.513668870319240689e+00
4.132499999999999396e+00,1.194165041744280398e+00,-8.693524122706335399e-16,1.000000000000000000e+00,1.513668870319240689e+00
4.137499999999998401e+00,1.192905551868050029e+00,-1.576787395181198989e-15,1.000000000000000000e+00,1.513668870319240689e+00
4.142499999999999183e+00,1.191525502301248540e+00,-3.755853037746162791e-15,1.000000000000000000e+00,1.513668870319240689e+00
4.147499999999998188e+00,1.190025755529933393e+00,-4.485302828306687994e-15,1.000000000000000000e+00,1.513668870319240689e+00
4.152499999999998970e+00,1.188407248847016762e+00,-3.315007774504486299e-15,1.000000000000000000e+00,1.513668870319240689e+00
4.157499999999999751e+00,1.186670993766491655e+00,-1.729778010943655570e-15,1.000000000000000000e+00,1.513668870319240689e+00
4.162499999999998757e+00,1.184818075391266046e+00,-5.853726279591899223e-16,1.000000000000000000e+00,1.513668870319240689e+00
4.167499999999999538e+00,1.182849651735008445e+00,-1.118995370280716434e-16,1.000000000000000000e+00,1.513668870319240689e+00
4.172499999999998543e+00,1.180766952998430153e+00,8.247587467096142205e-17,1.000000000000000000e+00,1.513668870319240689e+00
4.177499999999999325e+00,1.178571280800445598e+00,2.659375801687262841e-16,1.000000000000000000e+00,1.513668870319240689e+00
4.182499999999998330e+00,1.176264007364707709e+00,1.792479008084583423e-16,1.000000000000000000e+00,1.513668870319240689e+00
4.187499999999999112e+00,1.173846574662006814e+00,2.651230005450199655e-16,1.000000000000000000e+00,1.513668870319240689e+00
4.192499999999998117e+00,1.171320493509093508e+00,2.061598340233779339e-16,1.000000000000000000e+00,1.513668870319240689e+00
4.197499999999998899e+00,1.168687342624459058e+00,1.358502584464083661e-16,1.000000000000000000e+00,1.513668870319240689e+00
4.202499999999999680e+00,1.165948767641693973e+00,7.127877895062782832e-16,1.000000000000000000e+00,1.513668870319240689e+00
4.207499999999998685e+00,1.163106480081019800e+00,2.599481788369288688e-15,1.000000000000000000e+00,1.513668870319240689e+00
4.212499999999999467e+00,1.160162256279638981e+00,5.314130964832002659e-15,9.999999999999997780e-01,1.513668870319240689e+00
4.217499999999998472e+00,1.157117936281591097e+00,7.216062492679473647e-15,1.000000000000000000e+00,1.513668870319240689e+00
4.222499999999999254e+00,1.153975422687775199e+00,6.568110851781951581e-15,1.000000000000000000e+00,1.513668870319240689e+00
4.227499999999998259e+00,1.150736679466897394e+00,4.151731711251526845e-15,1.000000000000000000e+00,1.513668870319240689e+00
4.232499999999999041e+00,1.147403730728042470e+00,1.259368141698055373e-15,1.000000000000000000e+00,1.513668870319240689e+00
4.237499999999999822e+00,1.143978659455680447e+00,-2.838655555421264417e-16,1.000000000000000000e+00,1.513668870319240689e+00
4.242499999999998828e+00,1.140463606207867908e+00,-7.536549699705993728e-16,1.000000000000000000e+00,1.513668870319240689e+00
4.247499999999999609e+00,1.136860767778462122e+00,-2.323290592821799066e-15,1.000000000000000000e+00,1.513668870319240689e+00
4.252499999999998614e+00,1.133172395824206369e+00,-3.793674654159184640e-15,1.000000000000000000e+00,1.513668870319240689e+00
4.257499999999999396e+00,1.129400795457507378e+00,-4.389112392915440978e-15,1.000000000000000000e+00,1.513668870319240689e+00
4.262499999999998401e+00,1.125548323805826811e+00,-3.755330813799314335e-15,1.000000000000000000e+00,1.513668870319240689e+00
4.267499999999999183e+00,1.121617388538540760e+00,-1.964211743167602437e-15,1.000000000000000000e+00,1.513668870319240689e+00
4.272499999999998188e+00,1.117610446362236276e+00,4.862305507701356292e-16,1.000000000000000000e+00,1.513668870319240689e+00
4.277499999999998970e+00,1.113530001485338872e+00,2.668421108028662510e-15,1.000000000000000000e+00,1.513668870319240689e+00
4.282499999999999751e+00,1.109378604053074868e+00,3.225895864976379309e-15,1.000000000000000000e+00,1.513668870319240689e+00
4.287499999999998757e+00,1.105158848553706052e+00,3.055124567043846505e-15,1.000000000000000000e+00,1.513668870319240689e+00
4.292499999999999538e+00,1.100873372197057609e+00,2.821141848613526459e-15,1.000000000000000000e+00,1.513668870319240689e+00
4.297499999999998543e+00,1.096524853266357846e+00,2.961371931300962076e-15,1.000000000000000000e+00,1.513668870319240689e+00
4.302499999999999325e+00,1.092116009444385138e+00,2.467472360444669265e-15,1.000000000000000000e+00,1.513668870319240689e+00
4.307499999999998330e+00,1.087649596115016326e+00,4.332564148431519874e-16,1.000000000000000000e+00,1.513668870319240689e+00
4.312499999999999112e+00,1.083128404641191311e+00,-1.843364198265820323e-15,1.000000000000000000e+00,1.513668870319240689e+00
4.317499999999998117e+00,1.078555260620413847e+00,-4.212233513966887616e-15,1.000000000000000000e+00,1.513668870319240689e+00
4.322499999999998899e+00,1.073933022118831682e+00,-5.913899705512547550e-15,1.000000000000000000e+00,1.513668870319240689e+00
4.327499999999999680e+00,1.069264577885048029e+00,-5.547180103279180718e-15,1.000000000000000000e+00,1.513668870319240689e+00
4.332499999999998685e+00,1.064552845544747717e+00,-3.606745413616863868e-15,9.999999999999997780e-01,1.513668870319240689e+00
4.337499999999999467e+00,1.059800769777266227e+00,-1.179463238916988885e-15,9.999999999999997780e-01,1.513668870319240689e+00
4.342499999999998472e+00,1.055011320475274683e+00,1.077464200539220145e-15,1.000000000000000000e+00,1.513668870319240689e+00
4.347499999999999254e+00,1.050187490888679465e+00,2.924166287352478497e-15,1.000000000000000000e+00,1.513668870319240689e+00
4.352499999999998259e+00,1.045332295753954588e+00,4.167664431243984298e-15,1.000000000000000000e+00,1.513668870319240689e+00
4.357499999999999041e+00,1.040448769410011742e+00,4.683557068422898686e-15,1.000000000000000000e+00,1.513668870319240689e+00
4.362499999999999822e+00,1.035539963901851435e+00,4.421712394389473903e-15,1.000000000000000000e+00,1.513668870319240689e+00
4.367499999999998828e+00,1.030608947073130333e+00,3.409650190942333461e-15,1.000000000000000000e+00,1.513668870319240689e+00
4.372499999999999609e+00,1.025658800648851177e+00,1.757816951975201597e-15,1.000000000000000000e+00,1.513668870319240689e+00
4.377499999999998614e+00,1.020692618309398059e+00,-3.378824494299946320e-16,1.000000000000000000e+00,1.513668870319240689e+00
4.382499999999999396e+00,1.015713503757073255e+00,-2.279921645967294022e-15,1.000000000000000000e+00,1.513668870319240689e+00
4.387499999999998401e+00,1.010724568776398824e+00,-2.781591227019115992e-15,1.000000000000000000e+00,1.513668870319240689e+00
4.392499999999999183e+00,1.005728931289337824e+00,-2.642960059737335199e-15,1.000000000000000000e+00,1.513668870319240689e+00
4.397499999999998188e+00,1.000729713406707022e+00,-2.479564880174479775e-15,1.000000000000000000e+00,1.513668870319240689e+00
4.402499999999998970e+00,9.957300394769480478e-01,-2.708219021222080275e-15,1.000000000000000000e+00,1.513668870319240689e+00
4.407499999999999751e+00,9.907330341335235380e-01,-3.528010588856790077e-15,1.000000000000000000e+00,1.513668870319240689e+00
4.412499999999998757e+00,9.857418203421142167e-01,-4.341273741480849449e-15,1.000000000000000000e+00,1.513668870319240689e+00
4.417499999999999538e+00,9.807595174488651368e-01,-3.719154405269476160e-15,1.000000000000000000e+00,1.513668870319240689e+00
4.422499999999998543e+00,9.757892392309079899e-01,-2.252788798582428676e-15,1.000000000000000000e+00,1.513668870319240689e+00
4.427499999999999325e+00,9.708340919503357647e-01,-1.662029381427720919e-15,1.000000000000000000e+00,1.513668870319240689e+00
4.432499999999998330e+00,9.658971724129046255e-01,-1.960339370103950110e-15,1.000000000000000000e+00,1.513668870319240689e+00
4.437499999999999112e+00,9.609815660326184172e-01,-1.635300944287301638e-15,1.000000000000000000e+00,1.513668870319240689e+00
4.442499999999998117e+00,9.560903449034591217e-01,-5.224230783363793765e-16,1.000000000000000000e+00,1.513668870319240689e+00
4.447499999999998899e+00,9.512265658794127887e-01,1.437747240629649271e-17,1.000000000000000000e+00,1.513668870319240689e+00
4.452499999999999680e+00,9.463932686640472713e-01,-6.042325114463900783e-17,1.000000000000000000e+00,1.513668870319240689e+00
4.457499999999998685e+00,9.415934739107942875e-01,-3.049771351785598993e-16,1.000000000000000000e+00,1.513668870319240689e+00
4.462499999999999467e+00,9.368301813351312957e-01,-4.207382094673551866e-16,1.000000000000000000e+00,1.513668870319240689e+00
4.467499999999998472e+00,9.321063678398688879e-01,-2.895680757671341881e-16,1.000000000000000000e+00,1.513668870319240689e+00
4.472499999999999254e+00,9.274249856546713522e-01,0.000000000000000000e+00,1.000000000000000000e+00,1.513668870319240689e+00
4.477499999999998259e+00,9.227889604910228805e-01,1.429188245227469203e-16,1.000000000000000000e+00,1.513668870319240689e+00
4.482499999999999041e+00,9.182011897137384304e-01,6.317944460972660964e-17,1.000000000000000000e+00,1.513668870319240689e+00
4.487499999999999822e+00,9.136645405302160627e-01,-7.596483876234752551e-18,1.000000000000000000e+00,1.513668870319240689e+00
4.492499999999998828e+00,9.091818481985236566e-01,4.497080637890250655e-16,1.000000000000000000e+00,1.513668870319240689e+00
4.497499999999999609e+00,9.047559142554475464e-01,1.594874014745935992e-15,1.000000000000000000e+00,1.513668870319240689e+00
4.502499999999998614e+00,9.003895047656340633e-01,2.673660886949068991e-15,1.000000000000000000e+00,1.513668870319240689e+00
4.507499999999999396e+00,8.960853485928788054e-01,2.001686491444770972e-15,1.000000000000000000e+00,1.513668870319240689e+00
4.512499999999998401e+00,8.918461356946867369e-01,-5.467301038705525329e-17,1.000000000000000000e+00,1.513668870319240689e+00
4.517499999999999183e+00,8.876745154411240790e-01,-6.369385445437939659e-16,1.000000000000000000e+00,1.513668870319240689e+00
4.522499999999998188e+00,8.835730949590595573e-01,-3.543271600135197442e-16,1.000000000000000000e+00,1.513668870319240689e+00
4.527499999999998970e+00,8.795444375027844375e-01,1.499757143039211978e-16,1.000000000000000000e+00,1.513668870319240689e+00
4.532499999999999751e+00,8.755910608520729443e-01,4.625947104633571042e-16,1.000000000000000000e+00,1.513668870319240689e+00
4.537499999999998757e+00,8.717154357386441843e-01,4.143691730266067275e-16,1.000000000000000000e+00,1.513668870319240689e+00
4.542499999999999538e+00,8.679199843020343197e-01,3.695909378524423796e-16,1.000000000000000000e+00,1.513668870319240689e+00
4.547499999999998543e+00,8.642070785758472207e-01,5.505175838786647530e-16,1.000000000000000000e+00,1.513668870319240689e+00
4.552499999999999325e+00,8.605790390052987515e-01,5.381123592860658436e-16,1.000000000000000000e+00,1.513668870319240689e+00
4.557499999999998330e+00,8.570381329970246931e-01,3.459954084273843282e-16,1.000000000000000000e+00,1.513668870319240689e+00
4.562499999999999112e+00,8.535865735020163880e-01,4.487787898589066935e-16,1.000000000000000000e+00,1.513668870319240689e+00
4.567499999999998117e+00,8.502265176326080365e-01,4.048975299874045865e-16,1.000000000000000000e+00,1.513668870319240689e+00
4.572499999999998899e+00,8.469600653143410929e-01,3.536584581404443616e-16,1.000000000000000000e+00,1.513668870319240689e+00
4.577499999999999680e+00,8.437892579735872811e-01,7.389590343551596133e-16,1.000000000000000000e+00,1.513668870319240689e+00
4.582499999999998685e+00,8.407160772617221500e-01,2.180414703083585696e-15,1.000000000000000000e+00,1.513668870319240689e+00
4.587499999999999467e+00,8.377424438166520826e-01,3.225331500764992358e-15,1.000000000000000000e+00,1.513668870319240689e+00
4.592499999999998472e+00,8.348702160624859037e-01,3.394450734576272468e-15,1.000000000000000000e+00,1.513668870319240689e+00
4.597499999999999254e+00,8.321011890480731754e-01,3.178048756021218177e-15,1.000000000000000222e+00,1.513668870319240689e+00
4.602499999999998259e+00,8.294370933251642430e-01,3.776695110765808919e-15,1.000000000000000222e+00,1.513668870319240689e+00
4.607499999999999041e+00,8.268795938668638268e-01,2.829690529860803856e-15,1.000000000000000000e+00,1.513668870319240689e+00
4.612499999999998046e+00,8.244302890270850392e-01,-2.710719466011445992e-16,1.000000000000000000e+00,1.513668870319240689e+00
4.617499999999998828e+00,8.220907095416224442e-01,-9.473199154820920234e-16,1.000000000000000000e+00,1.513668870319240689e+00
4.622499999999999609e+00,8.198623175714992994e-01,-9.493635706524355532e-16,1.000000000000000000e+00,1.513668870319240689e+00
4.627499999999998614e+00,8.177465057891599720e-01,-1.676486335741058520e-15,1.000000000000000000e+00,1.513668870319240689e+00
4.632499999999999396e+00,8.157445965080941663e-01,-3.858234862001046950e-15,1.000000000000000000e+00,1.513668870319240689e+00
4.637499999999998401e+00,8.138578408564393074e-01,-6.273330224927467078e-15,1.000000000000000000e+00,1.513668870319240689e+00
4.642499999999999183e+00,8.120874179950597904e-01,-7.427010760538048717e-15,1.000000000000000000e+00,1.513668870319240689e+00
4.647499999999998188e+00,8.104344343806152429e-01,-5.790285759167393244e-15,1.000000000000000000e+00,1.513668870319240689e+00
4.652499999999998970e+00,8.088999230740565594e-01,-2.945496415318609178e-15,1.000000000000000000e+00,1.513668870319240689e+00
4.657499999999999751e+00,8.074848430950010147e-01,-4.805063626744763663e-16,1.000000000000000000e+00,1.513668870319240689e+00
4.662499999999998757e+00,8.061900788223723691e-01,0.000000000000000000e+00,1.000000000000000000e+00,1.513668870319240689e+00
4.667499999999999538e+00,8.050164394416940983e-01,0.000000000000000000e+00,1.000000000000000000e+00,1.513668870319240689e+00
4.672499999999998543e+00,8.039646584393762563e-01,0.000000000000000000e+00,1.000000000000000000e+00,1.513668870319240689e+00
4.677499999999999325e+00,8.030353931443077187e-01,0.000000000000000000e+00,1.000000000000000000e+00,1.513668870319240689e+00
4.682499999999998330e+00,8.022292243170494608e-01,0.000000000000000000e+00,1.000000000000000000e+00,1.513668870319240689e+00
4.687499999999999112e+00,8.015466557868761166e-01,0.000000000000000000e+00,1.000000000000000000e+00,1.513668870319240689e+00
4.692499999999998117e+00,8.009881141369010749e-01,2.223471608382226044e-17,1.000000000000000000e+00,1.513668870319240689e+00
4.697499999999998899e+00,8.005539484374737391e-01,2.851383242192140136e-17,1.000000000000000000e+00,1.513668870319240689e+00
4.702499999999999680e+00,8.002444300280237011e-01,1.857982314335082674e-17,1.000000000000000000e+00,1.513668870319240689e+00
4.707499999999998685e+00,8.000597523474818340e-01,-4.984887680426559279e-20,1.000000000000000000e+00,1.513668870319240689e+00
4.712499999999999467e+00,8.000000308133866644e-01,-1.861272684899584519e-17,1.000000000000000000e+00,1.513668870319240689e+00
4.717499999999998472e+00,8.000653027497530712e-01,-2.853753786453804493e-17,1.000000000000000000e+00,1.513668870319240689e+00
4.722499999999999254e+00,8.002555273637457223e-01,-2.217172616170936432e-17,1.000000000000000000e+00,1.513668870319240689e+00
4.727499999999998259e+00,8.005705857711724605e-01,1.518598935788271783e-18,1.000000000000000000e+00,1.513668870319240689e+00
4.732499999999999041e+00,8.010102810707848686e-01,-1.517765337481431260e-18,1.000000000000000000e+00,1.513668870319240689e+00
4.737499999999998046e+00,8.015743384673328364e-01,7.381715299469906910e-18,1.000000000000000000e+00,1.513668870319240689e+00
4.742499999999998828e+00,8.022624054433047380e-01,1.111705222916074906e-18,1.000000000000000000e+00,1.513668870319240689e+00
4.747499999999999609e+00,8.030740519792380905e-01,-3.999280717067993607e-18,1.000000000000000000e+00,1.513668870319240689e+00
4.752499999999998614e+00,8.040087708224679108e-01,1.722300466930558331e-17,1.000000000000000000e+00,1.513668870319240689e+00
4.757499999999999396e+00,8.050659778041440173e-01,6.348431528299308202e-16,1.000000000000000000e+00,1.513668870319240689e+00
4.762499999999998401e+00,8.062450122043158807e-01,1.835704019512421538e-15,1.000000000000000000e+00,1.513668870319240689e+00
4.767499999999999183e+00,8.075451371648632026e-01,2.880963486241432716e-15,1.000000000000000000e+00,1.513668870319240689e+00
4.772499999999998188e+00,8.089655401500058796e-01,2.267384674804079020e-15,1.000000000000000000e+00,1.513668870319240689e+00
4.777499999999998970e+00,8.105053334541152399e-01,8.525438462577354148e-16,1.000000000000000000e+00,1.513668870319240689e+00
4.782499999999999751e+00,8.121635547564980406e-01,-6.901053423573028883e-16,1.000000000000000000e+00,1.513668870319240689e+00
4.787499999999998757e+00,8.139391677228172695e-01,-1.874463531739333228e-15,1.000000000000000000e+00,1.513668870319240689e+00
4.792499999999999538e+00,8.158310626527689458e-01,-2.403719590609624226e-15,1.000000000000000000e+00,1.513668870319240689e+00
4.797499999999998543e+00,8.178380571736041382e-01,-2.169249770072646929e-15,1.000000000000000000e+00,1.513668870319240689e+00
4.802499999999999325e+00,8.199588969790791992e-01,-1.267131894066043511e-15,1.000000000000000000e+00,1.513668870319240689e+00
4.807499999999998330e+00,8.221922566133508248e-01,0.000000000000000000e+00,1.000000000000000000e+00,1.513668870319240689e+00
4.812499999999999112e+00,8.245367402993482031e-01,1.110148215669050515e-15,1.000000000000000000e+00,1.513668870319240689e+00
4.817499999999998117e+00,8.269908828110816845e-01,1.555641446172277585e-15,1.000000000000000000e+00,1.513668870319240689e+00
4.822499999999998899e+00,8.295531503893691649e-01,1.439741525060891308e-15,1.000000000000000000e+00,1.513668870319240689e+00
4.827499999999999680e+00,8.322219417003793307e-01,1.609780915979517278e-15,1.000000000000000000e+00,1.513668870319240689e+00
4.832499999999998685e+00,8.349955888364138934e-01,1.502340170046367510e-15,1.000000000000000000e+00,1.513668870319240689e+00
4.837499999999999467e+00,8.378723583583010948e-01,1.019714434591260545e-15,1.000000000000000000e+00,1.513668870319240689e+00
4.842499999999998472e+00,8.408504523787310170e-01,5.139182972663226244e-16,1.000000000000000000e+00,1.513668870319240689e+00
4.847499999999999254e+00,8.439280096858839952e-01,7.702054819100107031e-16,1.000000000000000000e+00,1.513668870319240689e+00
4.852499999999998259e+00,8.471031069066194963e-01,8.883587665764149919e-16,1.000000000000000000e+00,1.513668870319240689e+00
4.857499999999999041e+00,8.503737597085304634e-01,7.009381220573524455e-16,1.000000000000000000e+00,1.513668870319240689e+00
4.862499999999998046e+00,8.537379240400783109e-01,4.403092635049655385e-16,1.000000000000000000e+00,1.513668870319240689e+00
4.867499999999998828e+00,8.571934974080664960e-01,7.270147307003880747e-16,1.000000000000000000e+00,1.513668870319240689e+00
4.872499999999999609e+00,8.607383201916217752e-01,8.945532897085083130e-16,1.000000000000000000e+00,1.513668870319240689e+00
4.877499999999998614e+00,8.643701769918930022e-01,5.752873600740929797e-17,1.000000000000000000e+00,1.513668870319240689e+00
4.882499999999999396e+00,8.680867980166043774e-01,-1.898016154165992908e-15,1.000000000000000000e+00,1.513668870319240689e+00
4.887499999999998401e+00,8.718858604985938454e-01,-3.983401645098492145e-15,1.000000000000000000e+00,1.513668870319240689e+00
4.892499999999999183e+00,8.757649901474774401e-01,-4.138713419439096162e-15,1.000000000000000000e+00,1.513668870319240689e+00
4.897499999999998188e+00,8.797217626334935536e-01,-2.246428530921313776e-15,1.000000000000000000e+00,1.513668870319240689e+00
4.902499999999998970e+00,8.837537051026398416e-01,-1.261058576319844645e-16,1.000000000000000000e+00,1.513668870319240689e+00
4.907499999999999751e+00,8.878582977221162187e-01,1.114999704161976916e-15,1.000000000000000000e+00,1.513668870319240689e+00
4.912499999999998757e+00,8.920329752551451330e-01,1.052127203903579889e-15,1.000000000000000000e+00,1.513668870319240689e+00
4.917499999999999538e+00,8.962751286641629234e-01,-6.889963673423406923e-17,1.000000000000000000e+00,1.513668870319240689e+00
4.922499999999998543e+00,9.005821067413735115e-01,-1.323479409082475752e-15,1.000000000000000000e+00,1.513668870319240689e+00
4.927499999999999325e+00,9.049512177656797718e-01,-1.034487601000717796e-15,1.000000000000000000e+00,1.513668870319240689e+00
4.932499999999998330e+00,9.093797311849098897e-01,2.885219238018563645e-16,1.000000000000000000e+00,1.513668870319240689e+00
4.937499999999999112e+00,9.138648793223341782e-01,2.900261998087834250e-15,1.000000000000000000e+00,1.513668870319240689e+00
4.942499999999998117e+00,9.184038591063610202e-01,4.853530128721824234e-15,1.000000000000000000e+00,1.513668870319240689e+00
4.947499999999998899e+00,9.229938338223785399e-01,4.954139247617498674e-15,1.000000000000000000e+00,1.513668870319240689e+00
4.952499999999999680e+00,9.276319348855989189e-01,3.052833592335066631e-15,1.000000000000000000e+00,1.513668870319240689e+00
4.957499999999998685e+00,9.323152636338321031e-01,7.080254923022380068e-16,1.000000000000000222e+00,1.513668870319240689e+00
4.962499999999999467e+00,9.370408931390620255e-01,-1.095682029091030207e-15,1.000000000000000222e+00,1.513668870319240689e+00
4.967499999999998472e+00,9.418058700366790381e-01,-1.932946612103473348e-15,1.000000000000000222e+00,1.513668870319240689e+00
4.972499999999999254e+00,9.466072163712164755e-01,-1.582568421806913499e-16,1.000000000000000222e+00,1.513668870319240689e+00
4.977499999999998259e+00,9.514419314575003339e-01,1.312034603577034261e-15,1.000000000000000222e+00,1.513668870319240689e+00
4.982499999999999041e+00,9.563069937560019218e-01,2.002490350443908004e-17,1.000000000000000222e+00,1.513668870319240689e+00
4.987499999999998046e+00,9.611993627611411517e-01,-3.109236209086859881e-15,1.000000000000000222e+00,1.513668870319240689e+00
4.992499999999998828e+00,9.661159809015263944e-01,-5.148067541337502326e-15,1.000000000000000000e+00,1.513668870319240689e+00
4.997499999999999609e+00,9.710537754508834496e-01,-5.914456546910136849e-15,1.000000000000000000e+00,1.513668870319240689e+00
