x, rho, v, P, time
-4.997499999999999609e+00,3.857143000000000210e+00,2.629369000000000067e+00,1.033329999999999949e+01,9.188565806367593458e-01
-4.992499999999999716e+00,3.857143000000000210e+00,2.629369000000000067e+00,1.033329999999999949e+01,9.188565806367593458e-01
-4.987499999999999822e+00,3.857143000000000210e+00,2.629369000000000067e+00,1.033329999999999949e+01,9.188565806367593458e-01
-4.982499999999999929e+00,3.857143000000000210e+00,2.629369000000000067e+00,1.033329999999999949e+01,9.188565806367593458e-01
-4.977500000000000036e+00,3.857143000000000210e+00,2.629369000000000067e+00,1.033329999999999949e+01,9.188565806367593458e-01
-4.972499999999999254e+00,3.857143000000000210e+00,2.629369000000000067e+00,1.033329999999999949e+01,9.188565806367593458e-01
-4.967499999999999361e+00,3.857143000000000210e+00,2.629369000000000067e+00,1.033329999999999949e+01,9.188565806367593458e-01
-4.962499999999999467e+00,3.857143000000000210e+00,2.629369000000000067e+00,1.033329999999999949e+01,9.188565806367593458e-01
-4.957499999999999574e+00,3.857143000000000210e+00,2.629369000000000067e+00,1.033329999999999949e+01,9.188565806367593458e-01
-4.952499999999999680e+00,3.857143000000000210e+00,2.629369000000000067e+00,1.033329999999999949e+01,9.188565806367593458e-01
-4.947499999999999787e+00,3.857143000000000210e+00,2.629369000000000067e+00,1.033329999999999949e+01,9.188565806367593458e-01
-4.942499999999999893e+00,3.857143000000000210e+00,2.629369000000000067e+00,1.033329999999999949e+01,9.188565806367593458e-01
-4.937500000000000000e+00,3.857143000000000210e+00,2.629369000000000067e+00,1.033329999999999949e+01,9.188565806367593458e-01
-4.932499999999999218e+00,3.857143000000000210e+00,2.629369000000000067e+00,1.033329999999999949e+01,9.188565806367593458e-01
-4.927499999999999325e+00,3.857143000000000210e+00,2.629369000000000067e+00,1.033329999999999949e+01,9.188565806367593458e-01
-4.922499999999999432e+00,3.857143000000000210e+00,2.629369000000000067e+00,1.033329999999999949e+01,9.188565806367593458e-01
-4.917499999999999538e+00,3.857143000000000210e+00,2.629369000000000067e+00,1.033329999999999949e+01,9.188565806367593458e-01
-4.912499999999999645e+00,3.857143000000000210e+00,2.629369000000000067e+00,1.033329999999999949e+01,9.188565806367593458e-01
-4.907499999999999751e+00,3.857143000000000210e+00,2.629369000000000067e+00,1.033329999999999949e+01,9.188565806367593458e-01
-4.902499999999999858e+00,3.857143000000000210e+00,2.629369000000000067e+00,1.033329999999999949e+01,9.188565806367593458e-01
-4.897499999999999964e+00,3.857143000000000210e+00,2.629369000000000067e+00,1.033329999999999949e+01,9.188565806367593458e-01
-4.892500000000000071e+00,3.857143000000000210e+00,2.629369000000000067e+00,1.033329999999999949e+01,9.188565806367593458e-01
-4.887499999999999289e+00,3.857143000000000210e+00,2.629369000000000067e+00,1.033329999999999949e+01,9.188565806367593458e-01
-4.882499999999999396e+00,3.857143000000000210e+00,2.629369000000000067e+00,1.033329999999999949e+01,9.188565806367593458e-01
-4.877499999999999503e+00,3.857143000000000210e+00,2.629369000000000067e+00,1.033329999999999949e+01,9.188565806367593458e-01
-4.872499999999999609e+00,3.857143000000000210e+00,2.629369000000000067e+00,1.033329999999999949e+01,9.188565806367593458e-01
-4.867499999999999716e+00,3.857143000000000210e+00,2.629369000000000067e+00,1.033329999999999949e+01,9.188565806367593458e-01
-4.862499999999999822e+00,3.857143000000000210e+00,2.629369000000000067e+00,1.033329999999999949e+01,9.188565806367593458e-01
-4.857499999999999929e+00,3.857143000000000210e+00,2.629369000000000067e+00,1.033329999999999949e+01,9.188565806367593458e-01
-4.852500000000000036e+00,3.857143000000000210e+00,2.629369000000000067e+00,1.033329999999999949e+01,9.188565806367593458e-01
-4.847499999999999254e+00,3.857143000000000210e+00,2.629369000000000067e+00,1.033329999999999949e+01,9.188565806367593458e-01
-4.842499999999999361e+00,3.857143000000000210e+00,2.629369000000000067e+00,1.033329999999999949e+01,9.188565806367593458e-01
-4.837499999999999467e+00,3.857143000000000210e+00,2.629369000000000067e+00,1.033329999999999949e+01,9.188565806367593458e-01
-4.832499999999999574e+00,3.857143000000000210e+00,2.629369000000000067e+00,1.033329999999999949e+01,9.188565806367593458e-01
-4.827499999999999680e+00,3.857143000000000210e+00,2.629369000000000067e+00,1.033329999999999949e+01,9.188565806367593458e-01
-4.822499999999999787e+00,3.857143000000000210e+00,2.629369000000000067e+00,1.033329999999999949e+01,9.188565806367593458e-01
-4.817499999999999893e+00,3.857143000000000210e+00,2.629369000000000067e+00,1.033329999999999949e+01,9.188565806367593458e-01
-4.812500000000000000e+00,3.857143000000000210e+00,2.629369000000000067e+00,1.033329999999999949e+01,9.188565806367593458e-01
-4.807499999999999218e+00,3.857143000000000210e+00,2.629369000000000067e+00,1.033329999999999949e+01,9.188565806367593458e-01
-4.802499999999999325e+00,3.857143000000000210e+00,2.629369000000000067e+00,1.033329999999999949e+01,9.188565806367593458e-01
-4.797499999999999432e+00,3.857143000000000210e+00,2.629369000000000067e+00,1.033329999999999949e+01,9.188565806367593458e-01
-4.792499999999999538e+00,3.857143000000000210e+00,2.629369000000000067e+00,1.033329999999999949e+01,9.188565806367593458e-01
-4.787499999999999645e+00,3.857143000000000210e+00,2.629369000000000067e+00,1.033329999999999949e+01,9.188565806367593458e-01
-4.782499999999999751e+00,3.857143000000000210e+00,2.629369000000000067e+00,1.033329999999999949e+01,9.188565806367593458e-01
-4.777499999999999858e+00,3.857143000000000210e+00,2.629369000000000067e+00,1.033329999999999949e+01,9.188565806367593458e-01
-4.772499999999999964e+00,3.857143000000000210e+00,2.629369000000000067e+00,1.033329999999999949e+01,9.188565806367593458e-01
-4.767500000000000071e+00,3.857143000000000210e+00,2.629369000000000067e+00,1.033329999999999949e+01,9.188565806367593458e-01
-4.762499999999999289e+00,3.857143000000000210e+00,2.629369000000000067e+00,1.033329999999999949e+01,9.188565806367593458e-01
-4.757499999999999396e+00,3.857143000000000210e+00,2.629369000000000067e+00,1.033329999999999949e+01,9.188565806367593458e-01
-4.752499999999999503e+00,3.857143000000000210e+00,2.629369000000000067e+00,1.033329999999999949e+01,9.188565806367593458e-01
-4.747499999999999609e+00,3.857143000000000210e+00,2.629369000000000067e+00,1.033329999999999949e+01,9.188565806367593458e-01
-4.742499999999999716e+00,3.857143000000000210e+00,2.629369000000000067e+00,1.033329999999999949e+01,9.188565806367593458e-01
-4.737499999999999822e+00,3.857143000000000210e+00,2.629369000000000067e+00,1.033329999999999949e+01,9.188565806367593458e-01
-4.732499999999999929e+00,3.857143000000000210e+00,2.629369000000000067e+00,1.033329999999999949e+01,9.188565806367593458e-01
-4.727500000000000036e+00,3.857143000000000210e+00,2.629369000000000067e+00,1.033329999999999949e+01,9.188565806367593458e-01
-4.722499999999999254e+00,3.857143000000000210e+00,2.629369000000000067e+00,1.033329999999999949e+01,9.188565806367593458e-01
-4.717499999999999361e+00,3.857143000000000210e+00,2.629369000000000067e+00,1.033329999999999949e+01,9.188565806367593458e-01
-4.712499999999999467e+00,3.857143000000000210e+00,2.629369000000000067e+00,1.033329999999999949e+01,9.188565806367593458e-01
-4.707499999999999574e+00,3.857143000000000210e+00,2.629369000000000067e+00,1.033329999999999949e+01,9.188565806367593458e-01
-4.702499999999999680e+00,3.857143000000000210e+00,2.629369000000000067e+00,1.033329999999999949e+01,9.188565806367593458e-01
-4.697499999999999787e+00,3.857143000000000210e+00,2.629369000000000067e+00,1.033329999999999949e+01,9.188565806367593458e-01
-4.692499999999999893e+00,3.857143000000000210e+00,2.629369000000000067e+00,1.033329999999999949e+01,9.188565806367593458e-01
-4.687500000000000000e+00,3.857143000000000210e+00,2.629369000000000067e+00,1.033329999999999949e+01,9.188565806367593458e-01
-4.682499999999999218e+00,3.857143000000000210e+00,2.629369000000000067e+00,1.033329999999999949e+01,9.188565806367593458e-01
-4.677499999999999325e+00,3.857143000000000210e+00,2.629369000000000067e+00,1.033329999999999949e+01,9.188565806367593458e-01
-4.672499999999999432e+00,3.857143000000000210e+00,2.629369000000000067e+00,1.033329999999999949e+01,9.188565806367593458e-01
-4.667499999999999538e+00,3.857143000000000210e+00,2.629369000000000067e+00,1.033329999999999949e+01,9.188565806367593458e-01
-4.662499999999999645e+00,3.857143000000000210e+00,2.629369000000000067e+00,1.033329999999999949e+01,9.188565806367593458e-01
-4.657499999999999751e+00,3.857143000000000210e+00,2.629369000000000067e+00,1.033329999999999949e+01,9.188565806367593458e-01
-4.652499999999999858e+00,3.857143000000000210e+00,2.629369000000000067e+00,1.033329999999999949e+01,9.188565806367593458e-01
-4.647499999999999964e+00,3.857143000000000210e+00,2.629369000000000067e+00,1.033329999999999949e+01,9.188565806367593458e-01
-4.642500000000000071e+00,3.857143000000000210e+00,2.629369000000000067e+00,1.033329999999999949e+01,9.188565806367593458e-01
-4.637499999999999289e+00,3.857143000000000210e+00,2.629369000000000067e+00,1.033329999999999949e+01,9.188565806367593458e-01
-4.632499999999999396e+00,3.857143000000000210e+00,2.629369000000000067e+00,1.033329999999999949e+01,9.188565806367593458e-01
-4.627499999999999503e+00,3.857143000000000210e+00,2.629369000000000067e+00,1.033329999999999949e+01,9.188565806367593458e-01
-4.622499999999999609e+00,3.857143000000000210e+00,2.629369000000000067e+00,1.033329999999999949e+01,9.188565806367593458e-01
-4.617499999999999716e+00,3.857143000000000210e+00,2.629369000000000067e+00,1.033329999999999949e+01,9.188565806367593458e-01
-4.612499999999999822e+00,3.857143000000000210e+00,2.629369000000000067e+00,1.033329999999999949e+01,9.188565806367593458e-01
-4.607499999999999929e+00,3.857143000000000210e+00,2.629369000000000067e+00,1.033329999999999949e+01,9.188565806367593458e-01
-4.602500000000000036e+00,3.857143000000000210e+00,2.629369000000000067e+00,1.033329999999999949e+01,9.188565806367593458e-01
-4.597500000000000142e+00,3.857143000000000210e+00,2.629369000000000067e+00,1.033329999999999949e+01,9.188565806367593458e-01
-4.592499999999999361e+00,3.857143000000000210e+00,2.629369000000000067e+00,1.033329999999999949e+01,9.188565806367593458e-01
-4.587499999999999467e+00,3.857143000000000210e+00,2.629369000000000067e+00,1.033329999999999949e+01,9.188565806367593458e-01
-4.582499999999999574e+00,3.857143000000000210e+00,2.629369000000000067e+00,1.033329999999999949e+01,9.188565806367593458e-01
-4.577499999999999680e+00,3.857143000000000210e+00,2.629369000000000067e+00,1.033329999999999949e+01,9.188565806367593458e-01
-4.572499999999999787e+00,3.857143000000000210e+00,2.629369000000000067e+00,1.033329999999999949e+01,9.188565806367593458e-01
-4.567499999999999893e+00,3.857143000000000210e+00,2.629369000000000067e+00,1.033329999999999949e+01,9.188565806367593458e-01
-4.562500000000000000e+00,3.857143000000000210e+00,2.629369000000000067e+00,1.033329999999999949e+01,9.188565806367593458e-01
-4.557499999999999218e+00,3.857143000000000210e+00,2.629369000000000067e+00,1.033329999999999949e+01,9.188565806367593458e-01
-4.552499999999999325e+00,3.857143000000000210e+00,2.629369000000000067e+00,1.033329999999999949e+01,9.188565806367593458e-01
-4.547499999999999432e+00,3.857143000000000210e+00,2.629369000000000067e+00,1.033329999999999949e+01,9.188565806367593458e-01
-4.542499999999999538e+00,3.857143000000000210e+00,2.629369000000000067e+00,1.033329999999999949e+01,9.188565806367593458e-01
-4.537499999999999645e+00,3.857143000000000210e+00,2.629369000000000067e+00,1.033329999999999949e+01,9.188565806367593458e-01
-4.532499999999999751e+00,3.857143000000000210e+00,2.629369000000000067e+00,1.033329999999999949e+01,9.188565806367593458e-01
-4.527499999999999858e+00,3.857143000000000210e+00,2.629369000000000067e+00,1.033329999999999949e+01,9.188565806367593458e-01
-4.522499999999999964e+00,3.857143000000000210e+00,2.629369000000000067e+00,1.033329999999999949e+01,9.188565806367593458e-01
-4.517500000000000071e+00,3.857143000000000210e+00,2.629369000000000067e+00,1.033329999999999949e+01,9.188565806367593458e-01
-4.512499999999999289e+00,3.857143000000000210e+00,2.629369000000000067e+00,1.033329999999999949e+01,9.188565806367593458e-01
-4.507499999999999396e+00,3.857143000000000210e+00,2.629369000000000067e+00,1.033329999999999949e+01,9.188565806367593458e-01
-4.502499999999999503e+00,3.857143000000000210e+00,2.629369000000000067e+00,1.033329999999999949e+01,9.188565806367593458e-01
-4.497499999999999609e+00,3.857143000000000210e+00,2.629369000000000067e+00,1.033329999999999949e+01,9.188565806367593458e-01
-4.492499999999999716e+00,3.857143000000000210e+00,2.629369000000000067e+00,1.033329999999999949e+01,9.188565806367593458e-01
-4.487499999999999822e+00,3.857143000000000210e+00,2.629369000000000067e+00,1.033329999999999949e+01,9.188565806367593458e-01
-4.482499999999999929e+00,3.857143000000000210e+00,2.629369000000000067e+00,1.033329999999999949e+01,9.188565806367593458e-01
-4.477500000000000036e+00,3.857143000000000210e+00,2.629369000000000067e+00,1.033329999999999949e+01,9.188565806367593458e-01
-4.472500000000000142e+00,3.857143000000000210e+00,2.629369000000000067e+00,1.033329999999999949e+01,9.188565806367593458e-01
-4.467499999999999361e+00,3.857143000000000210e+00,2.629369000000000067e+00,1.033329999999999949e+01,9.188565806367593458e-01
-4.462499999999999467e+00,3.857143000000000210e+00,2.629369000000000067e+00,1.033329999999999949e+01,9.188565806367593458e-01
-4.457499999999999574e+00,3.857143000000000210e+00,2.629369000000000067e+00,1.033329999999999949e+01,9.188565806367593458e-01
-4.452499999999999680e+00,3.857143000000000210e+00,2.629369000000000067e+00,1.033329999999999949e+01,9.188565806367593458e-01
-4.447499999999999787e+00,3.857143000000000210e+00,2.629369000000000067e+00,1.033329999999999949e+01,9.188565806367593458e-01
-4.442499999999999893e+00,3.857143000000000210e+00,2.629369000000000067e+00,1.033329999999999949e+01,9.188565806367593458e-01
-4.437500000000000000e+00,3.857143000000000210e+00,2.629369000000000067e+00,1.033329999999999949e+01,9.188565806367593458e-01
-4.432499999999999218e+00,3.857143000000000210e+00,2.629369000000000067e+00,1.033329999999999949e+01,9.188565806367593458e-01
-4.427499999999999325e+00,3.857143000000000210e+00,2.629369000000000067e+00,1.033329999999999949e+01,9.188565806367593458e-01
-4.422499999999999432e+00,3.857143000000000210e+00,2.629369000000000067e+00,1.033329999999999949e+01,9.188565806367593458e-01
-4.417499999999999538e+00,3.857143000000000210e+00,2.629369000000000067e+00,1.033329999999999949e+01,9.188565806367593458e-01
-4.412499999999999645e+00,3.857143000000000210e+00,2.629369000000000067e+00,1.033329999999999949e+01,9.188565806367593458e-01
-4.407499999999999751e+00,3.857143000000000210e+00,2.629369000000000067e+00,1.033329999999999949e+01,9.188565806367593458e-01
-4.402499999999999858e+00,3.857143000000000210e+00,2.629369000000000067e+00,1.033329999999999949e+01,9.188565806367593458e-01
-4.397499999999999964e+00,3.857143000000000210e+00,2.629369000000000067e+00,1.033329999999999949e+01,9.188565806367593458e-01
-4.392500000000000071e+00,3.857143000000000210e+00,2.629369000000000067e+00,1.033329999999999949e+01,9.188565806367593458e-01
-4.387499999999999289e+00,3.857143000000000210e+00,2.629369000000000067e+00,1.033329999999999949e+01,9.188565806367593458e-01
-4.382499999999999396e+00,3.857143000000000210e+00,2.629369000000000067e+00,1.033329999999999949e+01,9.188565806367593458e-01
-4.377499999999999503e+00,3.857143000000000210e+00,2.629369000000000067e+00,1.033329999999999949e+01,9.188565806367593458e-01
-4.372499999999999609e+00,3.857143000000000210e+00,2.629369000000000067e+00,1.033329999999999949e+01,9.188565806367593458e-01
-4.367499999999999716e+00,3.857143000000000210e+00,2.629369000000000067e+00,1.033329999999999949e+01,9.188565806367593458e-01
-4.362499999999999822e+00,3.857143000000000210e+00,2.629369000000000067e+00,1.033329999999999949e+01,9.188565806367593458e-01
-4.357499999999999929e+00,3.857143000000000210e+00,2.629369000000000067e+00,1.033329999999999949e+01,9.188565806367593458e-01
-4.352500000000000036e+00,3.857143000000000210e+00,2.629369000000000067e+00,1.033329999999999949e+01,9.188565806367593458e-01
-4.347500000000000142e+00,3.857143000000000210e+00,2.629369000000000067e+00,1.033329999999999949e+01,9.188565806367593458e-01
-4.342499999999999361e+00,3.857143000000000210e+00,2.629369000000000067e+00,1.033329999999999949e+01,9.188565806367593458e-01
-4.337499999999999467e+00,3.857143000000000210e+00,2.629369000000000067e+00,1.033329999999999949e+01,9.188565806367593458e-01
-4.332499999999999574e+00,3.857143000000000210e+00,2.629369000000000067e+00,1.033329999999999949e+01,9.188565806367593458e-01
-4.327499999999999680e+00,3.857143000000000210e+00,2.629369000000000067e+00,1.033329999999999949e+01,9.188565806367593458e-01
-4.322499999999999787e+00,3.857143000000000210e+00,2.629369000000000067e+00,1.033329999999999949e+01,9.188565806367593458e-01
-4.317499999999999893e+00,3.857143000000000210e+00,2.629369000000000067e+00,1.033329999999999949e+01,9.188565806367593458e-01
-4.312500000000000000e+00,3.857143000000000210e+00,2.629369000000000067e+00,1.033329999999999949e+01,9.188565806367593458e-01
-4.307499999999999218e+00,3.857143000000000210e+00,2.629369000000000067e+00,1.033329999999999949e+01,9.188565806367593458e-01
-4.302500000000000213e+00,3.857143000000000210e+00,2.629369000000000067e+00,1.033329999999999949e+01,9.188565806367593458e-01
-4.297499999999999432e+00,3.857143000000000210e+00,2.629369000000000067e+00,1.033329999999999949e+01,9.188565806367593458e-01
-4.292499999999999538e+00,3.857143000000000210e+00,2.629369000000000067e+00,1.033329999999999949e+01,9.188565806367593458e-01
-4.287499999999999645e+00,3.857143000000000210e+00,2.629369000000000067e+00,1.033329999999999949e+01,9.188565806367593458e-01
-4.282499999999999751e+00,3.857143000000000210e+00,2.629369000000000067e+00,1.033329999999999949e+01,9.188565806367593458e-01
-4.277499999999999858e+00,3.857143000000000210e+00,2.629369000000000067e+00,1.033329999999999949e+01,9.188565806367593458e-01
-4.272499999999999964e+00,3.857143000000000210e+00,2.629369000000000067e+00,1.033329999999999949e+01,9.188565806367593458e-01
-4.267500000000000071e+00,3.857143000000000210e+00,2.629369000000000067e+00,1.033329999999999949e+01,9.188565806367593458e-01
-4.262499999999999289e+00,3.857143000000000210e+00,2.629369000000000067e+00,1.033329999999999949e+01,9.188565806367593458e-01
-4.257499999999999396e+00,3.857143000000000210e+00,2.629369000000000067e+00,1.033329999999999949e+01,9.188565806367593458e-01
-4.252499999999999503e+00,3.857143000000000210e+00,2.629369000000000067e+00,1.033329999999999949e+01,9.188565806367593458e-01
-4.247499999999999609e+00,3.857143000000000210e+00,2.629369000000000067e+00,1.033329999999999949e+01,9.188565806367593458e-01
-4.242499999999999716e+00,3.857143000000000210e+00,2.629369000000000067e+00,1.033329999999999949e+01,9.188565806367593458e-01
-4.237499999999999822e+00,3.857143000000000210e+00,2.629369000000000067e+00,1.033329999999999949e+01,9.188565806367593458e-01
-4.232499999999999929e+00,3.857143000000000210e+00,2.629369000000000067e+00,1.033329999999999949e+01,9.188565806367593458e-01
-4.227500000000000036e+00,3.857143000000000210e+00,2.629369000000000067e+00,1.033329999999999949e+01,9.188565806367593458e-01
-4.222500000000000142e+00,3.857143000000000210e+00,2.629369000000000067e+00,1.033329999999999949e+01,9.188565806367593458e-01
-4.217499999999999361e+00,3.857143000000000210e+00,2.629369000000000067e+00,1.033329999999999949e+01,9.188565806367593458e-01
-4.212499999999999467e+00,3.857143000000000210e+00,2.629369000000000067e+00,1.033329999999999949e+01,9.188565806367593458e-01
-4.207499999999999574e+00,3.857143000000000210e+00,2.629369000000000067e+00,1.033329999999999949e+01,9.188565806367593458e-01
-4.202499999999999680e+00,3.857143000000000210e+00,2.629369000000000067e+00,1.033329999999999949e+01,9.188565806367593458e-01
-4.197499999999999787e+00,3.857143000000000210e+00,2.629369000000000067e+00,1.033329999999999949e+01,9.188565806367593458e-01
-4.192499999999999893e+00,3.857143000000000210e+00,2.629369000000000067e+00,1.033329999999999949e+01,9.188565806367593458e-01
-4.187500000000000000e+00,3.857143000000000210e+00,2.629369000000000067e+00,1.033329999999999949e+01,9.188565806367593458e-01
-4.182500000000000107e+00,3.857143000000000210e+00,2.629369000000000067e+00,1.033329999999999949e+01,9.188565806367593458e-01
-4.177500000000000213e+00,3.857143000000000210e+00,2.629369000000000067e+00,1.033329999999999949e+01,9.188565806367593458e-01
-4.172499999999999432e+00,3.857143000000000210e+00,2.629369000000000067e+00,1.033329999999999949e+01,9.188565806367593458e-01
-4.167499999999999538e+00,3.857143000000000210e+00,2.629369000000000067e+00,1.033329999999999949e+01,9.188565806367593458e-01
-4.162499999999999645e+00,3.857143000000000210e+00,2.629369000000000067e+00,1.033329999999999949e+01,9.188565806367593458e-01
-4.157499999999999751e+00,3.857143000000000210e+00,2.629369000000000067e+00,1.033329999999999949e+01,9.188565806367593458e-01
-4.152499999999999858e+00,3.857143000000000210e+00,2.629369000000000067e+00,1.033329999999999949e+01,9.188565806367593458e-01
-4.147499999999999964e+00,3.857143000000000210e+00,2.629369000000000067e+00,1.033329999999999949e+01,9.188565806367593458e-01
-4.142500000000000071e+00,3.857143000000000210e+00,2.629369000000000067e+00,1.033329999999999949e+01,9.188565806367593458e-01
-4.137499999999999289e+00,3.857143000000000210e+00,2.629369000000000067e+00,1.033329999999999949e+01,9.188565806367593458e-01
-4.132499999999999396e+00,3.857143000000000210e+00,2.629369000000000067e+00,1.033329999999999949e+01,9.188565806367593458e-01
-4.127499999999999503e+00,3.857143000000000210e+00,2.629369000000000067e+00,1.033329999999999949e+01,9.188565806367593458e-01
-4.122499999999999609e+00,3.857143000000000210e+00,2.629369000000000067e+00,1.033329999999999949e+01,9.188565806367593458e-01
-4.117499999999999716e+00,3.857143000000000210e+00,2.629369000000000067e+00,1.033329999999999949e+01,9.188565806367593458e-01
-4.112499999999999822e+00,3.857143000000000210e+00,2.629369000000000067e+00,1.033329999999999949e+01,9.188565806367593458e-01
-4.107499999999999929e+00,3.857143000000000210e+00,2.629369000000000067e+00,1.033329999999999949e+01,9.188565806367593458e-01
-4.102500000000000036e+00,3.857143000000000210e+00,2.629369000000000067e+00,1.033329999999999949e+01,9.188565806367593458e-01
-4.097500000000000142e+00,3.857143000000000210e+00,2.629369000000000067e+00,1.033329999999999949e+01,9.188565806367593458e-01
-4.092499999999999361e+00,3.857143000000000210e+00,2.629369000000000067e+00,1.033329999999999949e+01,9.188565806367593458e-01
-4.087499999999999467e+00,3.857143000000000210e+00,2.629369000000000067e+00,1.033329999999999949e+01,9.188565806367593458e-01
-4.082499999999999574e+00,3.857143000000000210e+00,2.629369000000000067e+00,1.033329999999999949e+01,9.188565806367593458e-01
-4.077499999999999680e+00,3.857143000000000210e+00,2.629369000000000067e+00,1.033329999999999949e+01,9.188565806367593458e-01
-4.072499999999999787e+00,3.857143000000000210e+00,2.629369000000000067e+00,1.033329999999999949e+01,9.188565806367593458e-01
-4.067499999999999893e+00,3.857143000000000210e+00,2.629369000000000067e+00,1.033329999999999949e+01,9.188565806367593458e-01
-4.062500000000000000e+00,3.857143000000000210e+00,2.629369000000000067e+00,1.033329999999999949e+01,9.188565806367593458e-01
-4.057500000000000107e+00,3.857143000000000210e+00,2.629369000000000067e+00,1.033329999999999949e+01,9.188565806367593458e-01
-4.052500000000000213e+00,3.857143000000000210e+00,2.629369000000000067e+00,1.033329999999999949e+01,9.188565806367593458e-01
-4.047499999999999432e+00,3.857143000000000210e+00,2.629369000000000067e+00,1.033329999999999949e+01,9.188565806367593458e-01
-4.042499999999999538e+00,3.857143000000000210e+00,2.629369000000000067e+00,1.033329999999999949e+01,9.188565806367593458e-01
-4.037499999999999645e+00,3.857143000000000210e+00,2.629369000000000067e+00,1.033329999999999949e+01,9.188565806367593458e-01
-4.032499999999999751e+00,3.857143000000000210e+00,2.629369000000000067e+00,1.033329999999999949e+01,9.188565806367593458e-01
-4.027499999999999858e+00,3.857143000000000210e+00,2.629369000000000067e+00,1.033329999999999949e+01,9.188565806367593458e-01
-4.022499999999999964e+00,3.857143000000000210e+00,2.629369000000000067e+00,1.033329999999999949e+01,9.188565806367593458e-01
-4.017500000000000071e+00,3.857143000000000210e+00,2.629369000000000067e+00,1.033329999999999949e+01,9.188565806367593458e-01
-4.012499999999999289e+00,3.857143000000000210e+00,2.629369000000000067e+00,1.033329999999999949e+01,9.188565806367593458e-01
-4.007499999999999396e+00,3.857143000000000210e+00,2.629369000000000067e+00,1.033329999999999949e+01,9.188565806367593458e-01
-4.002499999999999503e+00,3.857142999999997546e+00,2.629369000000001400e+00,1.033329999999998883e+01,9.188565806367593458e-01
-3.997499999999999609e+00,3.857142999999995769e+00,2.629369000000002288e+00,1.033329999999998172e+01,9.188565806367593458e-01
-3.992499999999999716e+00,3.857142999999993993e+00,2.629369000000002732e+00,1.033329999999997817e+01,9.188565806367593458e-01
-3.987499999999999822e+00,3.857142999999992217e+00,2.629369000000003620e+00,1.033329999999996929e+01,9.188565806367593458e-01
-3.982499999999999929e+00,3.857142999999990440e+00,2.629369000000004508e+00,1.033329999999996573e+01,9.188565806367593458e-01
-3.977500000000000036e+00,3.857142999999986888e+00,2.629369000000006285e+00,1.033329999999995152e+01,9.188565806367593458e-01
-3.972499999999999698e+00,3.857142999999968236e+00,2.629369000000016943e+00,1.033329999999990179e+01,9.188565806367593458e-01
-3.967499999999999805e+00,3.857142999999966904e+00,2.629369000000017387e+00,1.033329999999989823e+01,9.188565806367593458e-01
-3.962499999999999467e+00,3.857142999999968680e+00,2.629369000000017387e+00,1.033329999999990356e+01,9.188565806367593458e-01
-3.957499999999999574e+00,3.857142999999970900e+00,2.629369000000016054e+00,1.033329999999992133e+01,9.188565806367593458e-01
-3.952499999999999680e+00,3.857142999999972233e+00,2.629369000000015610e+00,1.033329999999993198e+01,9.188565806367593458e-01
-3.947499999999999787e+00,3.857142999999975341e+00,2.629369000000014278e+00,1.033329999999994442e+01,9.188565806367593458e-01
-3.942499999999999893e+00,3.857142999999979782e+00,2.629369000000011614e+00,1.033329999999996041e+01,9.188565806367593458e-01
-3.937500000000000000e+00,3.857142999999980226e+00,2.629369000000011614e+00,1.033329999999996396e+01,9.188565806367593458e-01
-3.932499999999999662e+00,3.857142999999981114e+00,2.629369000000011170e+00,1.033329999999996929e+01,9.188565806367593458e-01
-3.927499999999999769e+00,3.857142999999982447e+00,2.629369000000010725e+00,1.033329999999997462e+01,9.188565806367593458e-01
-3.922499999999999876e+00,3.857142999999983779e+00,2.629369000000010281e+00,1.033329999999997995e+01,9.188565806367593458e-01
-3.917499999999999538e+00,3.857142999999985999e+00,2.629369000000009393e+00,1.033329999999998883e+01,9.188565806367593458e-01
-3.912499999999999645e+00,3.857142999999988664e+00,2.629369000000008061e+00,1.033330000000000304e+01,9.188565806367593458e-01
-3.907499999999999751e+00,3.857142999999990440e+00,2.629369000000007173e+00,1.033330000000000837e+01,9.188565806367593458e-01
-3.902499999999999858e+00,3.857142999999992217e+00,2.629369000000006285e+00,1.033330000000001547e+01,9.188565806367593458e-01
-3.897499999999999964e+00,3.857142999999994437e+00,2.629369000000005396e+00,1.033330000000002258e+01,9.188565806367593458e-01
-3.892500000000000071e+00,3.857142999999996658e+00,2.629369000000004064e+00,1.033330000000002968e+01,9.188565806367593458e-01
-3.887499999999999734e+00,3.857142999999998434e+00,2.629369000000003620e+00,1.033330000000003501e+01,9.188565806367593458e-01
-3.882499999999999840e+00,3.857143000000000654e+00,2.629369000000002288e+00,1.033330000000004389e+01,9.188565806367593458e-01
-3.877499999999999503e+00,3.857143000000002875e+00,2.629369000000001400e+00,1.033330000000004922e+01,9.188565806367593458e-01
-3.872499999999999609e+00,3.857143000000004207e+00,2.629369000000000955e+00,1.033330000000005455e+01,9.188565806367593458e-01
-3.867499999999999716e+00,3.857143000000005983e+00,2.629369000000000067e+00,1.033330000000006343e+01,9.188565806367593458e-01
-3.862499999999999822e+00,3.857143000000007316e+00,2.629368999999999623e+00,1.033330000000006876e+01,9.188565806367593458e-01
-3.857499999999999929e+00,3.857143000000009980e+00,2.629368999999998291e+00,1.033330000000007765e+01,9.188565806367593458e-01
-3.852500000000000036e+00,3.857143000000011757e+00,2.629368999999997403e+00,1.033330000000008653e+01,9.188565806367593458e-01
-3.847499999999999698e+00,3.857143000000013977e+00,2.629368999999996515e+00,1.033330000000009363e+01,9.188565806367593458e-01
-3.842499999999999805e+00,3.857143000000014865e+00,2.629368999999996515e+00,1.033330000000009541e+01,9.188565806367593458e-01
-3.837499999999999467e+00,3.857143000000016198e+00,2.629368999999996070e+00,1.033330000000010074e+01,9.188565806367593458e-01
-3.832499999999999574e+00,3.857143000000017530e+00,2.629368999999995626e+00,1.033330000000010607e+01,9.188565806367593458e-01
-3.827499999999999680e+00,3.857143000000018862e+00,2.629368999999995182e+00,1.033330000000011317e+01,9.188565806367593458e-01
-3.822499999999999787e+00,3.857143000000019750e+00,2.629368999999994738e+00,1.033330000000011495e+01,9.188565806367593458e-01
-3.817499999999999893e+00,3.857143000000022415e+00,2.629368999999993406e+00,1.033330000000012561e+01,9.188565806367593458e-01
-3.812500000000000000e+00,3.857143000000028632e+00,2.629368999999989853e+00,1.033330000000015403e+01,9.188565806367593458e-01
-3.807500000000000107e+00,3.857143000000030408e+00,2.629368999999988965e+00,1.033330000000015936e+01,9.188565806367593458e-01
-3.802499999999999769e+00,3.857143000000032629e+00,2.629368999999988521e+00,1.033330000000016469e+01,9.188565806367593458e-01
-3.797499999999999876e+00,3.857143000000038402e+00,2.629368999999984968e+00,1.033330000000019488e+01,9.188565806367593458e-01
-3.792499999999999538e+00,3.857143000000041511e+00,2.629368999999983192e+00,1.033330000000020732e+01,9.188565806367593458e-01
-3.787499999999999645e+00,3.857143000000043731e+00,2.629368999999981860e+00,1.033330000000022153e+01,9.188565806367593458e-01
-3.782499999999999751e+00,3.857143000000044619e+00,2.629368999999981416e+00,1.033330000000022864e+01,9.188565806367593458e-01
-3.777499999999999858e+00,3.857143000000045063e+00,2.629368999999981416e+00,1.033330000000023929e+01,9.188565806367593458e-01
-3.772499999999999964e+00,3.857143000000046840e+00,2.629368999999980527e+00,1.033330000000025350e+01,9.188565806367593458e-01
-3.767500000000000071e+00,3.857143000000048616e+00,2.629368999999979195e+00,1.033330000000026239e+01,9.188565806367593458e-01
-3.762499999999999734e+00,3.857143000000049060e+00,2.629368999999979639e+00,1.033330000000025883e+01,9.188565806367593458e-01
-3.757499999999999840e+00,3.857143000000049504e+00,2.629368999999979639e+00,1.033330000000026239e+01,9.188565806367593458e-01
-3.752499999999999503e+00,3.857143000000049060e+00,2.629368999999980527e+00,1.033330000000025883e+01,9.188565806367593458e-01
-3.747499999999999609e+00,3.857143000000050392e+00,2.629368999999980083e+00,1.033330000000026416e+01,9.188565806367593458e-01
-3.742499999999999716e+00,3.857143000000055277e+00,2.629368999999978751e+00,1.033330000000027837e+01,9.188565806367593458e-01
-3.737499999999999822e+00,3.857143000000059718e+00,2.629368999999977419e+00,1.033330000000029614e+01,9.188565806367593458e-01
-3.732499999999999929e+00,3.857143000000059274e+00,2.629368999999978307e+00,1.033330000000029258e+01,9.188565806367593458e-01
-3.727500000000000036e+00,3.857143000000061495e+00,2.629368999999976975e+00,1.033330000000030502e+01,9.188565806367593458e-01
-3.722499999999999698e+00,3.857143000000063271e+00,2.629368999999976531e+00,1.033330000000031390e+01,9.188565806367593458e-01
-3.717499999999999805e+00,3.857143000000067268e+00,2.629368999999973422e+00,1.033330000000033877e+01,9.188565806367593458e-01
-3.712499999999999911e+00,3.857143000000067712e+00,2.629368999999973866e+00,1.033330000000033877e+01,9.188565806367593458e-01
-3.707499999999999574e+00,3.857143000000067268e+00,2.629368999999974310e+00,1.033330000000033699e+01,9.188565806367593458e-01
-3.702499999999999680e+00,3.857143000000065491e+00,2.629368999999976086e+00,1.033330000000033344e+01,9.188565806367593458e-01
-3.697499999999999787e+00,3.857143000000066824e+00,2.629368999999975642e+00,1.033330000000033522e+01,9.188565806367593458e-01
-3.692499999999999893e+00,3.857143000000073485e+00,2.629368999999972090e+00,1.033330000000035831e+01,9.188565806367593458e-01
-3.687500000000000000e+00,3.857143000000074817e+00,2.629368999999972090e+00,1.033330000000036186e+01,9.188565806367593458e-01
-3.682500000000000107e+00,3.857143000000074373e+00,2.629368999999972978e+00,1.033330000000035831e+01,9.188565806367593458e-01
-3.677499999999999769e+00,3.857143000000073485e+00,2.629368999999973866e+00,1.033330000000035653e+01,9.188565806367593458e-01
-3.672499999999999876e+00,3.857143000000075261e+00,2.629368999999973422e+00,1.033330000000036364e+01,9.188565806367593458e-01
-3.667499999999999538e+00,3.857143000000078370e+00,2.629368999999972534e+00,1.033330000000037074e+01,9.188565806367593458e-01
-3.662499999999999645e+00,3.857143000000084143e+00,2.629368999999971646e+00,1.033330000000037607e+01,9.188565806367593458e-01
-3.657499999999999751e+00,3.857143000000095245e+00,2.629368999999965872e+00,1.033330000000043292e+01,9.188565806367593458e-01
-3.652499999999999858e+00,3.857143000000104127e+00,2.629368999999961876e+00,1.033330000000047377e+01,9.188565806367593458e-01
-3.647499999999999964e+00,3.857143000000112121e+00,2.629368999999958323e+00,1.033330000000049864e+01,9.188565806367593458e-01
-3.642500000000000071e+00,3.857143000000119670e+00,2.629368999999954326e+00,1.033330000000052884e+01,9.188565806367593458e-01
-3.637499999999999734e+00,3.857143000000127220e+00,2.629368999999950773e+00,1.033330000000055549e+01,9.188565806367593458e-01
-3.632499999999999840e+00,3.857143000000135213e+00,2.629368999999946777e+00,1.033330000000058568e+01,9.188565806367593458e-01
-3.627499999999999503e+00,3.857143000000142763e+00,2.629368999999942780e+00,1.033330000000061411e+01,9.188565806367593458e-01
-3.622499999999999609e+00,3.857143000000149868e+00,2.629368999999939227e+00,1.033330000000063897e+01,9.188565806367593458e-01
-3.617499999999999716e+00,3.857143000000156530e+00,2.629368999999936118e+00,1.033330000000066207e+01,9.188565806367593458e-01
-3.612499999999999822e+00,3.857143000000164079e+00,2.629368999999932566e+00,1.033330000000069049e+01,9.188565806367593458e-01
-3.607499999999999929e+00,3.857143000000170741e+00,2.629368999999929457e+00,1.033330000000071358e+01,9.188565806367593458e-01
-3.602500000000000036e+00,3.857143000000177846e+00,2.629368999999925904e+00,1.033330000000074200e+01,9.188565806367593458e-01
-3.597500000000000142e+00,3.857143000000184951e+00,2.629368999999922352e+00,1.033330000000076865e+01,9.188565806367593458e-01
-3.592499999999999805e+00,3.857143000000191613e+00,2.629368999999919243e+00,1.033330000000079352e+01,9.188565806367593458e-01
-3.587499999999999911e+00,3.857143000000197386e+00,2.629368999999916579e+00,1.033330000000081306e+01,9.188565806367593458e-01
-3.582499999999999574e+00,3.857143000000203603e+00,2.629368999999913914e+00,1.033330000000083437e+01,9.188565806367593458e-01
-3.577499999999999680e+00,3.857143000000209820e+00,2.629368999999910805e+00,1.033330000000085569e+01,9.188565806367593458e-01
-3.572499999999999787e+00,3.857143000000215594e+00,2.629368999999908585e+00,1.033330000000087523e+01,9.188565806367593458e-01
-3.567499999999999893e+00,3.857143000000221367e+00,2.629368999999905920e+00,1.033330000000089299e+01,9.188565806367593458e-01
-3.562500000000000000e+00,3.857143000000227584e+00,2.629368999999902812e+00,1.033330000000091786e+01,9.188565806367593458e-01
-3.557500000000000107e+00,3.857143000000233357e+00,2.629368999999900591e+00,1.033330000000093563e+01,9.188565806367593458e-01
-3.552499999999999769e+00,3.857143000000239130e+00,2.629368999999897927e+00,1.033330000000095517e+01,9.188565806367593458e-01
-3.547499999999999876e+00,3.857143000000244459e+00,2.629368999999895706e+00,1.033330000000097293e+01,9.188565806367593458e-01
-3.542499999999999538e+00,3.857143000000249788e+00,2.629368999999893486e+00,1.033330000000098892e+01,9.188565806367593458e-01
-3.537499999999999645e+00,3.857143000000254673e+00,2.629368999999891265e+00,1.033330000000100668e+01,9.188565806367593458e-01
-3.532499999999999751e+00,3.857143000000260002e+00,2.629368999999889045e+00,1.033330000000102267e+01,9.188565806367593458e-01
-3.527499999999999858e+00,3.857143000000264443e+00,2.629368999999887713e+00,1.033330000000103510e+01,9.188565806367593458e-01
-3.522499999999999964e+00,3.857143000000269328e+00,2.629368999999885492e+00,1.033330000000105287e+01,9.188565806367593458e-01
-3.517500000000000071e+00,3.857143000000274213e+00,2.629368999999883716e+00,1.033330000000106708e+01,9.188565806367593458e-01
-3.512499999999999734e+00,3.857143000000278654e+00,2.629368999999881940e+00,1.033330000000108129e+01,9.188565806367593458e-01
-3.507499999999999840e+00,3.857143000000283095e+00,2.629368999999880163e+00,1.033330000000109727e+01,9.188565806367593458e-01
-3.502499999999999947e+00,3.857143000000287092e+00,2.629368999999878387e+00,1.033330000000110971e+01,9.188565806367593458e-01
-3.497499999999999609e+00,3.857143000000291089e+00,2.629368999999876610e+00,1.033330000000112392e+01,9.188565806367593458e-01
-3.492499999999999716e+00,3.857143000000295086e+00,2.629368999999874834e+00,1.033330000000113813e+01,9.188565806367593458e-01
-3.487499999999999822e+00,3.857143000000298194e+00,2.629368999999873946e+00,1.033330000000114879e+01,9.188565806367593458e-01
-3.482499999999999929e+00,3.857143000000302191e+00,2.629368999999871725e+00,1.033330000000116655e+01,9.188565806367593458e-01
-3.477500000000000036e+00,3.857143000000652577e+00,2.629368999999696310e+00,1.033330000000247750e+01,9.188565806367593458e-01
-3.472500000000000142e+00,3.857143000005930578e+00,2.629368999997046430e+00,1.033330000002226612e+01,9.188565806367593458e-01
-3.467499999999999805e+00,3.857143000012219769e+00,2.629368999993888956e+00,1.033330000004585791e+01,9.188565806367593458e-01
-3.462499999999999911e+00,3.857143000013153245e+00,2.629368999993421330e+00,1.033330000004935556e+01,9.188565806367593458e-01
-3.457499999999999574e+00,3.857143000026130419e+00,2.629368999986905653e+00,1.033330000009802774e+01,9.188565806367593458e-01
-3.452499999999999680e+00,3.857143000229625418e+00,2.629368999884730496e+00,1.033330000086126255e+01,9.188565806367593458e-01
-3.447499999999999787e+00,3.857143000481566553e+00,2.629368999758233016e+00,1.033330000180618846e+01,9.188565806367593458e-01
-3.442499999999999893e+00,3.857143000488535645e+00,2.629368999754733149e+00,1.033330000183233111e+01,9.188565806367593458e-01
-3.437500000000000000e+00,3.857143000372076802e+00,2.629368999813204155e+00,1.033330000139555338e+01,9.188565806367593458e-01
-3.432500000000000107e+00,3.857142999677345863e+00,2.629369000162024239e+00,1.033329999878989369e+01,9.188565806367593458e-01
-3.427499999999999769e+00,3.857142944063764123e+00,2.629369028085265736e+00,1.033329979020531653e+01,9.188565806367593458e-01
-3.422499999999999876e+00,3.857142728865130987e+00,2.629369136135177865e+00,1.033329898308025463e+01,9.188565806367593458e-01
-3.417499999999999538e+00,3.857142534724995020e+00,2.629369233611765555e+00,1.033329825493729714e+01,9.188565806367593458e-01
-3.412499999999999645e+00,3.857142491119824435e+00,2.629369255505622949e+00,1.033329809139159572e+01,9.188565806367593458e-01
-3.407499999999999751e+00,3.857141621189174252e+00,2.629369692292194749e+00,1.033329482862759896e+01,9.188565806367593458e-01
-3.402499999999999858e+00,3.857120629741359163e+00,2.629380231942809232e+00,1.033321609829016552e+01,9.188565806367593458e-01
-3.397499999999999964e+00,3.857073773746344969e+00,2.629403758441900330e+00,1.033304036009356075e+01,9.188565806367593458e-01
-3.392500000000000071e+00,3.857032363097944838e+00,2.629424550588571385e+00,1.033288504814214548e+01,9.188565806367593458e-01
-3.387500000000000178e+00,3.857021834558691076e+00,2.629429837025382799e+00,1.033284555988253750e+01,9.188565806367593458e-01
-3.382499999999999840e+00,3.857005488141737715e+00,2.629438044544567976e+00,1.033278425249864796e+01,9.188565806367593458e-01
-3.377499999999999947e+00,3.856325057692814529e+00,2.629779690167458384e+00,1.033023250349949684e+01,9.188565806367593458e-01
-3.372499999999999609e+00,3.853853579042292310e+00,2.631021101193459888e+00,1.032096507691842469e+01,9.188565806367593458e-01
-3.367499999999999716e+00,3.849446761959363084e+00,2.633236176166355857e+00,1.030444667450800011e+01,9.188565806367593458e-01
-3.362499999999999822e+00,3.843464796750748924e+00,2.636246237532024139e+00,1.028203619670370728e+01,9.188565806367593458e-01
-3.357499999999999929e+00,3.836420957261423403e+00,2.639795474676537079e+00,1.025566523624027937e+01,9.188565806367593458e-01
-3.352500000000000036e+00,3.828747989182553546e+00,2.643667703980924433e+00,1.022696067852663582e+01,9.188565806367593458e-01
-3.347500000000000142e+00,3.820729523389906124e+00,2.647720963165319130e+00,1.019698802309578767e+01,9.188565806367593458e-01
-3.342499999999999805e+00,3.812524318953727676e+00,2.651875684201208561e+00,1.016634330953195153e+01,9.188565806367593458e-01
-3.337499999999999911e+00,3.804213654327516458e+00,2.656091111633307023e+00,1.013533157797965423e+01,9.188565806367593458e-01
-3.332499999999999574e+00,3.795838950148623159e+00,2.660346483936410600e+00,1.010410827290716718e+01,9.188565806367593458e-01
-3.327499999999999680e+00,3.787423314265384811e+00,2.664630226305922278e+00,1.007276010539111866e+01,9.188565806367593458e-01
-3.322499999999999787e+00,3.778981582696053554e+00,2.668934907237148213e+00,1.004134270746224544e+01,9.188565806367593458e-01
-3.317499999999999893e+00,3.770524422316591018e+00,2.673255176796717869e+00,1.000989602197028105e+01,9.188565806367593458e-01
-3.312500000000000000e+00,3.762059942499872189e+00,2.677586957265081669e+00,9.978450354260491650e+00,9.188565806367593458e-01
-3.307500000000000107e+00,3.753594349834862065e+00,2.681927115716560728e+00,9.947028842411242522e+00,9.188565806367593458e-01
-3.302499999999999769e+00,3.745132282561075776e+00,2.686273300287260746e+00,9.915648730038180148e+00,9.188565806367593458e-01
-3.297499999999999876e+00,3.736677291271587986e+00,2.690623702695261521e+00,9.884323165690057422e+00,9.188565806367593458e-01
-3.292499999999999538e+00,3.728232732573254715e+00,2.694976602428967194e+00,9.853064544811516612e+00,9.188565806367593458e-01
-3.287499999999999645e+00,3.719802407363097529e+00,2.699330041072526498e+00,9.821886840373213801e+00,9.188565806367593458e-01
-3.282499999999999751e+00,3.711388949860773501e+00,2.703682646843195148e+00,9.790799691499465496e+00,9.188565806367593458e-01
-3.277499999999999858e+00,3.702989734685675050e+00,2.708035768419785327e+00,9.759793260297508155e+00,9.188565806367593458e-01
-3.272499999999999964e+00,3.694598077676157999e+00,2.712392871192307986e+00,9.728842793096697861e+00,9.188565806367593458e-01
-3.267500000000000071e+00,3.686222513715022409e+00,2.716749510601761397e+00,9.697979756119563532e+00,9.188565806367593458e-01
-3.262500000000000178e+00,3.677908181440117108e+00,2.721082136925042416e+00,9.667370055946431506e+00,9.188565806367593458e-01
-3.257499999999999840e+00,3.669679762348595276e+00,2.725377676427028995e+00,9.637104151207708469e+00,9.188565806367593458e-01
-3.252499999999999947e+00,3.661348809620082356e+00,2.729734633671891064e+00,9.606488454955957934e+00,9.188565806367593458e-01
-3.247499999999999609e+00,3.652389371181567590e+00,2.734429136799429561e+00,9.573594377880660033e+00,9.188565806367593458e-01
-3.242499999999999716e+00,3.642350013128693664e+00,2.739700531856280374e+00,9.536773095944841572e+00,9.188565806367593458e-01
-3.237499999999999822e+00,3.631821700155127175e+00,2.745241063607839926e+00,9.498202817517739760e+00,9.188565806367593458e-01
-3.232499999999999929e+00,3.622893158245642287e+00,2.749949447245974898e+00,9.465530072897065494e+00,9.188565806367593458e-01
-3.227500000000000036e+00,3.618156936173822391e+00,2.752451793114012446e+00,9.448206491375891858e+00,9.188565806367593458e-01
-3.222500000000000142e+00,3.619560258518956353e+00,2.751709426105800382e+00,9.453342321776512236e+00,9.188565806367593458e-01
-3.217499999999999805e+00,3.628599094285658300e+00,2.746940076260700803e+00,9.486402286842693599e+00,9.188565806367593458e-01
-3.212499999999999911e+00,3.645303641340994272e+00,2.738148087302024969e+00,9.547603953778400765e+00,9.188565806367593458e-01
-3.207499999999999574e+00,3.665379292616054663e+00,2.727621845691070135e+00,9.621315012569761294e+00,9.188565806367593458e-01
-3.202499999999999680e+00,3.682958167433090679e+00,2.718445834339661804e+00,9.685977411988218932e+00,9.188565806367593458e-01
-3.197499999999999787e+00,3.700544457007024945e+00,2.709295952001050889e+00,9.750814666952640763e+00,9.188565806367593458e-01
-3.192499999999999893e+00,3.730300633229785223e+00,2.693912031263358653e+00,9.860702586276030246e+00,9.188565806367593458e-01
-3.187500000000000000e+00,3.776931699998342662e+00,2.669973376030829293e+00,1.003375467823120282e+01,9.188565806367593458e-01
-3.182500000000000107e+00,3.827593546391825807e+00,2.644227538126645793e+00,1.022276126772281479e+01,9.188565806367593458e-01
-3.177500000000000213e+00,3.867743754529216371e+00,2.624037478338961726e+00,1.037315716571203694e+01,9.188565806367593458e-01
-3.172499999999999876e+00,3.895694726468372338e+00,2.610084919148322857e+00,1.047820378119121365e+01,9.188565806367593458e-01
-3.167499999999999982e+00,3.917353461497678158e+00,2.599323169174277748e+00,1.055983651723336791e+01,9.188565806367593458e-01
-3.162499999999999645e+00,3.936693966372907028e+00,2.589750509243229804e+00,1.063290008801732434e+01,9.188565806367593458e-01
-3.157499999999999751e+00,3.954185729078981471e+00,2.581125293089637118e+00,1.069910311943503167e+01,9.188565806367593458e-01
-3.152499999999999858e+00,3.969471233529982435e+00,2.573613536482385111e+00,1.075704869140257713e+01,9.188565806367593458e-01
-3.147499999999999964e+00,3.982737851998926715e+00,2.567112772234920737e+00,1.080741265704538989e+01,9.188565806367593458e-01
-3.142500000000000071e+00,3.994422356385670003e+00,2.561401476738225380e+00,1.085182667229652864e+01,9.188565806367593458e-01
-3.137500000000000178e+00,4.004818338193903315e+00,2.556331158121416092e+00,1.089138695890897601e+01,9.188565806367593458e-01
-3.132499999999999840e+00,4.014079591282048831e+00,2.551823118878459251e+00,1.092666387763605762e+01,9.188565806367593458e-01
-3.127499999999999947e+00,4.022329232514558761e+00,2.547814493792012414e+00,1.095811491621729061e+01,9.188565806367593458e-01
-3.122499999999999609e+00,4.029693427973924713e+00,2.544241663670865350e+00,1.098621211650953278e+01,9.188565806367593458e-01
-3.117499999999999716e+00,4.036290404317073310e+00,2.541045483745756339e+00,1.101139957619044552e+01,9.188565806367593458e-01
-3.112499999999999822e+00,4.042219640492160870e+00,2.538176376979665694e+00,1.103405167113318619e+01,9.188565806367593458e-01
-3.107499999999999929e+00,4.047556739779460955e+00,2.535596674295309327e+00,1.105445295281307594e+01,9.188565806367593458e-01
-3.102500000000000036e+00,4.052355366129516412e+00,2.533279563648767940e+00,1.107280509988540196e+01,9.188565806367593458e-01
-3.097500000000000142e+00,4.056659490923205880e+00,2.531203097721387074e+00,1.108927344735231735e+01,9.188565806367593458e-01
-3.092499999999999805e+00,4.060516695198264081e+00,2.529343738411222731e+00,1.110403774053603776e+01,9.188565806367593458e-01
-3.087499999999999911e+00,4.063977419941507740e+00,2.527676702907747153e+00,1.111728920382874897e+01,9.188565806367593458e-01
-3.082499999999999574e+00,4.067080223703308128e+00,2.526183043037273812e+00,1.112917399656351414e+01,9.188565806367593458e-01
-3.077499999999999680e+00,4.069841236682959718e+00,2.524854683956783141e+00,1.113975266575315182e+01,9.188565806367593458e-01
-3.072499999999999787e+00,4.072262773966727423e+00,2.523690244485083056e+00,1.114903301107753997e+01,9.188565806367593458e-01
-3.067499999999999893e+00,4.074354410918591185e+00,2.522684889786894313e+00,1.115705081137234700e+01,9.188565806367593458e-01
-3.062500000000000000e+00,4.076145599148712328e+00,2.521824275815670813e+00,1.116391821834631060e+01,9.188565806367593458e-01
-3.057500000000000107e+00,4.077677924153490174e+00,2.521088278622377388e+00,1.116979410379795645e+01,9.188565806367593458e-01
-3.052500000000000213e+00,4.078985636365284329e+00,2.520460341238894841e+00,1.117480938334504614e+01,9.188565806367593458e-01
-3.047499999999999876e+00,4.080082661873133176e+00,2.519933695696543907e+00,1.117901714033062710e+01,9.188565806367593458e-01
-3.042499999999999982e+00,4.080965488333355928e+00,2.519509962721654173e+00,1.118240363725968223e+01,9.188565806367593458e-01
-3.037499999999999645e+00,4.081626249290329689e+00,2.519192864445842339e+00,1.118493848106411903e+01,9.188565806367593458e-01
-3.032499999999999751e+00,4.082064073455019759e+00,2.518982777905232062e+00,1.118661816420118704e+01,9.188565806367593458e-01
-3.027499999999999858e+00,4.082288058987107782e+00,2.518875309944377694e+00,1.118747748383357354e+01,9.188565806367593458e-01
-3.022499999999999964e+00,4.082313689962864700e+00,2.518863017085172906e+00,1.118757579320877049e+01,9.188565806367593458e-01
-3.017500000000000071e+00,4.082158130162688359e+00,2.518937661992600496e+00,1.118697893699509649e+01,9.188565806367593458e-01
-3.012500000000000178e+00,4.081837863517519871e+00,2.519091343006743866e+00,1.118575018726206416e+01,9.188565806367593458e-01
-3.007499999999999840e+00,4.081368550608585721e+00,2.519316560050249620e+00,1.118394968250060195e+01,9.188565806367593458e-01
-3.002499999999999947e+00,4.080765015676031560e+00,2.519606218078530357e+00,1.118163436879812167e+01,9.188565806367593458e-01
-2.997499999999999609e+00,4.080039659111814210e+00,2.519954387145120656e+00,1.117885190309909049e+01,9.188565806367593458e-01
-2.992499999999999716e+00,4.079199448862310007e+00,2.520357746436403978e+00,1.117562911051533980e+01,9.188565806367593458e-01
-2.987499999999999822e+00,4.078243551004319123e+00,2.520816723621509325e+00,1.117196290168252304e+01,9.188565806367593458e-01
-2.982499999999999929e+00,4.077164053009247446e+00,2.521335150677037173e+00,1.116782305907234552e+01,9.188565806367593458e-01
-2.977500000000000036e+00,4.075950443645758092e+00,2.521918115369375712e+00,1.116316943045692334e+01,9.188565806367593458e-01
-2.972499999999999698e+00,4.074595783704590524e+00,2.522568998270753315e+00,1.115797559623110224e+01,9.188565806367593458e-01
-2.967499999999999805e+00,4.073101178897128527e+00,2.523287321762379687e+00,1.115224601020257822e+01,9.188565806367593458e-01
-2.962499999999999911e+00,4.071476343248662921e+00,2.524068474316821131e+00,1.114601813794345375e+01,9.188565806367593458e-01
-2.957500000000000018e+00,4.069736413918775497e+00,2.524905235455362273e+00,1.113935022281871134e+01,9.188565806367593458e-01
-2.952500000000000124e+00,4.067896687071388406e+00,2.525790302489564709e+00,1.113230109470723583e+01,9.188565806367593458e-01
-2.947499999999999787e+00,4.065967148411235854e+00,2.526718921144610164e+00,1.112490921233254326e+01,9.188565806367593458e-01
-2.942499999999999893e+00,4.063948746396849998e+00,2.527690683821681272e+00,1.111717840497412979e+01,9.188565806367593458e-01
-2.937500000000000000e+00,4.061833752281347465e+00,2.528709364713834340e+00,1.110907928328861871e+01,9.188565806367593458e-01
-2.932500000000000107e+00,4.059611706098151807e+00,2.529780063528912937e+00,1.110057203701323125e+01,9.188565806367593458e-01
-2.927499999999999769e+00,4.057278883747920339e+00,2.530904644466731135e+00,1.109164268275788068e+01,9.188565806367593458e-01
-2.922499999999999876e+00,4.054844773326490959e+00,2.532078604956411905e+00,1.108232781762457186e+01,9.188565806367593458e-01
-2.917499999999999982e+00,4.052328602257063039e+00,2.533292736013283086e+00,1.107270127242332514e+01,9.188565806367593458e-01
-2.912500000000000089e+00,4.049745548292391639e+00,2.534539767886049066e+00,1.106282132688184383e+01,9.188565806367593458e-01
-2.907499999999999751e+00,4.047092208536430924e+00,2.535821394480853197e+00,1.105267516794397231e+01,9.188565806367593458e-01
-2.902499999999999858e+00,4.044345022089298247e+00,2.537149059288759112e+00,1.104217295171124213e+01,9.188565806367593458e-01
-2.897499999999999964e+00,4.041477215324874805e+00,2.538535787032418778e+00,1.103121266366077080e+01,9.188565806367593458e-01
-2.892500000000000071e+00,4.038483771485811502e+00,2.539984106120478646e+00,1.101977553260495490e+01,9.188565806367593458e-01
-2.887499999999999734e+00,4.035393407719139347e+00,2.541480219375174876e+00,1.100797165388777898e+01,9.188565806367593458e-01
-2.882499999999999840e+00,4.032252804810482871e+00,2.543001594702614998e+00,1.099597958165294465e+01,9.188565806367593458e-01
-2.877499999999999947e+00,4.029089484301749735e+00,2.544534934454958375e+00,1.098390453454573645e+01,9.188565806367593458e-01
-2.872500000000000053e+00,4.025880284459994130e+00,2.546091497386040459e+00,1.097165823126434248e+01,9.188565806367593458e-01
-2.867499999999999716e+00,4.022554273556014692e+00,2.547705763719664063e+00,1.095897030516180415e+01,9.188565806367593458e-01
-2.862499999999999822e+00,4.019037068501190468e+00,2.549413985552654971e+00,1.094555759405490214e+01,9.188565806367593458e-01
-2.857499999999999929e+00,4.015312613216470261e+00,2.551224167060603065e+00,1.093135966549851723e+01,9.188565806367593458e-01
-2.852500000000000036e+00,4.011461376374823473e+00,2.553097382211030109e+00,1.091668396699238563e+01,9.188565806367593458e-01
-2.847500000000000142e+00,4.007642754587387834e+00,2.554956159711003316e+00,1.090213809038265680e+01,9.188565806367593458e-01
-2.842499999999999805e+00,4.004020081238484963e+00,2.556720873625976331e+00,1.088834370493661119e+01,9.188565806367593458e-01
-2.837499999999999911e+00,4.000664663680598032e+00,2.558356543457647181e+00,1.087557140293450786e+01,9.188565806367593458e-01
-2.832500000000000018e+00,3.997498160656256516e+00,2.559901126832533347e+00,1.086352214237705205e+01,9.188565806367593458e-01
-2.827500000000000124e+00,3.994316816604354781e+00,2.561453927074930359e+00,1.085142029492653215e+01,9.188565806367593458e-01
-2.822499999999999787e+00,3.990888348009511866e+00,2.563128447214373828e+00,1.083838274376639887e+01,9.188565806367593458e-01
-2.817499999999999893e+00,3.987063025974996844e+00,2.564998150275078270e+00,1.082384138189002876e+01,9.188565806367593458e-01
-2.812500000000000000e+00,3.982836617090142806e+00,2.567065560999140406e+00,1.080778184596000280e+01,9.188565806367593458e-01
-2.807500000000000107e+00,3.978340949474221677e+00,2.569266616201062003e+00,1.079070663318954360e+01,9.188565806367593458e-01
-2.802499999999999769e+00,3.973779279041512957e+00,2.571502031342050909e+00,1.077338856474536577e+01,9.188565806367593458e-01
-2.797499999999999876e+00,3.969341916641494716e+00,2.573678512035188160e+00,1.075654999222090069e+01,9.188565806367593458e-01
-2.792499999999999982e+00,3.965136298549571503e+00,2.575743128754922395e+00,1.074059773780547111e+01,9.188565806367593458e-01
-2.787500000000000089e+00,3.961156566698371684e+00,2.577698467543011684e+00,1.072550851935855398e+01,9.188565806367593458e-01
-2.782499999999999751e+00,3.957302534599513422e+00,2.579593540078116032e+00,1.071090170025648369e+01,9.188565806367593458e-01
-2.777499999999999858e+00,3.953436243747244117e+00,2.581496117338119678e+00,1.069625417353169361e+01,9.188565806367593458e-01
-2.772499999999999964e+00,3.949446104164948679e+00,2.583461195407496636e+00,1.068114347963499355e+01,9.188565806367593458e-01
-2.767500000000000071e+00,3.945287512006039776e+00,2.585510921924087047e+00,1.066540136531135907e+01,9.188565806367593458e-01
-2.762499999999999734e+00,3.940985779087406549e+00,2.587633021616822404e+00,1.064912437714431626e+01,9.188565806367593458e-01
-2.757499999999999840e+00,3.936608684693879479e+00,2.589794204916461062e+00,1.063256950821698688e+01,9.188565806367593458e-01
-2.752499999999999947e+00,3.932228190788523481e+00,2.591958996772853130e+00,1.061600912847735323e+01,9.188565806367593458e-01
-2.747500000000000053e+00,3.927890388298349134e+00,2.594104595991550521e+00,1.059961739706992567e+01,9.188565806367593458e-01
-2.742500000000000160e+00,3.923604229150797096e+00,2.596226514230208338e+00,1.058342792287195167e+01,9.188565806367593458e-01
-2.737499999999999822e+00,3.919349093362782366e+00,2.598334907732354093e+00,1.056736263096302864e+01,9.188565806367593458e-01
-2.732499999999999929e+00,3.915093140450184084e+00,2.600445536655723533e+00,1.055130124157548543e+01,9.188565806367593458e-01
-2.727500000000000036e+00,3.910811366719044724e+00,2.602570822172150855e+00,1.053514946272376385e+01,9.188565806367593458e-01
-2.722500000000000142e+00,3.906494871642141042e+00,2.604715226164020958e+00,1.051887386955627868e+01,9.188565806367593458e-01
-2.717499999999999805e+00,3.902148951963729573e+00,2.606876164095538240e+00,1.050249459381733352e+01,9.188565806367593458e-01
-2.712499999999999911e+00,3.897783684535922166e+00,2.609048662083764736e+00,1.048604973913175797e+01,9.188565806367593458e-01
-2.707500000000000018e+00,3.893403666416935582e+00,2.611230458841998558e+00,1.046955671568344215e+01,9.188565806367593458e-01
-2.702500000000000124e+00,3.889002685877293253e+00,2.613424676010603243e+00,1.045299223203789118e+01,9.188565806367593458e-01
-2.697499999999999787e+00,3.884565493272491121e+00,2.615638958836635108e+00,1.043629904573875500e+01,9.188565806367593458e-01
-2.692499999999999893e+00,3.880074797495935979e+00,2.617882001349408849e+00,1.041941234376511716e+01,9.188565806367593458e-01
-2.687500000000000000e+00,3.875519233694107779e+00,2.620159566834594056e+00,1.040228970336717396e+01,9.188565806367593458e-01
-2.682500000000000107e+00,3.870898239387256190e+00,2.622472033524346990e+00,1.038492935822829466e+01,9.188565806367593458e-01
-2.677499999999999769e+00,3.866221948899297711e+00,2.624814421855358848e+00,1.036736970829404214e+01,9.188565806367593458e-01
-2.672499999999999876e+00,3.861506876629136276e+00,2.627178533319525222e+00,1.034967302543488188e+01,9.188565806367593458e-01
-2.667499999999999982e+00,3.856769920003330299e+00,2.629555945208492229e+00,1.033190290171401671e+01,9.188565806367593458e-01
-2.662500000000000089e+00,3.852023469421995916e+00,2.631940466929188371e+00,1.031410591264132215e+01,9.188565806367593458e-01
-2.657499999999999751e+00,3.847273395765008708e+00,2.634329163542438401e+00,1.029630411636780707e+01,9.188565806367593458e-01
-2.652499999999999858e+00,3.842520111977727471e+00,2.636721837373674049e+00,1.027849908796859069e+01,9.188565806367593458e-01
-2.647499999999999964e+00,3.837761561370501173e+00,2.639119535176943199e+00,1.026068315449052193e+01,9.188565806367593458e-01
-2.642500000000000071e+00,3.832996407681410478e+00,2.641522944500422465e+00,1.024285135240288014e+01,9.188565806367593458e-01
-2.637500000000000178e+00,3.828225995522216429e+00,2.643931401559067140e+00,1.022500875212556792e+01,9.188565806367593458e-01
-2.632499999999999840e+00,3.823454505744008802e+00,2.646342805867101244e+00,1.020717101438945740e+01,9.188565806367593458e-01
-2.627499999999999947e+00,3.818687641164985269e+00,2.648754278186592259e+00,1.018935945470281546e+01,9.188565806367593458e-01
-2.622500000000000053e+00,3.813930725554115941e+00,2.651163119708778826e+00,1.017159393149241708e+01,9.188565806367593458e-01
-2.617500000000000160e+00,3.809187136871762913e+00,2.653567607530767258e+00,1.015388700264420585e+01,9.188565806367593458e-01
-2.612499999999999822e+00,3.804457646001034199e+00,2.655967335296595344e+00,1.013624147681919041e+01,9.188565806367593458e-01
-2.607499999999999929e+00,3.799740744635485612e+00,2.658363053260235809e+00,1.011865165974355385e+01,9.188565806367593458e-01
-2.602500000000000036e+00,3.795033647877804839e+00,2.660756164151191427e+00,1.010110711103815540e+01,9.188565806367593458e-01
-2.597500000000000142e+00,3.790333472358318190e+00,2.663148126568101404e+00,1.008359704376407606e+01,9.188565806367593458e-01
-2.592499999999999805e+00,3.785638135057780573e+00,2.665539997077365442e+00,1.006611367136969548e+01,9.188565806367593458e-01
-2.587499999999999911e+00,3.780946728315961014e+00,2.667932236798485235e+00,1.004865359580794149e+01,9.188565806367593458e-01
-2.582500000000000018e+00,3.776259391948401767e+00,2.670324773703085963e+00,1.003121732129871546e+01,9.188565806367593458e-01
-2.577500000000000124e+00,3.771576901288539396e+00,2.672717210569067081e+00,1.001380771350241616e+01,9.188565806367593458e-01
-2.572499999999999787e+00,3.766900236828929938e+00,2.675109043619142923e+00,9.996428394776449622e+00,9.188565806367593458e-01
-2.567499999999999893e+00,3.762230302097475665e+00,2.677499806514319403e+00,9.979082694563395250e+00,9.188565806367593458e-01
-2.562500000000000000e+00,3.757567808214732352e+00,2.679889129712719420e+00,9.961773221529883315e+00,9.188565806367593458e-01
-2.557500000000000107e+00,3.752913266013594651e+00,2.682276744976789473e+00,9.944501836055430033e+00,9.188565806367593458e-01
-2.552499999999999769e+00,3.748267062479643030e+00,2.684662446619773934e+00,9.927269935518452826e+00,9.188565806367593458e-01
-2.547499999999999876e+00,3.743629671062956188e+00,2.687045983705937946e+00,9.910079234887939847e+00,9.188565806367593458e-01
-2.542499999999999982e+00,3.739002030688040712e+00,2.689426864764871361e+00,9.892933169858155296e+00,9.188565806367593458e-01
-2.537500000000000089e+00,3.734385988418094104e+00,2.691804128514975858e+00,9.875838531464442127e+00,9.188565806367593458e-01
-2.532500000000000195e+00,3.729784549783491165e+00,2.694176212408168958e+00,9.858806384155606395e+00,9.188565806367593458e-01
-2.527499999999999858e+00,3.725201692098804696e+00,2.696541046037003841e+00,9.841851364911299527e+00,9.188565806367593458e-01
-2.522499999999999964e+00,3.720641723114308963e+00,2.698896380114483851e+00,9.824989303746555436e+00,9.188565806367593458e-01
-2.517500000000000071e+00,3.716108461114419725e+00,2.701240209812369564e+00,9.808234191524157097e+00,9.188565806367593458e-01
-2.512500000000000178e+00,3.711604640969703439e+00,2.703571083610141645e+00,9.791595991069179661e+00,9.188565806367593458e-01
-2.507499999999999840e+00,3.707131812050784347e+00,2.705888159003345894e+00,9.775080270161250695e+00,9.188565806367593458e-01
-2.502499999999999947e+00,3.702690706394252906e+00,2.708191014538502195e+00,9.758689570503330302e+00,9.188565806367593458e-01
-2.497500000000000053e+00,3.698281835627952763e+00,2.710479341939032061e+00,9.742425616349500217e+00,9.188565806367593458e-01
-2.492500000000000160e+00,3.693906047724845543e+00,2.712752657318178162e+00,9.726291368820660921e+00,9.188565806367593458e-01
-2.487499999999999822e+00,3.689564902721866435e+00,2.715010104906331545e+00,9.710292407531319725e+00,9.188565806367593458e-01
-2.482499999999999929e+00,3.685260883507124330e+00,2.717250345541865286e+00,9.694437701095161231e+00,9.188565806367593458e-01
-2.477500000000000036e+00,3.680997526038705114e+00,2.719471486558514783e+00,9.678740079044340305e+00,9.188565806367593458e-01
-2.472500000000000142e+00,3.676779484203795079e+00,2.721671045472684902e+00,9.663216462066799295e+00,9.188565806367593458e-01
-2.467499999999999805e+00,3.672612399788133253e+00,2.723846015379138841e+00,9.647887374994880361e+00,9.188565806367593458e-01
-2.462499999999999911e+00,3.668502396083728634e+00,2.725993127551750828e+00,9.632775077822797627e+00,9.188565806367593458e-01
-2.457500000000000018e+00,3.664455199948713382e+00,2.728109309916210368e+00,9.617900336836576969e+00,9.188565806367593458e-01
-2.452500000000000124e+00,3.660475247942312382e+00,2.730192156318037355e+00,9.603279146033850466e+00,9.188565806367593458e-01
-2.447499999999999787e+00,3.656565331531474339e+00,2.732240115707043948e+00,9.588921436079095528e+00,9.188565806367593458e-01
-2.442499999999999893e+00,3.652727105415765063e+00,2.734252229509265053e+00,9.574832953562046001e+00,9.188565806367593458e-01
-2.437500000000000000e+00,3.648962220968036796e+00,2.736227539416590471e+00,9.561019428125462127e+00,9.188565806367593458e-01
-2.432500000000000107e+00,3.645273418587252401e+00,2.738164513725295901e+00,9.547490578485870572e+00,9.188565806367593458e-01
-2.427500000000000213e+00,3.641664994548055923e+00,2.740060799738984532e+00,9.534261816386058186e+00,9.188565806367593458e-01
-2.422499999999999876e+00,3.638142501847674737e+00,2.741913378167328386e+00,9.521353140520060876e+00,9.188565806367593458e-01
-2.417499999999999982e+00,3.634711850578675296e+00,2.743719034673619106e+00,9.508785834321251684e+00,9.188565806367593458e-01
-2.412500000000000089e+00,3.631377994643269158e+00,2.745475051759132423e+00,9.496577657111281212e+00,9.188565806367593458e-01
-2.407500000000000195e+00,3.628143620824815230e+00,2.747179902484159442e+00,9.484738054553657705e+00,9.188565806367593458e-01
-2.402499999999999858e+00,3.625008968977087243e+00,2.748833350057336755e+00,9.473267517168480367e+00,9.188565806367593458e-01
-2.397499999999999964e+00,3.621974140185387103e+00,2.750435233753952158e+00,9.462166038386843780e+00,9.188565806367593458e-01
-2.392500000000000071e+00,3.619043580009378758e+00,2.751983100513967884e+00,9.451449506993562011e+00,9.188565806367593458e-01
-2.387500000000000178e+00,3.616229501356046150e+00,2.753470388255691237e+00,9.441162192836397793e+00,9.188565806367593458e-01
-2.382499999999999840e+00,3.613550246577597491e+00,2.754887280583798059e+00,9.431370721671454405e+00,9.188565806367593458e-01
-2.377499999999999947e+00,3.611023496839371738e+00,2.756224293393331415e+00,9.422139244938747993e+00,9.188565806367593458e-01
-2.372500000000000053e+00,3.608659968671518392e+00,2.757475616759451853e+00,9.413506434226519559e+00,9.188565806367593458e-01
-2.367500000000000160e+00,3.606464135324246811e+00,2.758638745189291974e+00,9.405488156547328060e+00,9.188565806367593458e-01
-2.362499999999999822e+00,3.604441975702816769e+00,2.759710380118675754e+00,9.398105791389816943e+00,9.188565806367593458e-01
-2.357499999999999929e+00,3.602607984298064281e+00,2.760682712153973650e+00,9.391411810587607434e+00,9.188565806367593458e-01
-2.352500000000000036e+00,3.600983589803552043e+00,2.761544252766309882e+00,9.385483985133021179e+00,9.188565806367593458e-01
-2.347500000000000142e+00,3.599587684678664967e+00,2.762284856850819370e+00,9.380390827637341999e+00,9.188565806367593458e-01
-2.342499999999999805e+00,3.598428365085935443e+00,2.762900114151203290e+00,9.376161486196611605e+00,9.188565806367593458e-01
-2.337499999999999911e+00,3.597504349937516110e+00,2.763390607386445375e+00,9.372790956647554239e+00,9.188565806367593458e-01
-2.332500000000000018e+00,3.596815418278494381e+00,2.763756376810131421e+00,9.370278169382997291e+00,9.188565806367593458e-01
-2.327500000000000124e+00,3.596372646878019719e+00,2.763991483234731650e+00,9.368663324378459833e+00,9.188565806367593458e-01
-2.322500000000000231e+00,3.596200051727822533e+00,2.764083134693287924e+00,9.368033874469862354e+00,9.188565806367593458e-01
-2.317499999999999893e+00,3.596329346038367181e+00,2.764014473869975674e+00,9.368505423481449768e+00,9.188565806367593458e-01
-2.312500000000000000e+00,3.596797590880007167e+00,2.763765835818336569e+00,9.370213191156061328e+00,9.188565806367593458e-01
-2.307500000000000107e+00,3.597650720436068372e+00,2.763312891512362590e+00,9.373324919612340267e+00,9.188565806367593458e-01
-2.302500000000000213e+00,3.598939530444959178e+00,2.762628799178336259e+00,9.378026314882916381e+00,9.188565806367593458e-01
-2.297499999999999876e+00,3.600695560691408836e+00,2.761697024760803920e+00,9.384433145159478684e+00,9.188565806367593458e-01
-2.292499999999999982e+00,3.602904639491876893e+00,2.760525371503852021e+00,9.392494691481079627e+00,9.188565806367593458e-01
-2.287500000000000089e+00,3.605516525151924778e+00,2.759140819384420240e+00,9.402028738850120249e+00,9.188565806367593458e-01
-2.282500000000000195e+00,3.608490661928320797e+00,2.757565220118208593e+00,9.412888438748659325e+00,9.188565806367593458e-01
-2.277499999999999858e+00,3.611815866507108730e+00,2.755804870351001412e+00,9.425034240182439405e+00,9.188565806367593458e-01
-2.272499999999999964e+00,3.615464280599917313e+00,2.753874902379590761e+00,9.438365776790250905e+00,9.188565806367593458e-01
-2.267500000000000071e+00,3.619361738907698189e+00,2.751814901807709379e+00,9.452613341484951803e+00,9.188565806367593458e-01
-2.262500000000000178e+00,3.623509460946213068e+00,2.749624562448651943e+00,9.467782559426353828e+00,9.188565806367593458e-01
-2.257499999999999840e+00,3.628225592349672013e+00,2.747136465827926255e+00,9.485039145663606064e+00,9.188565806367593458e-01
-2.252499999999999947e+00,3.634228560769933392e+00,2.743973193843668668e+00,9.507017382312605847e+00,9.188565806367593458e-01
-2.247500000000000053e+00,3.642305482236972480e+00,2.739723647869835688e+00,9.536611685679259764e+00,9.188565806367593458e-01
-2.242500000000000160e+00,3.652724952939454095e+00,2.734252653294668711e+00,9.574828392381739661e+00,9.188565806367593458e-01
-2.237499999999999822e+00,3.664948278602698117e+00,2.727850342344396939e+00,9.619717212947078266e+00,9.188565806367593458e-01
-2.232499999999999929e+00,3.677977574179589926e+00,2.721044822088408033e+00,9.667631113499112416e+00,9.188565806367593458e-01
-2.227500000000000036e+00,3.691009316841329824e+00,2.714257520042987260e+00,9.715620851055513540e+00,9.188565806367593458e-01
-2.222500000000000142e+00,3.703793300735197302e+00,2.707617954760232148e+00,9.762763636621940577e+00,9.188565806367593458e-01
-2.217500000000000249e+00,3.716509696746405300e+00,2.701031607026380676e+00,9.809722029023321355e+00,9.188565806367593458e-01
-2.212499999999999911e+00,3.729445168411539502e+00,2.694350174307853507e+00,9.857555826787510966e+00,9.188565806367593458e-01
-2.207500000000000018e+00,3.742782653352480615e+00,2.687480427101788472e+00,9.906946012150175562e+00,9.188565806367593458e-01
-2.202500000000000124e+00,3.756571876760256057e+00,2.680398560148504750e+00,9.958083118726506200e+00,9.188565806367593458e-01
-2.197500000000000231e+00,3.770769128267930537e+00,2.673128852901774266e+00,1.001081180246442415e+01,9.188565806367593458e-01
-2.192499999999999893e+00,3.785258942134248183e+00,2.665731905092373122e+00,1.006470890076793268e+01,9.188565806367593458e-01
-2.187500000000000000e+00,3.799875218131280707e+00,2.658293345500722715e+00,1.011915991262455705e+01,9.188565806367593458e-01
-2.182500000000000107e+00,3.814448433220815726e+00,2.650899494983578020e+00,1.017353378009089226e+01,9.188565806367593458e-01
-2.177500000000000213e+00,3.828839368579651126e+00,2.643620297498342708e+00,1.022730901038689666e+01,9.188565806367593458e-01
-2.172499999999999876e+00,3.842933007563439585e+00,2.636512673224638448e+00,1.028005168023748261e+01,9.188565806367593458e-01
-2.167499999999999982e+00,3.856639276870459376e+00,2.629620390409259212e+00,1.033141890165977372e+01,9.188565806367593458e-01
-2.162500000000000089e+00,3.869923494397379482e+00,2.622959026958331830e+00,1.038127405659592917e+01,9.188565806367593458e-01
-2.157500000000000195e+00,3.882804510618556026e+00,2.616517294822825690e+00,1.042968142373787543e+01,9.188565806367593458e-01
-2.152499999999999858e+00,3.895287357040682963e+00,2.610290964697953520e+00,1.047665384489877560e+01,9.188565806367593458e-01
-2.147499999999999964e+00,3.907309635206293041e+00,2.604309430092320188e+00,1.052195014505645254e+01,9.188565806367593458e-01
-2.142500000000000071e+00,3.918782679613066922e+00,2.598614888263177214e+00,1.056522904504675253e+01,9.188565806367593458e-01
-2.137500000000000178e+00,3.929681496366443483e+00,2.593217712322570367e+00,1.060638872562534907e+01,9.188565806367593458e-01
-2.132499999999999840e+00,3.940067594684821373e+00,2.588085565884528094e+00,1.064565464573303721e+01,9.188565806367593458e-01
-2.127499999999999947e+00,3.950015483884067535e+00,2.583180074720706543e+00,1.068330279273287786e+01,9.188565806367593458e-01
-2.122500000000000053e+00,3.959536871435049843e+00,2.578494136703825657e+00,1.071937242892303210e+01,9.188565806367593458e-01
-2.117500000000000160e+00,3.968593046957428427e+00,2.574045513410582853e+00,1.075371190211816952e+01,9.188565806367593458e-01
-2.112500000000000266e+00,3.977166889252330417e+00,2.569841310295400305e+00,1.078625130409035293e+01,9.188565806367593458e-01
-2.107499999999999929e+00,3.985295899866479363e+00,2.565861921665383960e+00,1.081712840914409490e+01,9.188565806367593458e-01
-2.102500000000000036e+00,3.993031513550538758e+00,2.562081129661297751e+00,1.084653468693384504e+01,9.188565806367593458e-01
-2.097500000000000142e+00,4.000385435251494037e+00,2.558492313369745474e+00,1.087451116474803214e+01,9.188565806367593458e-01
-2.092500000000000249e+00,4.007328087084762736e+00,2.555109043409810710e+00,1.090094193364017805e+01,9.188565806367593458e-01
-2.087499999999999911e+00,4.013834870869975369e+00,2.551942437011617049e+00,1.092572996157832677e+01,9.188565806367593458e-01
-2.082500000000000018e+00,4.019926994118663721e+00,2.548981351102872495e+00,1.094895288377851372e+01,9.188565806367593458e-01
-2.077500000000000124e+00,4.025665317136185806e+00,2.546195507703903793e+00,1.097084003542097186e+01,9.188565806367593458e-01
-2.072500000000000231e+00,4.031103526728568198e+00,2.543558287862698108e+00,1.099159404706013277e+01,9.188565806367593458e-01
-2.067499999999999893e+00,4.036249135873976712e+00,2.541065578292738714e+00,1.101124173345912105e+01,9.188565806367593458e-01
-2.062500000000000000e+00,4.041076332558793283e+00,2.538729430219528016e+00,1.102968271588435734e+01,9.188565806367593458e-01
-2.057500000000000107e+00,4.045575936384106619e+00,2.536553835272398860e+00,1.104688013745749942e+01,9.188565806367593458e-01
-2.052500000000000213e+00,4.049777301892246051e+00,2.534524187846297849e+00,1.106294460476905250e+01,9.188565806367593458e-01
-2.047499999999999876e+00,4.053710028939283561e+00,2.532625839165616455e+00,1.107798796544208386e+01,9.188565806367593458e-01
-2.042499999999999982e+00,4.057360314500312981e+00,2.530865140580845551e+00,1.109195619008133349e+01,9.188565806367593458e-01
-2.037500000000000089e+00,4.060693066737464996e+00,2.529258709410065808e+00,1.110471373082689972e+01,9.188565806367593458e-01
-2.032500000000000195e+00,4.063716861720521933e+00,2.527802114267209355e+00,1.111629221692235703e+01,9.188565806367593458e-01
-2.027499999999999858e+00,4.066498223215785579e+00,2.526463067610191793e+00,1.112694543263586233e+01,9.188565806367593458e-01
-2.022499999999999964e+00,4.069097524610878480e+00,2.525212330508257885e+00,1.113690396834345009e+01,9.188565806367593458e-01
-2.017500000000000071e+00,4.071507253470812771e+00,2.524053378418053217e+00,1.114613851446608628e+01,9.188565806367593458e-01
-2.012500000000000178e+00,4.073667722190603691e+00,2.523014769772571775e+00,1.115441974241088019e+01,9.188565806367593458e-01
-2.007500000000000284e+00,4.075534612439049909e+00,2.522117647991228839e+00,1.116157709072186144e+01,9.188565806367593458e-01
-2.002499999999999947e+00,4.077120873918310018e+00,2.521355643017921810e+00,1.116765955220060924e+01,9.188565806367593458e-01
-1.997500000000000053e+00,4.078479970994039583e+00,2.520702958530236959e+00,1.117287165325500986e+01,9.188565806367593458e-01
-1.992500000000000160e+00,4.079659861241509589e+00,2.520136477026196697e+00,1.117739705558598651e+01,9.188565806367593458e-01
-1.987500000000000266e+00,4.080673427758457983e+00,2.519649941035122076e+00,1.118128505695094255e+01,9.188565806367593458e-01
-1.982499999999999929e+00,4.081506601479349072e+00,2.519250048280562204e+00,1.118448154419244212e+01,9.188565806367593458e-01
-1.977500000000000036e+00,4.082148087877257581e+00,2.518942190792664793e+00,1.118694289449185852e+01,9.188565806367593458e-01
-1.972500000000000142e+00,4.082604735123502415e+00,2.518723078430340490e+00,1.118869500143866524e+01,9.188565806367593458e-01
-1.967500000000000249e+00,4.082887756739812524e+00,2.518587324401101224e+00,1.118978066019325368e+01,9.188565806367593458e-01
-1.962499999999999911e+00,4.082993366191656648e+00,2.518536706647231060e+00,1.119018548521630763e+01,9.188565806367593458e-01
-1.957500000000000018e+00,4.082904185629100624e+00,2.518579497467392514e+00,1.118984325460515450e+01,9.188565806367593458e-01
-1.952500000000000124e+00,4.082607782554990017e+00,2.518721623787020913e+00,1.118870662971725949e+01,9.188565806367593458e-01
-1.947500000000000231e+00,4.082113215986135302e+00,2.518958788044933339e+00,1.118681018019439399e+01,9.188565806367593458e-01
-1.942499999999999893e+00,4.081453898965286875e+00,2.519275092309193997e+00,1.118428132838167066e+01,9.188565806367593458e-01
-1.937500000000000000e+00,4.080673628063738789e+00,2.519649651135073221e+00,1.118128736590393046e+01,9.188565806367593458e-01
-1.932500000000000107e+00,4.079801629063743107e+00,2.520068446224149383e+00,1.117794062360042417e+01,9.188565806367593458e-01
-1.927500000000000213e+00,4.078833998640912561e+00,2.520533196658532926e+00,1.117422764054720652e+01,9.188565806367593458e-01
-1.922499999999999876e+00,4.077737254577480819e+00,2.521059774641259299e+00,1.117002198177228856e+01,9.188565806367593458e-01
-1.917499999999999982e+00,4.076471887045795661e+00,2.521667120156319886e+00,1.116517293567282643e+01,9.188565806367593458e-01
-1.912500000000000089e+00,4.075018735690925986e+00,2.522364723253571750e+00,1.115960550010506935e+01,9.188565806367593458e-01
-1.907500000000000195e+00,4.073389055165402617e+00,2.523147695680290514e+00,1.115335958383029791e+01,9.188565806367593458e-01
-1.902500000000000302e+00,4.071610523579255236e+00,2.524003155641908691e+00,1.114653884759345992e+01,9.188565806367593458e-01
-1.897499999999999964e+00,4.069703098004480601e+00,2.524921469926421747e+00,1.113922094108116134e+01,9.188565806367593458e-01
-1.892500000000000071e+00,4.067669700955788059e+00,2.525900653546318875e+00,1.113142250980301107e+01,9.188565806367593458e-01
-1.887500000000000178e+00,4.065506791286464860e+00,2.526941651796944299e+00,1.112313690313613712e+01,9.188565806367593458e-01
-1.882500000000000284e+00,4.063213131972314152e+00,2.528044773823407976e+00,1.111436260734653914e+01,9.188565806367593458e-01
-1.877499999999999947e+00,4.060786396282178856e+00,2.529211821093274359e+00,1.110508631401752133e+01,9.188565806367593458e-01
-1.872500000000000053e+00,4.058223377216399363e+00,2.530445862933406342e+00,1.109528474126403808e+01,9.188565806367593458e-01
-1.867500000000000160e+00,4.055531167526656766e+00,2.531744998277327685e+00,1.108497416667697699e+01,9.188565806367593458e-01
-1.862500000000000266e+00,4.052731161740515731e+00,2.533099298315459436e+00,1.107423450999823977e+01,9.188565806367593458e-01
-1.857499999999999929e+00,4.049836661733549725e+00,2.534501003805276209e+00,1.106312829835498235e+01,9.188565806367593458e-01
-1.852500000000000036e+00,4.046820482475452785e+00,2.535960660633850505e+00,1.105157304610053792e+01,9.188565806367593458e-01
-1.847500000000000142e+00,4.043622885718306748e+00,2.537504804722699348e+00,1.103936021447443672e+01,9.188565806367593458e-01
-1.842500000000000249e+00,4.040214641530861961e+00,2.539147241565176571e+00,1.102638269131258930e+01,9.188565806367593458e-01
-1.837499999999999911e+00,4.036649341870514718e+00,2.540864618064526237e+00,1.101282707667080629e+01,9.188565806367593458e-01
-1.832500000000000018e+00,4.033031595719472229e+00,2.542610927524834086e+00,1.099905779503367498e+01,9.188565806367593458e-01
-1.827500000000000124e+00,4.029415106099370369e+00,2.544364362131990909e+00,1.098524721041731311e+01,9.188565806367593458e-01
-1.822500000000000231e+00,4.025716380501694225e+00,2.546166425421295454e+00,1.097106906847690233e+01,9.188565806367593458e-01
-1.817499999999999893e+00,4.021743168083167674e+00,2.548107233820730677e+00,1.095581677109184504e+01,9.188565806367593458e-01
-1.812500000000000000e+00,4.017370314866088421e+00,2.550242076115572853e+00,1.093906050242031824e+01,9.188565806367593458e-01
-1.807500000000000107e+00,4.012735975875039607e+00,2.552499447261864063e+00,1.092136633415479707e+01,9.188565806367593458e-01
-1.802500000000000213e+00,4.008235571350249771e+00,2.554685864281958096e+00,1.090425173849504858e+01,9.188565806367593458e-01
-1.797500000000000320e+00,4.004229448544534442e+00,2.556627274133382421e+00,1.088907438685563811e+01,9.188565806367593458e-01
-1.792499999999999982e+00,4.000690134517506102e+00,2.558339071378628926e+00,1.087570720352812792e+01,9.188565806367593458e-01
-1.787500000000000089e+00,3.997159336603217206e+00,2.560046864741892136e+00,1.086238533539520112e+01,9.188565806367593458e-01
-1.782500000000000195e+00,3.993089376198805773e+00,2.562021747343731004e+00,1.084699753918931542e+01,9.188565806367593458e-01
-1.777500000000000302e+00,3.988235307865706236e+00,2.564390255649823480e+00,1.082856731682927531e+01,9.188565806367593458e-01
-1.772499999999999964e+00,3.982777427142562665e+00,2.567071956980757186e+00,1.080773234429174323e+01,9.188565806367593458e-01
-1.767500000000000071e+00,3.977164831261393640e+00,2.569849266256781561e+00,1.078619077825315742e+01,9.188565806367593458e-01
-1.762500000000000178e+00,3.971833254728939000e+00,2.572499819140557697e+00,1.076566623217533980e+01,9.188565806367593458e-01
-1.757500000000000284e+00,3.966952521012121036e+00,2.574921941227103606e+00,1.074693964415644487e+01,9.188565806367593458e-01
-1.752499999999999947e+00,3.962359648822226799e+00,2.577178284293951460e+00,1.072951998358167280e+01,9.188565806367593458e-01
-1.747500000000000053e+00,3.957733280255603336e+00,2.579423820882579932e+00,1.071220708879079631e+01,9.188565806367593458e-01
-1.742500000000000160e+00,3.952845809118153753e+00,2.581785810355468502e+00,1.069402350511179556e+01,9.188565806367593458e-01
-1.737500000000000266e+00,3.947673273768957714e+00,2.584296159647734736e+00,1.067472710353301935e+01,9.188565806367593458e-01
-1.732499999999999929e+00,3.942332937750555821e+00,2.586904872371710074e+00,1.065470462566661070e+01,9.188565806367593458e-01
-1.727500000000000036e+00,3.936969731951391438e+00,2.589535279385821731e+00,1.063455257399674103e+01,9.188565806367593458e-01
-1.722500000000000142e+00,3.931689002565722291e+00,2.592134986321674273e+00,1.061466473835408841e+01,9.188565806367593458e-01
-1.717500000000000249e+00,3.926548312859126977e+00,2.594700638074911581e+00,1.059506555468561650e+01,9.188565806367593458e-01
-1.712499999999999911e+00,3.921546191819667015e+00,2.597264210365336279e+00,1.057552586390827187e+01,9.188565806367593458e-01
-1.707500000000000018e+00,3.916575479308487484e+00,2.599855271908894316e+00,1.055578902045135514e+01,9.188565806367593458e-01
-1.702500000000000124e+00,3.911439561022588940e+00,2.602484345892988937e+00,1.053579753280237163e+01,9.188565806367593458e-01
-1.697500000000000231e+00,3.905983366520098699e+00,2.605141851525063501e+00,1.051565579402337036e+01,9.188565806367593458e-01
-1.692499999999999893e+00,3.900270545041260029e+00,2.607807523687969198e+00,1.049541653964901400e+01,9.188565806367593458e-01
-1.687500000000000000e+00,3.894601091800019343e+00,2.610490373190097912e+00,1.047513916397847211e+01,9.188565806367593458e-01
-1.682500000000000107e+00,3.889121856317834691e+00,2.613207070331411863e+00,1.045468914402936456e+01,9.188565806367593458e-01
-1.677500000000000213e+00,3.883591408768751307e+00,2.615962694525819643e+00,1.043376305297409878e+01,9.188565806367593458e-01
-1.672500000000000320e+00,3.877801638622564440e+00,2.618806542529414028e+00,1.041252465210679645e+01,9.188565806367593458e-01
-1.667499999999999982e+00,3.871821671346433735e+00,2.621706546976557917e+00,1.039076378113739452e+01,9.188565806367593458e-01
-1.662500000000000089e+00,3.866230296512609854e+00,2.624629399826428067e+00,1.036837797030976382e+01,9.188565806367593458e-01
-1.657500000000000195e+00,3.861634988843418714e+00,2.627659310253616098e+00,1.034625139643532776e+01,9.188565806367593458e-01
-1.652500000000000302e+00,3.857234850684989169e+00,2.630635419357055138e+00,1.032377999743727415e+01,9.188565806367593458e-01
-1.647499999999999964e+00,3.851751159127565494e+00,2.633679049245692294e+00,1.030103592228604370e+01,9.188565806367593458e-01
-1.642500000000000071e+00,3.842168642566579972e+00,2.636650112483855057e+00,1.027825526631254505e+01,9.188565806367593458e-01
-1.637500000000000178e+00,3.828810013554138969e+00,2.639802562164759170e+00,1.025668619815115434e+01,9.188565806367593458e-01
-1.632500000000000284e+00,3.815059142301825190e+00,2.642718748616579294e+00,1.023339421082096123e+01,9.188565806367593458e-01
-1.627499999999999947e+00,3.806213600959896581e+00,2.645721347215935104e+00,1.021000874791722346e+01,9.188565806367593458e-01
-1.622500000000000053e+00,3.801735821683589922e+00,2.648871703137916089e+00,1.018952874891563809e+01,9.188565806367593458e-01
-1.617500000000000160e+00,3.797404833064869312e+00,2.651808341257150925e+00,1.016709973417668067e+01,9.188565806367593458e-01
-1.612500000000000266e+00,3.789073024611506302e+00,2.654887908797237017e+00,1.014458661503065073e+01,9.188565806367593458e-01
-1.607499999999999929e+00,3.765158080617116099e+00,2.657905936873492969e+00,1.012254816508148281e+01,9.188565806367593458e-01
-1.602500000000000036e+00,3.714520863087362734e+00,2.660933797039829241e+00,1.010069324931084012e+01,9.188565806367593458e-01
-1.597500000000000142e+00,3.633050641870085418e+00,2.663958738542179461e+00,1.007924023344842013e+01,9.188565806367593458e-01
-1.592500000000000249e+00,3.527313860055777184e+00,2.666977834395464875e+00,1.005835083730038626e+01,9.188565806367593458e-01
-1.587499999999999911e+00,3.413598754541237845e+00,2.669994535403104052e+00,1.003811633057565444e+01,9.188565806367593458e-01
-1.582500000000000018e+00,3.312818069443404401e+00,2.673011981561984385e+00,1.001852711597730128e+01,9.188565806367593458e-01
-1.577500000000000124e+00,3.243801466786382814e+00,2.676031830331751404e+00,9.999462874699018400e+00,9.188565806367593458e-01
-1.572500000000000231e+00,3.217882645226756377e+00,2.679053168864271139e+00,9.980713324305654055e+00,9.188565806367593458e-01
-1.567500000000000338e+00,3.236618665151064889e+00,2.682072702566862255e+00,9.962022399283188889e+00,9.188565806367593458e-01
-1.562500000000000000e+00,3.292840578102523619e+00,2.685086298591481402e+00,9.943142229378095109e+00,9.188565806367593458e-01
-1.557500000000000107e+00,3.373957407827852251e+00,2.688090937991388429e+00,9.923881836435429094e+00,9.188565806367593458e-01
-1.552500000000000213e+00,3.465965880933438381e+00,2.691085904691977060e+00,9.904140096793156545e+00,9.188565806367593458e-01
-1.547500000000000320e+00,3.556856578108785971e+00,2.694072315654982841e+00,9.883914484412652968e+00,9.188565806367593458e-01
-1.542499999999999982e+00,3.638680412839454092e+00,2.697051085130582671e+00,9.863280034286100673e+00,9.188565806367593458e-01
-1.537500000000000089e+00,3.708110265396780125e+00,2.700020414751145292e+00,9.842345063670933314e+00,9.188565806367593458e-01
-1.532500000000000195e+00,3.765742345640233246e+00,2.702974205798454488e+00,9.821206277226501413e+00,9.188565806367593458e-01
-1.527500000000000302e+00,3.814615029124042156e+00,2.705902685918890604e+00,9.799927126491088103e+00,9.188565806367593458e-01
-1.522499999999999964e+00,3.858509783907724700e+00,2.708795958312606444e+00,9.778544462167189977e+00,9.188565806367593458e-01
-1.517500000000000071e+00,3.900553311561144376e+00,2.711648999900607926e+00,9.757090315940535774e+00,9.188565806367593458e-01
-1.512500000000000178e+00,3.942462105805475403e+00,2.714463841329981530e+00,9.735613447821430455e+00,9.188565806367593458e-01
-1.507500000000000284e+00,3.984493044185138722e+00,2.717245631679948481e+00,9.714187456538954990e+00,9.188565806367593458e-01
-1.502499999999999947e+00,4.025888337304258435e+00,2.719995385820018541e+00,9.692891994053596250e+00,9.188565806367593458e-01
-1.497500000000000053e+00,4.065466108267998813e+00,2.722706593971488065e+00,9.671771476258570033e+00,9.188565806367593458e-01
-1.492500000000000160e+00,4.102075535532390127e+00,2.725368589449289392e+00,9.650813477527414364e+00,9.188565806367593458e-01
-1.487500000000000266e+00,4.134830394470075277e+00,2.727971575907794488e+00,9.629992017692956097e+00,9.188565806367593458e-01
-1.482499999999999929e+00,4.163190328584470024e+00,2.730508066068053630e+00,9.609349432206641950e+00,9.188565806367593458e-01
-1.477500000000000036e+00,4.186972236160529270e+00,2.732972843756531045e+00,9.589019639749308155e+00,9.188565806367593458e-01
-1.472500000000000142e+00,4.206294326829921104e+00,2.735365139863375816e+00,9.569146209556729232e+00,9.188565806367593458e-01
-1.467500000000000249e+00,4.221410640927969915e+00,2.737688963675130260e+00,9.549787540458778423e+00,9.188565806367593458e-01
-1.462500000000000355e+00,4.232453577140896428e+00,2.739945574787330251e+00,9.530935111087590172e+00,9.188565806367593458e-01
-1.457500000000000018e+00,4.239225864084585460e+00,2.742124052589479444e+00,9.512623139247446957e+00,9.188565806367593458e-01
-1.452500000000000124e+00,4.241259919496144448e+00,2.744203985247976707e+00,9.494976264082389150e+00,9.188565806367593458e-01
-1.447500000000000231e+00,4.238274375425796769e+00,2.746171211990209748e+00,9.478125065032381613e+00,9.188565806367593458e-01
-1.442500000000000338e+00,4.230871753479105379e+00,2.748028719081807569e+00,9.462105079574683941e+00,9.188565806367593458e-01
-1.437500000000000000e+00,4.220987261588494022e+00,2.749788533804340407e+00,9.446875987149816467e+00,9.188565806367593458e-01
-1.432500000000000107e+00,4.211524057421214273e+00,2.751454174238607830e+00,9.432427670066923397e+00,9.188565806367593458e-01
-1.427500000000000213e+00,4.205010403257238849e+00,2.753014709156153206e+00,9.418826754342024543e+00,9.188565806367593458e-01
-1.422500000000000320e+00,4.201821133441556277e+00,2.754455176611317668e+00,9.406154190645105828e+00,9.188565806367593458e-01
-1.417499999999999982e+00,4.199010365093052144e+00,2.755767122208378606e+00,9.394439353149790506e+00,9.188565806367593458e-01
-1.412500000000000089e+00,4.190663281334730428e+00,2.756945107484079838e+00,9.383694576507870977e+00,9.188565806367593458e-01
-1.407500000000000195e+00,4.169890266427259462e+00,2.757976310731798275e+00,9.374004281664506166e+00,9.188565806367593458e-01
-1.402500000000000302e+00,4.131625062273966975e+00,2.758842653404880441e+00,9.365522473687548199e+00,9.188565806367593458e-01
-1.397499999999999964e+00,4.074882548354621825e+00,2.759537805298569957e+00,9.358347133842551457e+00,9.188565806367593458e-01
-1.392500000000000071e+00,4.003389637167378723e+00,2.760075003117772319e+00,9.352441999472484113e+00,9.188565806367593458e-01
-1.387500000000000178e+00,3.924301300194728004e+00,2.760470982672865947e+00,9.347724231754781954e+00,9.188565806367593458e-01
-1.382500000000000284e+00,3.845609131794364366e+00,2.760726395940951150e+00,9.344184916834665344e+00,9.188565806367593458e-01
-1.377499999999999947e+00,3.773443773142806101e+00,2.760824863400964446e+00,9.341894828772661086e+00,9.188565806367593458e-01
-1.372500000000000053e+00,3.710444438489994834e+00,2.760746423752962198e+00,9.340929793443116580e+00,9.188565806367593458e-01
-1.367500000000000160e+00,3.655727284598582649e+00,2.760483773497584892e+00,9.341285576295689452e+00,9.188565806367593458e-01
-1.362500000000000266e+00,3.606179395207056437e+00,2.760049399366702350e+00,9.342846580979312421e+00,9.188565806367593458e-01
-1.357500000000000373e+00,3.558284556142245147e+00,2.759459773331974120e+00,9.345492076637306411e+00,9.188565806367593458e-01
-1.352500000000000036e+00,3.509599667526384525e+00,2.758710062677268038e+00,9.349253390763369254e+00,9.188565806367593458e-01
-1.347500000000000142e+00,3.459337359558305458e+00,2.757773854720721562e+00,9.354297337898939801e+00,9.188565806367593458e-01
-1.342500000000000249e+00,3.408087185237316685e+00,2.756630494161404155e+00,9.360735244569140079e+00,9.188565806367593458e-01
-1.337500000000000355e+00,3.357121731790654984e+00,2.755287472479132749e+00,9.368482634636562167e+00,9.188565806367593458e-01
-1.332500000000000018e+00,3.307754852990274053e+00,2.753781515845410865e+00,9.377264445948462424e+00,9.188565806367593458e-01
-1.327500000000000124e+00,3.260976283182801527e+00,2.752173069557197760e+00,9.386666282785400384e+00,9.188565806367593458e-01
-1.322500000000000231e+00,3.217359124434492124e+00,2.750536840500296787e+00,9.396202144111565957e+00,9.188565806367593458e-01
-1.317500000000000338e+00,3.177176479301621725e+00,2.748921218948228162e+00,9.405570049469977434e+00,9.188565806367593458e-01
-1.312500000000000000e+00,3.140605982143364283e+00,2.747284827096494908e+00,9.415060328063638906e+00,9.188565806367593458e-01
-1.307500000000000107e+00,3.107894395104069396e+00,2.745496921370178089e+00,9.425537022015772592e+00,9.188565806367593458e-01
-1.302500000000000213e+00,3.079400732999146850e+00,2.743443098729122731e+00,9.437736401904643913e+00,9.188565806367593458e-01
-1.297500000000000320e+00,3.055552063787304817e+00,2.741118849263930901e+00,9.451690418781266700e+00,9.188565806367593458e-01
-1.292499999999999982e+00,3.036772496787909947e+00,2.738578291577344004e+00,9.467071930476199881e+00,9.188565806367593458e-01
-1.287500000000000089e+00,3.023223803832542966e+00,2.735791409831109355e+00,9.484074634622629674e+00,9.188565806367593458e-01
-1.282500000000000195e+00,3.014302845132021957e+00,2.732604612715597181e+00,9.503673864669714533e+00,9.188565806367593458e-01
-1.277500000000000302e+00,3.008353990803904754e+00,2.728912404122580071e+00,9.526576671966560994e+00,9.188565806367593458e-01
-1.272499999999999964e+00,3.003278822089819222e+00,2.724818471747823878e+00,9.552150074838344551e+00,9.188565806367593458e-01
-1.267500000000000071e+00,2.998025656623576118e+00,2.720591347667760562e+00,9.578685279430942501e+00,9.188565806367593458e-01
-1.262500000000000178e+00,2.994106406168507206e+00,2.716447718572027714e+00,9.604616213332409558e+00,9.188565806367593458e-01
-1.257500000000000284e+00,2.996006424717247985e+00,2.712479825464368499e+00,9.629848396302485014e+00,9.188565806367593458e-01
-1.252500000000000391e+00,3.009801879859238305e+00,2.708538478641537406e+00,9.654946600105496657e+00,9.188565806367593458e-01
-1.247500000000000053e+00,3.040454061273281994e+00,2.704531283504668426e+00,9.680726869654769473e+00,9.188565806367593458e-01
-1.242500000000000160e+00,3.089371126174064397e+00,2.700448701114972483e+00,9.707389739424376884e+00,9.188565806367593458e-01
-1.237500000000000266e+00,3.153487917156499343e+00,2.696366744725815057e+00,9.734639822600943404e+00,9.188565806367593458e-01
-1.232500000000000373e+00,3.226448044705874540e+00,2.692356616235702216e+00,9.762295979101594412e+00,9.188565806367593458e-01
-1.227500000000000036e+00,3.301161469777937896e+00,2.688406211806311674e+00,9.790587546314631240e+00,9.188565806367593458e-01
-1.222500000000000142e+00,3.372397048001916087e+00,2.684436387407096891e+00,9.819952065950449338e+00,9.188565806367593458e-01
-1.217500000000000249e+00,3.438209153113076511e+00,2.680377648046136763e+00,9.850593731728180202e+00,9.188565806367593458e-01
-1.212500000000000355e+00,3.499765302087558094e+00,2.676220333343538815e+00,9.882281482622323310e+00,9.188565806367593458e-01
-1.207500000000000018e+00,3.559981497319204546e+00,2.671996432019609014e+00,9.914597651327056838e+00,9.188565806367593458e-01
-1.202500000000000124e+00,3.621818584862174895e+00,2.667729951234798946e+00,9.947363204126775216e+00,9.188565806367593458e-01
-1.197500000000000231e+00,3.687029511108765423e+00,2.663420620208742484e+00,9.980774485650277583e+00,9.188565806367593458e-01
-1.192500000000000338e+00,3.755744032011234079e+00,2.659075720860661463e+00,1.001511916615393183e+01,9.188565806367593458e-01
-1.187500000000000000e+00,3.826819535957242557e+00,2.654735729524897447e+00,1.005045409790019306e+01,9.188565806367593458e-01
-1.182500000000000107e+00,3.898579785472290560e+00,2.650448021227580053e+00,1.008663550444477508e+01,9.188565806367593458e-01
-1.177500000000000213e+00,3.969492219833099966e+00,2.646224670816145430e+00,1.012353669666826761e+01,9.188565806367593458e-01
-1.172500000000000320e+00,4.038523351450700183e+00,2.642044806687694258e+00,1.016106594095926496e+01,9.188565806367593458e-01
-1.167499999999999982e+00,4.105190446837275076e+00,2.637889404179250885e+00,1.019903873884437928e+01,9.188565806367593458e-01
-1.162500000000000089e+00,4.169393898000585352e+00,2.633757833624574385e+00,1.023719577215590704e+01,9.188565806367593458e-01
-1.157500000000000195e+00,4.231057368356606396e+00,2.629663371424771245e+00,1.027532635667320804e+01,9.188565806367593458e-01
-1.152500000000000302e+00,4.289772357284471482e+00,2.625625068938763906e+00,1.031332234891130817e+01,9.188565806367593458e-01
-1.147500000000000409e+00,4.344816009668426737e+00,2.621652300231200439e+00,1.035121220848117041e+01,9.188565806367593458e-01
-1.142500000000000071e+00,4.395604321054030095e+00,2.617736868648764315e+00,1.038915109209858656e+01,9.188565806367593458e-01
-1.137500000000000178e+00,4.442081815776593778e+00,2.613877152286695704e+00,1.042716365697094538e+01,9.188565806367593458e-01
-1.132500000000000284e+00,4.484530482958700048e+00,2.610098795425584761e+00,1.046495809085705808e+01,9.188565806367593458e-01
-1.127500000000000391e+00,4.522910880136090661e+00,2.606427156854182581e+00,1.050224349533926294e+01,9.188565806367593458e-01
-1.122500000000000053e+00,4.556357269167305546e+00,2.602843162887622519e+00,1.053905042110985768e+01,9.188565806367593458e-01
-1.117500000000000160e+00,4.583396630448866027e+00,2.599310984762887244e+00,1.057553480860938500e+01,9.188565806367593458e-01
-1.112500000000000266e+00,4.602963216318885387e+00,2.595842939206794320e+00,1.061162439908184218e+01,9.188565806367593458e-01
-1.107500000000000373e+00,4.615504433295369857e+00,2.592465280507819880e+00,1.064686949312171649e+01,9.188565806367593458e-01
-1.102500000000000036e+00,4.623364460883157889e+00,2.589188440530008073e+00,1.068099440325968708e+01,9.188565806367593458e-01
-1.097500000000000142e+00,4.629958740236411963e+00,2.586020714703776591e+00,1.071422551280608637e+01,9.188565806367593458e-01
-1.092500000000000249e+00,4.638014712730267775e+00,2.582909885651574200e+00,1.074635575188307257e+01,9.188565806367593458e-01
-1.087500000000000355e+00,4.648507341768561396e+00,2.579879546310420935e+00,1.077763124997599853e+01,9.188565806367593458e-01
-1.082500000000000018e+00,4.659889152993282657e+00,2.576995797087687556e+00,1.080867025226633338e+01,9.188565806367593458e-01
-1.077500000000000124e+00,4.667370773895145319e+00,2.574140658202176635e+00,1.083892576621682124e+01,9.188565806367593458e-01
-1.072500000000000231e+00,4.661091604577515923e+00,2.571470014238279145e+00,1.086780789028975924e+01,9.188565806367593458e-01
-1.067500000000000338e+00,4.621205752570089587e+00,2.568801807191235298e+00,1.089612923474759576e+01,9.188565806367593458e-01
-1.062500000000000000e+00,4.547752914460780005e+00,2.566302541391391578e+00,1.092283827401473140e+01,9.188565806367593458e-01
-1.057500000000000107e+00,4.455519556948035031e+00,2.563885621180295171e+00,1.094811569430840059e+01,9.188565806367593458e-01
-1.052500000000000213e+00,4.361950892356849963e+00,2.561518877636345337e+00,1.097206125791365139e+01,9.188565806367593458e-01
-1.047500000000000320e+00,4.278798889053730292e+00,2.559225299900460104e+00,1.099456301672371517e+01,9.188565806367593458e-01
-1.042500000000000426e+00,4.209087100653783331e+00,2.557008548539416726e+00,1.101558886403982207e+01,9.188565806367593458e-01
-1.037500000000000089e+00,4.148893959869358383e+00,2.554858114091642651e+00,1.103530735085650782e+01,9.188565806367593458e-01
-1.032500000000000195e+00,4.091624086854405817e+00,2.552786823466120847e+00,1.105388979999062116e+01,9.188565806367593458e-01
-1.027500000000000302e+00,4.032112022013797592e+00,2.550810304505267467e+00,1.107148113939575396e+01,9.188565806367593458e-01
-1.022500000000000409e+00,3.968630313682327326e+00,2.548924566800009561e+00,1.108814787466611129e+01,9.188565806367593458e-01
-1.017500000000000071e+00,3.902507693355985463e+00,2.547121510936495081e+00,1.110377728376622564e+01,9.188565806367593458e-01
-1.012500000000000178e+00,3.836431112845404723e+00,2.545394096338235546e+00,1.111825803019647552e+01,9.188565806367593458e-01
-1.007500000000000284e+00,3.772731348447057709e+00,2.543732809103259829e+00,1.113165312337329560e+01,9.188565806367593458e-01
-1.002500000000000391e+00,3.712521746967130110e+00,2.542135591333961830e+00,1.114407089638747372e+01,9.188565806367593458e-01
-9.975000000000000533e-01,3.655918299503700730e+00,2.540608997564315352e+00,1.115553261142678032e+01,9.188565806367593458e-01
-9.925000000000006040e-01,3.602889370850677508e+00,2.539153222878562932e+00,1.116605221028185291e+01,9.188565806367593458e-01
-9.874999999999998224e-01,3.553946353808413061e+00,2.537760259453701650e+00,1.117572581175004665e+01,9.188565806367593458e-01
-9.824999999999999289e-01,3.510142961186709432e+00,2.536429693803800678e+00,1.118466314928994088e+01,9.188565806367593458e-01
-9.775000000000000355e-01,3.472477495111907508e+00,2.535176151757402074e+00,1.119286429438663788e+01,9.188565806367593458e-01
-9.725000000000001421e-01,3.441297945776801370e+00,2.534013075934503867e+00,1.120024599614096950e+01,9.188565806367593458e-01
-9.675000000000002487e-01,3.416216138420154369e+00,2.532929357475418808e+00,1.120675661273074830e+01,9.188565806367593458e-01
-9.625000000000003553e-01,3.396459071753292314e+00,2.531894150026953394e+00,1.121241732717782824e+01,9.188565806367593458e-01
-9.575000000000004619e-01,3.381168012212852236e+00,2.530889429241256483e+00,1.121733860293936225e+01,9.188565806367593458e-01
-9.525000000000005684e-01,3.369329787299168544e+00,2.529918787806487046e+00,1.122161589956500372e+01,9.188565806367593458e-01
-9.474999999999997868e-01,3.359743711012243672e+00,2.529008193616932409e+00,1.122535223826018580e+01,9.188565806367593458e-01
-9.424999999999998934e-01,3.351672734725683167e+00,2.528191712435782001e+00,1.122867030223523344e+01,9.188565806367593458e-01
-9.375000000000000000e-01,3.346623975002737339e+00,2.527435343583331218e+00,1.123137758746597115e+01,9.188565806367593458e-01
-9.325000000000001066e-01,3.352081350780845792e+00,2.526833135882271986e+00,1.123304206517425996e+01,9.188565806367593458e-01
-9.275000000000002132e-01,3.388111160948129363e+00,2.526194030361562426e+00,1.123461169074450616e+01,9.188565806367593458e-01
-9.225000000000003197e-01,3.457048728112707359e+00,2.525649664903718783e+00,1.123539140220280785e+01,9.188565806367593458e-01
-9.175000000000004263e-01,3.544299398422265046e+00,2.525183632744872231e+00,1.123557238478514897e+01,9.188565806367593458e-01
-9.125000000000005329e-01,3.631752841023939915e+00,2.524817757945188035e+00,1.123529589613387714e+01,9.188565806367593458e-01
-9.075000000000006395e-01,3.708149407923083896e+00,2.524548497151960280e+00,1.123447875227028092e+01,9.188565806367593458e-01
-9.024999999999998579e-01,3.772449371248388417e+00,2.524335642252714340e+00,1.123286669967414753e+01,9.188565806367593458e-01
-8.974999999999999645e-01,3.830709407440870518e+00,2.524146434421092877e+00,1.123026138349188408e+01,9.188565806367593458e-01
-8.925000000000000711e-01,3.890149884124737056e+00,2.523988249318161792e+00,1.122676121813726979e+01,9.188565806367593458e-01
-8.875000000000001776e-01,3.954647931476830802e+00,2.523925338254692452e+00,1.122256247921564842e+01,9.188565806367593458e-01
-8.825000000000002842e-01,4.023918707314942722e+00,2.523986535759292327e+00,1.121807192283303856e+01,9.188565806367593458e-01
-8.775000000000003908e-01,4.095252785274563045e+00,2.524156107271471328e+00,1.121340403919410811e+01,9.188565806367593458e-01
-8.725000000000004974e-01,4.165746126908429048e+00,2.524412111387816626e+00,1.120806282186133629e+01,9.188565806367593458e-01
-8.675000000000006040e-01,4.233730229132814493e+00,2.524697212106878919e+00,1.120171305063539435e+01,9.188565806367593458e-01
-8.624999999999998224e-01,4.298747235582986548e+00,2.524970796196193135e+00,1.119434891704162105e+01,9.188565806367593458e-01
-8.574999999999999289e-01,4.360629976528183072e+00,2.525293024018403276e+00,1.118576849537338980e+01,9.188565806367593458e-01
-8.525000000000000355e-01,4.418991295032274280e+00,2.525751411649847178e+00,1.117588075191456198e+01,9.188565806367593458e-01
-8.475000000000001421e-01,4.473373976524142925e+00,2.526371885772593195e+00,1.116502600236894338e+01,9.188565806367593458e-01
-8.425000000000002487e-01,4.523463702758363958e+00,2.527122676194825779e+00,1.115374303086300856e+01,9.188565806367593458e-01
-8.375000000000003553e-01,4.568908883333389959e+00,2.527972249846024422e+00,1.114232443093777469e+01,9.188565806367593458e-01
-8.325000000000004619e-01,4.609131988116415002e+00,2.528929960013929445e+00,1.113055085689588530e+01,9.188565806367593458e-01
-8.275000000000005684e-01,4.643656840030971900e+00,2.530014058837441127e+00,1.111795670605182806e+01,9.188565806367593458e-01
-8.225000000000006750e-01,4.672459746723307994e+00,2.531218714446727525e+00,1.110436855060972050e+01,9.188565806367593458e-01
-8.174999999999998934e-01,4.695510733611706122e+00,2.532473744808402039e+00,1.108957306595968895e+01,9.188565806367593458e-01
-8.125000000000000000e-01,4.712282683183307341e+00,2.533768196128583394e+00,1.107338616469988146e+01,9.188565806367593458e-01
-8.075000000000001066e-01,4.722508284606345086e+00,2.535195907721577768e+00,1.105677075149564281e+01,9.188565806367593458e-01
-8.025000000000002132e-01,4.725954923242745132e+00,2.536718500919458386e+00,1.103920472654194995e+01,9.188565806367593458e-01
-7.975000000000003197e-01,4.723531833808380043e+00,2.538229178796275853e+00,1.101974976991462007e+01,9.188565806367593458e-01
-7.925000000000004263e-01,4.717888819014308233e+00,2.540135429784458498e+00,1.100180569843673872e+01,9.188565806367593458e-01
-7.875000000000005329e-01,4.709408500248040141e+00,2.542462075110007991e+00,1.098508970179310751e+01,9.188565806367593458e-01
-7.825000000000006395e-01,4.696084955969881847e+00,2.544085981954026909e+00,1.095962215720820865e+01,9.188565806367593458e-01
-7.774999999999998579e-01,4.682132760262601501e+00,2.545696569364108264e+00,1.093304249274281403e+01,9.188565806367593458e-01
-7.724999999999999645e-01,4.674044351657718366e+00,2.549463683995667473e+00,1.092276203306742666e+01,9.188565806367593458e-01
-7.675000000000000711e-01,4.665065788019655990e+00,2.550897843074098947e+00,1.089124984957396691e+01,9.188565806367593458e-01
-7.625000000000001776e-01,4.646635287204825993e+00,2.543066450948434198e+00,1.077553574550542592e+01,9.188565806367593458e-01
-7.575000000000002842e-01,4.476491165153304586e+00,2.563047767272735200e+00,1.089438271776499612e+01,9.188565806367593458e-01
-7.525000000000003908e-01,3.228571678412264223e+00,2.207534079573103103e+00,8.413237384945896125e+00,9.188565806367593458e-01
-7.475000000000004974e-01,1.466207928792667037e+00,5.841474198323449718e-01,1.991945600205993427e+00,9.188565806367593458e-01
-7.425000000000006040e-01,1.108079144464653831e+00,-2.284434806789734045e-16,1.000000000000000000e+00,9.188565806367593458e-01
-7.374999999999998224e-01,1.103838754734930205e+00,-2.210418703937755287e-17,1.000000000000000000e+00,9.188565806367593458e-01
-7.324999999999999289e-01,1.099533469163595178e+00,8.566528116117733745e-17,1.000000000000000000e+00,9.188565806367593458e-01
-7.275000000000000355e-01,1.095165978413987107e+00,-1.664835758400561711e-16,1.000000000000000000e+00,9.188565806367593458e-01
-7.225000000000001421e-01,1.090739012025656818e+00,-9.686933425279234658e-16,1.000000000000000000e+00,9.188565806367593458e-01
-7.175000000000002487e-01,1.086255336708492614e+00,-1.031628460541889700e-15,1.000000000000000000e+00,9.188565806367593458e-01
-7.125000000000003553e-01,1.081717754613618299e+00,-2.841457946018891269e-16,1.000000000000000000e+00,9.188565806367593458e-01
-7.075000000000004619e-01,1.077129101582138038e+00,8.286281561164641192e-17,1.000000000000000000e+00,9.188565806367593458e-01
-7.025000000000005684e-01,1.072492245372829611e+00,2.976250165609920692e-16,1.000000000000000000e+00,9.188565806367593458e-01
-6.975000000000006750e-01,1.067810083869887627e+00,-1.019530152376459194e-17,1.000000000000000000e+00,9.188565806367593458e-01
-6.924999999999998934e-01,1.063085543271839573e+00,-2.867617082632132994e-16,1.000000000000000000e+00,9.188565806367593458e-01
-6.875000000000000000e-01,1.058321576262770680e+00,-8.875501357773286671e-17,1.000000000000000000e+00,9.188565806367593458e-01
-6.825000000000001066e-01,1.053521160166986714e+00,0.000000000000000000e+00,1.000000000000000000e+00,9.188565806367593458e-01
-6.775000000000002132e-01,1.048687295088287286e+00,4.872985711543644065e-17,1.000000000000000000e+00,9.188565806367593458e-01
-6.725000000000003197e-01,1.043823002034997671e+00,-4.895694188459012080e-17,1.000000000000000000e+00,9.188565806367593458e-01
-6.675000000000004263e-01,1.038931321031936417e+00,0.000000000000000000e+00,1.000000000000000000e+00,9.188565806367593458e-01
-6.625000000000005329e-01,1.034015309220499335e+00,0.000000000000000000e+00,1.000000000000000000e+00,9.188565806367593458e-01
-6.575000000000006395e-01,1.029078038948045615e+00,1.245503410811032786e-17,1.000000000000000000e+00,9.188565806367593458e-01
-6.524999999999998579e-01,1.024122595847779538e+00,1.523263788552815129e-16,1.000000000000000000e+00,9.188565806367593458e-01
-6.474999999999999645e-01,1.019152076910333937e+00,-4.419004887712475644e-17,1.000000000000000000e+00,9.188565806367593458e-01
-6.425000000000000711e-01,1.014169588548246459e+00,-1.220522779525142223e-16,1.000000000000000000e+00,9.188565806367593458e-01
-6.375000000000001776e-01,1.009178244654556078e+00,0.000000000000000000e+00,1.000000000000000000e+00,9.188565806367593458e-01
-6.325000000000002842e-01,1.004181164656721581e+00,0.000000000000000000e+00,1.000000000000000000e+00,9.188565806367593458e-01
-6.275000000000003908e-01,9.991814715670792602e-01,7.457170613034627830e-17,1.000000000000000000e+00,9.188565806367593458e-01
-6.225000000000004974e-01,9.941822900310633981e-01,9.008927855981417247e-17,1.000000000000000000e+00,9.188565806367593458e-01
-6.175000000000006040e-01,9.891867443744034594e-01,4.847804619145977372e-16,1.000000000000000000e+00,9.188565806367593458e-01
-6.125000000000007105e-01,9.841979566505227872e-01,1.469842872658213857e-15,1.000000000000000000e+00,9.188565806367593458e-01
-6.074999999999999289e-01,9.792190446893559441e-01,1.560606026895106838e-15,1.000000000000000000e+00,9.188565806367593458e-01
-6.025000000000000355e-01,9.742531201488099368e-01,3.645986610987033243e-16,1.000000000000000000e+00,9.188565806367593458e-01
-5.975000000000001421e-01,9.693032865700736966e-01,-1.393214468040349404e-15,1.000000000000000000e+00,9.188565806367593458e-01
-5.925000000000002487e-01,9.643726374380100497e-01,-1.845218973007225554e-15,1.000000000000000000e+00,9.188565806367593458e-01
-5.875000000000003553e-01,9.594642542478268865e-01,-8.454745026762734229e-16,1.000000000000000000e+00,9.188565806367593458e-01
-5.825000000000004619e-01,9.545812045792434475e-01,-3.403430034024514780e-17,1.000000000000000000e+00,9.188565806367593458e-01
-5.775000000000005684e-01,9.497265401793523187e-01,1.569550969043363733e-17,1.000000000000000000e+00,9.188565806367593458e-01
-5.725000000000006750e-01,9.449032950553772903e-01,2.536697373851521430e-16,1.000000000000000000e+00,9.188565806367593458e-01
-5.674999999999998934e-01,9.401144835785166798e-01,9.463649412974907150e-17,1.000000000000000000e+00,9.188565806367593458e-01
-5.625000000000000000e-01,9.353630986000626146e-01,-3.146722868369490239e-16,1.000000000000000000e+00,9.188565806367593458e-01
-5.575000000000001066e-01,9.306521095809615618e-01,-5.203406168773173681e-17,1.000000000000000000e+00,9.188565806367593458e-01
-5.525000000000002132e-01,9.259844607360011581e-01,2.250345334839184024e-16,1.000000000000000000e+00,9.188565806367593458e-01
-5.475000000000003197e-01,9.213630691937708672e-01,2.496086805706229483e-16,1.000000000000000000e+00,9.188565806367593458e-01
-5.425000000000004263e-01,9.167908231735518720e-01,1.712462585643695894e-17,1.000000000000000000e+00,9.188565806367593458e-01
-5.375000000000005329e-01,9.122705801802738490e-01,-2.375302472140259815e-16,1.000000000000000000e+00,9.188565806367593458e-01
-5.325000000000006395e-01,9.078051652186672760e-01,-3.550630740098185461e-17,1.000000000000000000e+00,9.188565806367593458e-01
-5.274999999999998579e-01,9.033973690277267155e-01,-1.149732109758736507e-17,1.000000000000000000e+00,9.188565806367593458e-01
-5.224999999999999645e-01,8.990499463365932975e-01,-1.974210740967828991e-16,1.000000000000000000e+00,9.188565806367593458e-01
-5.175000000000000711e-01,8.947656141429334298e-01,-2.019095996804543350e-17,1.000000000000000000e+00,9.188565806367593458e-01
-5.125000000000001776e-01,8.905470500149070823e-01,0.000000000000000000e+00,1.000000000000000000e+00,9.188565806367593458e-01
-5.075000000000002842e-01,8.863968904177741415e-01,8.577178713413111683e-17,1.000000000000000000e+00,9.188565806367593458e-01
-5.025000000000003908e-01,8.823177290661891048e-01,1.201551678066875904e-15,1.000000000000000000e+00,9.188565806367593458e-01
-4.975000000000004974e-01,8.783121153032145134e-01,3.241428670391947651e-15,1.000000000000000000e+00,9.188565806367593458e-01
-4.925000000000006040e-01,8.743825525070637594e-01,4.343898073170231405e-15,1.000000000000000000e+00,9.188565806367593458e-01
-4.875000000000007105e-01,8.705314965265716909e-01,3.864334681253458333e-15,1.000000000000000000e+00,9.188565806367593458e-01
-4.824999999999999289e-01,8.667613541463680127e-01,2.398583496075957542e-15,1.000000000000000000e+00,9.188565806367593458e-01
-4.775000000000000355e-01,8.630744815827184890e-01,1.787779543310623325e-15,1.000000000000000000e+00,9.188565806367593458e-01
-4.725000000000001421e-01,8.594731830109617610e-01,2.090475603287582560e-15,1.000000000000000000e+00,9.188565806367593458e-01
-4.675000000000002487e-01,8.559597091254776968e-01,1.701570951761808798e-15,1.000000000000000000e+00,9.188565806367593458e-01
-4.625000000000003553e-01,8.525362557330764535e-01,3.800464463608915398e-16,1.000000000000000000e+00,9.188565806367593458e-01
-4.575000000000004619e-01,8.492049623806898762e-01,-2.248235741487551067e-16,1.000000000000000000e+00,9.188565806367593458e-01
-4.525000000000005684e-01,8.459679110182249939e-01,3.917327703908117519e-16,1.000000000000000000e+00,9.188565806367593458e-01
-4.475000000000006750e-01,8.428271246974128328e-01,8.063048442104370305e-16,1.000000000000000000e+00,9.188565806367593458e-01
-4.424999999999998934e-01,8.397845663074663403e-01,7.331421256090712508e-16,1.000000000000000000e+00,9.188565806367593458e-01
-4.375000000000000000e-01,8.368421373483405645e-01,5.273652459324147526e-16,1.000000000000000000e+00,9.188565806367593458e-01
-4.325000000000001066e-01,8.340016767423544808e-01,1.519024287677306543e-16,1.000000000000000000e+00,9.188565806367593458e-01
-4.275000000000002132e-01,8.312649596849257527e-01,-8.059336145704892014e-16,1.000000000000000000e+00,9.188565806367593458e-01
-4.225000000000003197e-01,8.286336965351313033e-01,-2.449221493006895705e-15,1.000000000000000000e+00,9.188565806367593458e-01
-4.175000000000004263e-01,8.261095317467883614e-01,-3.258586576208700754e-15,1.000000000000000000e+00,9.188565806367593458e-01
-4.125000000000005329e-01,8.236940428407246717e-01,-3.163408336472885911e-15,1.000000000000000000e+00,9.188565806367593458e-01
-4.075000000000006395e-01,8.213887394188787994e-01,-3.484115802033572450e-15,1.000000000000000000e+00,9.188565806367593458e-01
-4.025000000000007461e-01,8.191950622208485910e-01,-3.181606604589111407e-15,1.000000000000000000e+00,9.188565806367593458e-01
-3.974999999999999645e-01,8.171143822234752108e-01,-2.226988524395471624e-15,1.000000000000000000e+00,9.188565806367593458e-01
-3.925000000000000711e-01,8.151479997840287428e-01,-2.057716219867145694e-15,1.000000000000000000e+00,9.188565806367593458e-01
-3.875000000000001776e-01,8.132971438275248266e-01,-2.476482644768899134e-15,1.000000000000000000e+00,9.188565806367593458e-01
-3.825000000000002842e-01,8.115629710786884665e-01,-1.630818454216173432e-15,1.000000000000000000e+00,9.188565806367593458e-01
-3.775000000000003908e-01,8.099465653390377495e-01,8.463318350018745834e-16,1.000000000000000000e+00,9.188565806367593458e-01
-3.725000000000004974e-01,8.084489368095437722e-01,2.894234597238633082e-15,1.000000000000000000e+00,9.188565806367593458e-01
-3.675000000000006040e-01,8.070710214592876630e-01,3.110457835062381598e-15,1.000000000000000000e+00,9.188565806367593458e-01
-3.625000000000007105e-01,8.058136804405100495e-01,1.560748012765465236e-15,1.000000000000000000e+00,9.188565806367593458e-01
-3.574999999999999289e-01,8.046776995504194563e-01,-4.196843383998702065e-16,1.000000000000000222e+00,9.188565806367593458e-01
-3.525000000000000355e-01,8.036637887400945868e-01,-2.753966623832311006e-15,1.000000000000000000e+00,9.188565806367593458e-01
-3.475000000000001421e-01,8.027725816707876882e-01,-3.480521683246045574e-15,1.000000000000000000e+00,9.188565806367593458e-01
-3.425000000000002487e-01,8.020046353179068888e-01,-1.854566808235224538e-15,1.000000000000000000e+00,9.188565806367593458e-01
-3.375000000000003553e-01,8.013604296229250856e-01,-1.166275405794844654e-17,1.000000000000000000e+00,9.188565806367593458e-01
-3.325000000000004619e-01,8.008403671934317680e-01,1.614068266548409744e-16,1.000000000000000000e+00,9.188565806367593458e-01
-3.275000000000005684e-01,8.004447730515166226e-01,-5.133784568679592967e-17,1.000000000000000000e+00,9.188565806367593458e-01
-3.225000000000006750e-01,8.001738944306413526e-01,-2.015967610936956029e-17,1.000000000000000000e+00,9.188565806367593458e-01
-3.174999999999998934e-01,8.000279006211262756e-01,8.565231226188936383e-18,1.000000000000000000e+00,9.188565806367593458e-01
-3.125000000000000000e-01,8.000068828643501773e-01,-9.861061346990015867e-17,1.000000000000000000e+00,9.188565806367593458e-01
-3.075000000000001066e-01,8.001108542957269254e-01,1.519471499540671421e-18,1.000000000000000000e+00,9.188565806367593458e-01
-3.025000000000002132e-01,8.003397499364962586e-01,-1.519036933592215478e-18,1.000000000000000000e+00,9.188565806367593458e-01
-2.975000000000003197e-01,8.006934267343336353e-01,0.000000000000000000e+00,1.000000000000000000e+00,9.188565806367593458e-01
-2.925000000000004263e-01,8.011716636527529412e-01,0.000000000000000000e+00,1.000000000000000000e+00,9.188565806367593458e-01
-2.875000000000005329e-01,8.017741618092475431e-01,1.516319304718050376e-18,1.000000000000000000e+00,9.188565806367593458e-01
-2.825000000000006395e-01,8.025005446620818716e-01,-1.514946809272788615e-18,1.000000000000000000e+00,9.188565806367593458e-01
-2.775000000000007461e-01,8.033503582456175129e-01,2.178062545751798811e-16,1.000000000000000000e+00,9.188565806367593458e-01
-2.724999999999999645e-01,8.043230714540277049e-01,1.278938952596068292e-15,1.000000000000000000e+00,9.188565806367593458e-01
-2.675000000000000711e-01,8.054180763732199377e-01,1.788252118773463121e-15,1.000000000000000000e+00,9.188565806367593458e-01
-2.625000000000001776e-01,8.066346886607639322e-01,1.469823147116218296e-15,1.000000000000000000e+00,9.188565806367593458e-01
-2.575000000000002842e-01,8.079721479735822998e-01,1.785676343694174212e-15,1.000000000000000000e+00,9.188565806367593458e-01
-2.525000000000003908e-01,8.094296184431407637e-01,2.798619600389641849e-15,1.000000000000000000e+00,9.188565806367593458e-01
-2.475000000000004974e-01,8.110061891978385118e-01,3.098506597435119104e-15,1.000000000000000000e+00,9.188565806367593458e-01
-2.425000000000006040e-01,8.127008749322734982e-01,2.933493764382547899e-15,1.000000000000000000e+00,9.188565806367593458e-01
-2.375000000000007105e-01,8.145126165230262005e-01,3.209257715659012848e-15,1.000000000000000000e+00,9.188565806367593458e-01
-2.324999999999999289e-01,8.164402816905773630e-01,3.401443238700572654e-15,1.000000000000000000e+00,9.188565806367593458e-01
-2.275000000000000355e-01,8.184826657069447231e-01,2.769741515781935536e-15,1.000000000000000000e+00,9.188565806367593458e-01
-2.225000000000001421e-01,8.206384921486009620e-01,3.773862251031974960e-16,1.000000000000000000e+00,9.188565806367593458e-01
-2.175000000000002487e-01,8.229064136941952601e-01,-1.844105055401310903e-15,1.000000000000000000e+00,9.188565806367593458e-01
-2.125000000000003553e-01,8.252850129665856294e-01,-2.202576297112878998e-15,1.000000000000000000e+00,9.188565806367593458e-01
-2.075000000000004619e-01,8.277728034186534467e-01,-7.726653588475580713e-16,1.000000000000000000e+00,9.188565806367593458e-01
-2.025000000000005684e-01,8.303682302623474065e-01,1.328340903482425126e-15,1.000000000000000000e+00,9.188565806367593458e-01
-1.975000000000006750e-01,8.330696714403749148e-01,1.961779215226616706e-15,1.000000000000000000e+00,9.188565806367593458e-01
-1.925000000000007816e-01,8.358754386399354086e-01,1.055632837393643051e-15,1.000000000000000000e+00,9.188565806367593458e-01
-1.875000000000000000e-01,8.387837783478613307e-01,2.460788986684067836e-16,1.000000000000000000e+00,9.188565806367593458e-01
-1.825000000000001066e-01,8.417928729465048443e-01,-2.023876704824837198e-16,1.000000000000000000e+00,9.188565806367593458e-01
-1.775000000000002132e-01,8.449008418496924966e-01,-1.111323163899484511e-15,1.000000000000000000e+00,9.188565806367593458e-01
-1.725000000000003197e-01,8.481057426780285180e-01,-2.701552996575403882e-15,1.000000000000000000e+00,9.188565806367593458e-01
-1.675000000000004263e-01,8.514055724728193386e-01,-4.592327407689650338e-15,1.000000000000000000e+00,9.188565806367593458e-01
-1.625000000000005329e-01,8.547982689478571539e-01,-5.799818560025858767e-15,1.000000000000000000e+00,9.188565806367593458e-01
-1.575000000000006395e-01,8.582817117782821636e-01,-4.746867307906774402e-15,1.000000000000000000e+00,9.188565806367593458e-01
-1.525000000000007461e-01,8.618537239257162419e-01,-2.282828411757136736e-15,9.999999999999997780e-01,9.188565806367593458e-01
-1.474999999999999645e-01,8.655120729988421413e-01,-3.038341563001659723e-16,1.000000000000000000e+00,9.188565806367593458e-01
-1.425000000000000711e-01,8.692544726485720297e-01,1.106789496615692523e-15,1.000000000000000000e+00,9.188565806367593458e-01
-1.375000000000001776e-01,8.730785839969459339e-01,6.625677132375127203e-16,1.000000000000000000e+00,9.188565806367593458e-01
-1.325000000000002842e-01,8.769820170988513741e-01,-1.105347996322015379e-15,1.000000000000000000e+00,9.188565806367593458e-01
-1.275000000000003908e-01,8.809623324356617990e-01,-1.892899002724928141e-15,1.000000000000000000e+00,9.188565806367593458e-01
-1.225000000000004974e-01,8.850170424398565716e-01,-6.603635027292596501e-16,1.000000000000000000e+00,9.188565806367593458e-01
-1.175000000000006040e-01,8.891436130496696011e-01,1.001055178737219290e-15,1.000000000000000000e+00,9.188565806367593458e-01
-1.125000000000007105e-01,8.933394652927952873e-01,1.681764071348135277e-15,1.000000000000000000e+00,9.188565806367593458e-01
-1.074999999999999289e-01,8.976019768981635671e-01,5.133868464511104458e-16,1.000000000000000000e+00,9.188565806367593458e-01
-1.025000000000000355e-01,9.019284839347703198e-01,-9.015016778340885585e-16,1.000000000000000000e+00,9.188565806367593458e-01
-9.750000000000014211e-02,9.063162824765520487e-01,-1.493603676685321631e-15,1.000000000000000000e+00,9.188565806367593458e-01
-9.250000000000024869e-02,9.107626302922492423e-01,-7.156714313914417644e-16,1.000000000000000000e+00,9.188565806367593458e-01
-8.750000000000035527e-02,9.152647485592120269e-01,-3.792445245438853200e-17,1.000000000000000000e+00,9.188565806367593458e-01
-8.250000000000046185e-02,9.198198236000738603e-01,0.000000000000000000e+00,1.000000000000000000e+00,9.188565806367593458e-01
-7.750000000000056843e-02,9.244250086412082457e-01,0.000000000000000000e+00,1.000000000000000000e+00,9.188565806367593458e-01
-7.250000000000067502e-02,9.290774255918696767e-01,0.000000000000000000e+00,1.000000000000000000e+00,9.188565806367593458e-01
-6.750000000000078160e-02,9.337741668429067055e-01,0.000000000000000000e+00,1.000000000000000000e+00,9.188565806367593458e-01
-6.250000000000000000e-02,9.385122970839238077e-01,0.000000000000000000e+00,1.000000000000000000e+00,9.188565806367593458e-01
-5.750000000000010658e-02,9.432888551377515141e-01,0.000000000000000000e+00,1.000000000000000000e+00,9.188565806367593458e-01
-5.250000000000021316e-02,9.481008558110907147e-01,1.039297325888297713e-17,1.000000000000000000e+00,9.188565806367593458e-01
-4.750000000000031974e-02,9.529452917601578532e-01,2.482565538380757074e-18,1.000000000000000000e+00,9.188565806367593458e-01
-4.250000000000042633e-02,9.578191353701780431e-01,-1.275745652933960653e-17,1.000000000000000000e+00,9.188565806367593458e-01
-3.750000000000053291e-02,9.627193406475454962e-01,1.185255748981473909e-16,1.000000000000000000e+00,9.188565806367593458e-01
-3.250000000000063949e-02,9.676428451234703187e-01,4.261430043177767298e-17,1.000000000000000000e+00,9.188565806367593458e-01
-2.750000000000074607e-02,9.725865717679221811e-01,-1.597207803786489871e-16,1.000000000000000000e+00,9.188565806367593458e-01
-2.249999999999996447e-02,9.775474309126743755e-01,0.000000000000000000e+00,1.000000000000000000e+00,9.188565806367593458e-01
-1.750000000000007105e-02,9.825223221822424469e-01,7.537826150598897193e-17,1.000000000000000000e+00,9.188565806367593458e-01
-1.250000000000017764e-02,9.875081364315237975e-01,-7.499768539077771462e-17,1.000000000000000000e+00,9.188565806367593458e-01
-7.500000000000284217e-03,9.925017576889076931e-01,0.000000000000000000e+00,1.000000000000000000e+00,9.188565806367593458e-01
-2.500000000000390799e-03,9.975000651036576294e-01,0.000000000000000000e+00,1.000000000000000000e+00,9.188565806367593458e-01
2.499999999999502620e-03,1.002499934896341482e+00,7.334451812675808709e-17,1.000000000000000000e+00,9.188565806367593458e-01
7.499999999999396039e-03,1.007498242311091419e+00,2.718298462693237390e-16,1.000000000000000000e+00,9.188565806367593458e-01
1.249999999999928946e-02,1.012491863568475425e+00,7.516550613325789367e-18,1.000000000000000000e+00,9.188565806367593458e-01
1.749999999999918288e-02,1.017477677817756554e+00,-2.549354712677902274e-16,1.000000000000000000e+00,9.188565806367593458e-01
2.249999999999996447e-02,1.022452569087325625e+00,-6.723440217236254178e-17,1.000000000000000000e+00,9.188565806367593458e-01
2.749999999999985789e-02,1.027413428232077042e+00,-2.615429586543244134e-17,1.000000000000000000e+00,9.188565806367593458e-01
3.249999999999975131e-02,1.032357154876528682e+00,0.000000000000000000e+00,1.000000000000000000e+00,9.188565806367593458e-01
3.749999999999964473e-02,1.037280659352453727e+00,0.000000000000000000e+00,1.000000000000000000e+00,9.188565806367593458e-01
4.249999999999953815e-02,1.042180864629820958e+00,5.244235960492118557e-17,1.000000000000000000e+00,9.188565806367593458e-01
4.749999999999943157e-02,1.047054708239841148e+00,1.404230416302788468e-16,1.000000000000000000e+00,9.188565806367593458e-01
5.249999999999932498e-02,1.051899144188908508e+00,1.326667308821181297e-15,1.000000000000000000e+00,9.188565806367593458e-01
5.749999999999921840e-02,1.056711144862247487e+00,3.594112219619493667e-15,1.000000000000000000e+00,9.188565806367593458e-01
6.250000000000000000e-02,1.061487702916076081e+00,5.113559178818467367e-15,1.000000000000000000e+00,9.188565806367593458e-01
6.749999999999989342e-02,1.066225833157092406e+00,4.990518886159600967e-15,1.000000000000000000e+00,9.188565806367593458e-01
7.249999999999978684e-02,1.070922574408129435e+00,3.234644552215425141e-15,1.000000000000000000e+00,9.188565806367593458e-01
7.749999999999968026e-02,1.075574991358790866e+00,7.375599220730877187e-16,1.000000000000000000e+00,9.188565806367593458e-01
8.249999999999957367e-02,1.080180176399925251e+00,-7.357887345642005001e-16,1.000000000000000000e+00,9.188565806367593458e-01
8.749999999999946709e-02,1.084735251440787085e+00,-1.225274318232553691e-15,1.000000000000000000e+00,9.188565806367593458e-01
9.249999999999936051e-02,1.089237369707749981e+00,-2.117314943501151295e-16,1.000000000000000000e+00,9.188565806367593458e-01
9.749999999999925393e-02,1.093683717523447285e+00,7.914557088439802831e-16,1.000000000000000000e+00,9.188565806367593458e-01
1.025000000000000355e-01,1.098071516065229680e+00,9.553824439082321948e-16,1.000000000000000000e+00,9.188565806367593458e-01
1.074999999999999289e-01,1.102398023101836433e+00,1.272036324925085211e-16,1.000000000000000000e+00,9.188565806367593458e-01
1.124999999999998224e-01,1.106660534707203825e+00,-1.151000905398534109e-15,1.000000000000000000e+00,9.188565806367593458e-01
1.174999999999997158e-01,1.110856386950329622e+00,-1.500348334934266506e-15,1.000000000000000000e+00,9.188565806367593458e-01
1.224999999999996092e-01,1.114982957560142651e+00,-1.362474928752331409e-15,1.000000000000000000e+00,9.188565806367593458e-01
1.274999999999995026e-01,1.119037667564337424e+00,-1.606725968704756179e-15,1.000000000000000000e+00,9.188565806367593458e-01
1.324999999999993960e-01,1.123017982901147960e+00,-1.850929212393212715e-15,1.000000000000000000e+00,9.188565806367593458e-01
1.374999999999992895e-01,1.126921416003053400e+00,-1.600203610282435663e-15,1.000000000000000000e+00,9.188565806367593458e-01
1.424999999999991829e-01,1.130745527351427304e+00,-1.355048497697505206e-15,1.000000000000000000e+00,9.188565806367593458e-01
1.474999999999999645e-01,1.134487927001157859e+00,-1.398644996510938298e-15,1.000000000000000000e+00,9.188565806367593458e-01
1.524999999999998579e-01,1.138146276074283092e+00,-1.441594861505975241e-15,1.000000000000000000e+00,9.188565806367593458e-01
1.574999999999997513e-01,1.141718288221717170e+00,-1.198890240875107264e-15,1.000000000000000000e+00,9.188565806367593458e-01
1.624999999999996447e-01,1.145201731052142291e+00,-8.604343949928345382e-16,1.000000000000000000e+00,9.188565806367593458e-01
1.674999999999995381e-01,1.148594427527179995e+00,-6.209340131638055288e-16,1.000000000000000000e+00,9.188565806367593458e-01
1.724999999999994316e-01,1.151894257321970816e+00,-6.714947310233127602e-16,1.000000000000000000e+00,9.188565806367593458e-01
1.774999999999993250e-01,1.155099158150306948e+00,-7.239628845605822962e-16,1.000000000000000000e+00,9.188565806367593458e-01
1.824999999999992184e-01,1.158207127053494601e+00,-4.341589016430114783e-16,1.000000000000000000e+00,9.188565806367593458e-01
1.875000000000000000e-01,1.161216221652138669e+00,2.584738955795596653e-17,1.000000000000000000e+00,9.188565806367593458e-01
1.924999999999998934e-01,1.164124561360064147e+00,6.066831940544379610e-17,1.000000000000000000e+00,9.188565806367593458e-01
1.974999999999997868e-01,1.166930328559624641e+00,-3.244784000134840031e-17,1.000000000000000000e+00,9.188565806367593458e-01
2.024999999999996803e-01,1.169631769737652149e+00,-7.311974824015849566e-17,1.000000000000000000e+00,9.188565806367593458e-01
2.074999999999995737e-01,1.172227196581346220e+00,0.000000000000000000e+00,1.000000000000000000e+00,9.188565806367593458e-01
2.124999999999994671e-01,1.174714987033413927e+00,1.149725142721827918e-16,1.000000000000000000e+00,9.188565806367593458e-01
2.174999999999993605e-01,1.177093586305804296e+00,4.090790234972684522e-17,1.000000000000000000e+00,9.188565806367593458e-01
2.224999999999992539e-01,1.179361507851398594e+00,-1.434890252561970926e-16,1.000000000000000000e+00,9.188565806367593458e-01
2.275000000000000355e-01,1.181517334293055388e+00,-1.183810978078174201e-17,1.000000000000000000e+00,9.188565806367593458e-01
2.324999999999999289e-01,1.183559718309422637e+00,0.000000000000000000e+00,1.000000000000000000e+00,9.188565806367593458e-01
2.374999999999998224e-01,1.185487383476973466e+00,1.574291275284086665e-16,1.000000000000000000e+00,9.188565806367593458e-01
2.424999999999997158e-01,1.187299125067726058e+00,1.965971393847800826e-15,1.000000000000000000e+00,9.188565806367593458e-01
2.474999999999996092e-01,1.188993810802161155e+00,4.099548161302980945e-15,1.000000000000000000e+00,9.188565806367593458e-01
2.524999999999995026e-01,1.190570381556859125e+00,4.425466784627346340e-15,1.000000000000000000e+00,9.188565806367593458e-01
2.574999999999993960e-01,1.192027852026417367e+00,2.550420963137847251e-15,1.000000000000000000e+00,9.188565806367593458e-01
2.624999999999992895e-01,1.193365311339235957e+00,-1.986689588153370810e-16,1.000000000000000000e+00,9.188565806367593458e-01
2.674999999999991829e-01,1.194581923626779840e+00,-7.978559282282647080e-16,1.000000000000000000e+00,9.188565806367593458e-01
2.724999999999999645e-01,1.195676928545972295e+00,3.420094638652892680e-16,1.000000000000000000e+00,9.188565806367593458e-01
2.774999999999998579e-01,1.196649641754382376e+00,1.968934996561737630e-15,1.000000000000000000e+00,9.188565806367593458e-01
2.824999999999997513e-01,1.197499455337918128e+00,2.023284722992072452e-15,1.000000000000000000e+00,9.188565806367593458e-01
2.874999999999996447e-01,1.198225838190752235e+00,5.679321908878911910e-16,1.000000000000000000e+00,9.188565806367593458e-01
2.924999999999995381e-01,1.198828336347246948e+00,1.658326927864541936e-17,1.000000000000000000e+00,9.188565806367593458e-01
2.974999999999994316e-01,1.199306573265666254e+00,3.379023808913920097e-19,1.000000000000000000e+00,9.188565806367593458e-01
3.024999999999993250e-01,1.199660250063503630e+00,-1.013408287480676870e-18,1.000000000000000000e+00,9.188565806367593458e-01
3.074999999999992184e-01,1.199889145704273075e+00,1.013214965672446273e-18,1.000000000000000000e+00,9.188565806367593458e-01
3.125000000000000000e-01,1.199993117135649712e+00,0.000000000000000000e+00,1.000000000000000000e+00,9.188565806367593458e-01
3.174999999999998934e-01,1.199972099378873835e+00,-1.013144922456769344e-18,1.000000000000000000e+00,9.188565806367593458e-01
3.224999999999997868e-01,1.199826105569358647e+00,0.000000000000000000e+00,1.000000000000000000e+00,9.188565806367593458e-01
3.274999999999996803e-01,1.199555226948483488e+00,1.013497013112267202e-18,1.000000000000000000e+00,9.188565806367593458e-01
3.324999999999995737e-01,1.199159632806568343e+00,0.000000000000000000e+00,1.000000000000000000e+00,9.188565806367593458e-01
3.374999999999994671e-01,1.198639570377075136e+00,0.000000000000000000e+00,1.000000000000000000e+00,9.188565806367593458e-01
3.424999999999993605e-01,1.197995364682093333e+00,-6.442071059658738952e-17,1.000000000000000000e+00,9.188565806367593458e-01
3.474999999999992539e-01,1.197227418329212423e+00,-7.549592885337195091e-17,1.000000000000000000e+00,9.188565806367593458e-01
3.524999999999991473e-01,1.196336211259905635e+00,-3.590329290519623503e-16,1.000000000000000000e+00,9.188565806367593458e-01
3.574999999999999289e-01,1.195322300449580544e+00,-5.949167060907428011e-16,1.000000000000000000e+00,9.188565806367593458e-01
3.624999999999998224e-01,1.194186319559490173e+00,-6.454624732638440443e-16,1.000000000000000000e+00,9.188565806367593458e-01
3.674999999999997158e-01,1.192928978540712670e+00,-5.427312661575392052e-16,1.000000000000000000e+00,9.188565806367593458e-01
3.724999999999996092e-01,1.191551063190456450e+00,-4.817411727170756875e-16,1.000000000000000000e+00,9.188565806367593458e-01
3.774999999999995026e-01,1.190053434660962584e+00,-8.087857593884828637e-16,1.000000000000000000e+00,9.188565806367593458e-01
3.824999999999993960e-01,1.188437028921311978e+00,-2.005167167293268664e-15,1.000000000000000000e+00,9.188565806367593458e-01
3.874999999999992895e-01,1.186702856172475506e+00,-2.794529303321795651e-15,1.000000000000000000e+00,9.188565806367593458e-01
3.924999999999991829e-01,1.184852000215971701e+00,-2.713212945176930483e-15,1.000000000000000000e+00,9.188565806367593458e-01
3.974999999999999645e-01,1.182885617776524789e+00,-2.804201867211461255e-15,1.000000000000000000e+00,9.188565806367593458e-01
4.024999999999998579e-01,1.180804937779151853e+00,-2.292929553603188497e-15,1.000000000000000000e+00,9.188565806367593458e-01
4.074999999999997513e-01,1.178611260581121645e+00,-9.423586401152348696e-16,1.000000000000000000e+00,9.188565806367593458e-01
4.124999999999996447e-01,1.176305957159275772e+00,-7.691735540960720802e-17,1.000000000000000000e+00,9.188565806367593458e-01
4.174999999999995381e-01,1.173890468253212083e+00,0.000000000000000000e+00,1.000000000000000000e+00,9.188565806367593458e-01
4.224999999999994316e-01,1.171366303464869141e+00,0.000000000000000000e+00,1.000000000000000000e+00,9.188565806367593458e-01
4.274999999999993250e-01,1.168735040315074691e+00,0.000000000000000000e+00,1.000000000000000000e+00,9.188565806367593458e-01
4.324999999999992184e-01,1.165998323257646074e+00,4.415257089098294257e-17,1.000000000000000000e+00,9.188565806367593458e-01
4.375000000000000000e-01,1.163157862651659435e+00,-4.426039257391681576e-17,1.000000000000000000e+00,9.188565806367593458e-01
4.424999999999998934e-01,1.160215433692533660e+00,0.000000000000000000e+00,1.000000000000000000e+00,9.188565806367593458e-01
4.474999999999997868e-01,1.157172875302587833e+00,0.000000000000000000e+00,1.000000000000000000e+00,9.188565806367593458e-01
4.524999999999996803e-01,1.154032088981775672e+00,0.000000000000000000e+00,1.000000000000000000e+00,9.188565806367593458e-01
4.574999999999995737e-01,1.150795037619310790e+00,0.000000000000000000e+00,1.000000000000000000e+00,9.188565806367593458e-01
4.624999999999994671e-01,1.147463744266924213e+00,4.188161420717554428e-16,1.000000000000000000e+00,9.188565806367593458e-01
4.674999999999993605e-01,1.144040290874522858e+00,1.445608700754867186e-15,1.000000000000000000e+00,9.188565806367593458e-01
4.724999999999992539e-01,1.140526816989039016e+00,1.894908055016402208e-15,1.000000000000000000e+00,9.188565806367593458e-01
4.774999999999991473e-01,1.136925518417282177e+00,1.812029149902054771e-15,1.000000000000000000e+00,9.188565806367593458e-01
4.824999999999999289e-01,1.133238645853631876e+00,1.905635504072960206e-15,1.000000000000000000e+00,9.188565806367593458e-01
4.874999999999998224e-01,1.129468503473429086e+00,1.883568155585890834e-15,1.000000000000000000e+00,9.188565806367593458e-01
4.924999999999997158e-01,1.125617447492937018e+00,1.860450281195901730e-15,1.000000000000000000e+00,9.188565806367593458e-01
4.974999999999996092e-01,1.121687884696786153e+00,2.075959303169130004e-15,1.000000000000000000e+00,9.188565806367593458e-01
5.024999999999995026e-01,1.117682270933811672e+00,2.661047017816667173e-15,1.000000000000000000e+00,9.188565806367593458e-01
5.074999999999993960e-01,1.113603109582226525e+00,2.121993534678079816e-15,1.000000000000000000e+00,9.188565806367593458e-01
5.124999999999992895e-01,1.109452949985093584e+00,0.000000000000000000e+00,1.000000000000000000e+00,9.188565806367593458e-01
5.174999999999991829e-01,1.105234385857067236e+00,-2.679167881147198304e-15,1.000000000000000000e+00,9.188565806367593458e-01
5.224999999999999645e-01,1.100950053663406702e+00,-4.264763890499768225e-15,1.000000000000000000e+00,9.188565806367593458e-01
5.274999999999998579e-01,1.096602630972273174e+00,-3.994560741259242723e-15,1.000000000000000000e+00,9.188565806367593458e-01
5.324999999999997513e-01,1.092194834781333501e+00,-2.000028836938012427e-15,1.000000000000000000e+00,9.188565806367593458e-01
5.374999999999996447e-01,1.087729419819726928e+00,6.833779520017723606e-16,9.999999999999997780e-01,9.188565806367593458e-01
5.424999999999995381e-01,1.083209176826448905e+00,2.100100452968018420e-15,1.000000000000000000e+00,9.188565806367593458e-01
5.474999999999994316e-01,1.078636930806230021e+00,2.756843583229632234e-15,1.000000000000000000e+00,9.188565806367593458e-01
5.524999999999993250e-01,1.074015539263999619e+00,1.949763823567657815e-15,1.000000000000000000e+00,9.188565806367593458e-01
5.574999999999992184e-01,1.069347890419039215e+00,4.883168333693926516e-16,1.000000000000000222e+00,9.188565806367593458e-01
5.624999999999991118e-01,1.064636901399938163e+00,-2.023518734884940716e-15,1.000000000000000000e+00,9.188565806367593458e-01
5.674999999999998934e-01,1.059885516421483320e+00,-4.467940006277856632e-15,1.000000000000000000e+00,9.188565806367593458e-01
5.724999999999997868e-01,1.055096704944623598e+00,-4.631500973934657787e-15,1.000000000000000000e+00,9.188565806367593458e-01
5.774999999999996803e-01,1.050273459820648458e+00,-2.508774827538424880e-15,1.000000000000000000e+00,9.188565806367593458e-01
5.824999999999995737e-01,1.045418795420757441e+00,-3.616898945165380503e-16,1.000000000000000000e+00,9.188565806367593458e-01
5.874999999999994671e-01,1.040535745752174002e+00,1.168384310234981520e-18,1.000000000000000000e+00,9.188565806367593458e-01
5.924999999999993605e-01,1.035627362561990727e+00,-1.173921898478926710e-18,1.000000000000000000e+00,9.188565806367593458e-01
5.974999999999992539e-01,1.030696713429927192e+00,3.756350829375442423e-18,1.000000000000000000e+00,9.188565806367593458e-01
6.024999999999991473e-01,1.025746879851191062e+00,2.255110208976682965e-16,1.000000000000000000e+00,9.188565806367593458e-01
6.074999999999999289e-01,1.020780955310643945e+00,3.305127375271081899e-16,1.000000000000000000e+00,9.188565806367593458e-01
6.124999999999998224e-01,1.015802043349478101e+00,1.852965268915036679e-16,1.000000000000000000e+00,9.188565806367593458e-01
6.174999999999997158e-01,1.010813255625597540e+00,-1.486301930673298561e-16,1.000000000000000000e+00,9.188565806367593458e-01
6.224999999999996092e-01,1.005817709968937601e+00,-4.207019490474212263e-16,1.000000000000000000e+00,9.188565806367593458e-01
6.274999999999995026e-01,1.000818528432921628e+00,-1.872544696927455992e-16,1.000000000000000000e+00,9.188565806367593458e-01
6.324999999999993960e-01,9.958188353432793072e-01,0.000000000000000000e+00,1.000000000000000000e+00,9.188565806367593458e-01
6.374999999999992895e-01,9.908217553454448101e-01,0.000000000000000000e+00,1.000000000000000000e+00,9.188565806367593458e-01
6.424999999999991829e-01,9.858304114517545402e-01,0.000000000000000000e+00,1.000000000000000000e+00,9.188565806367593458e-01
6.474999999999999645e-01,9.808479230896660628e-01,0.000000000000000000e+00,1.000000000000000000e+00,9.188565806367593458e-01
6.524999999999998579e-01,9.758774041522203513e-01,0.000000000000000000e+00,1.000000000000000000e+00,9.188565806367593458e-01
6.574999999999997513e-01,9.709219610519551624e-01,0.000000000000000000e+00,1.000000000000000000e+00,9.188565806367593458e-01
6.624999999999996447e-01,9.659846907795014426e-01,0.000000000000000000e+00,1.000000000000000000e+00,9.188565806367593458e-01
6.674999999999995381e-01,9.610686789680644715e-01,0.000000000000000000e+00,1.000000000000000000e+00,9.188565806367593458e-01
6.724999999999994316e-01,9.561769979650032170e-01,0.000000000000000000e+00,1.000000000000000000e+00,9.188565806367593458e-01
6.774999999999993250e-01,9.513127049117136025e-01,0.000000000000000000e+00,1.000000000000000000e+00,9.188565806367593458e-01
6.824999999999992184e-01,9.464788398330141739e-01,1.184972244952489121e-16,1.000000000000000000e+00,9.188565806367593458e-01
6.874999999999991118e-01,9.416784237372303190e-01,8.024076064594574540e-17,1.000000000000000000e+00,9.188565806367593458e-01
6.924999999999998934e-01,9.369144567281604274e-01,-6.466884479539119662e-17,1.000000000000000000e+00,9.188565806367593458e-01
6.974999999999997868e-01,9.321899161301132608e-01,4.731926386666350006e-17,1.000000000000000000e+00,9.188565806367593458e-01
7.024999999999996803e-01,9.275077546271712770e-01,1.423707802952670294e-15,1.000000000000000000e+00,9.188565806367593458e-01
7.074999999999995737e-01,9.228708984178628505e-01,2.935520243276393725e-15,1.000000000000000000e+00,9.188565806367593458e-01
7.124999999999994671e-01,9.182822453863825896e-01,2.555780874784902212e-15,1.000000000000000000e+00,9.188565806367593458e-01
7.174999999999993605e-01,9.137446632915080524e-01,2.668176296393190360e-16,1.000000000000000000e+00,9.188565806367593458e-01
7.224999999999992539e-01,9.092609879743440704e-01,-1.893940975610732551e-15,1.000000000000000000e+00,9.188565806367593458e-01
7.274999999999991473e-01,9.048340215860136704e-01,-2.774306900374433299e-15,1.000000000000000000e+00,9.188565806367593458e-01
7.324999999999999289e-01,9.004665308364049325e-01,-2.131154398663481804e-15,1.000000000000000000e+00,9.188565806367593458e-01
7.374999999999998224e-01,8.961612452650699057e-01,-6.640334624256954482e-16,1.000000000000000000e+00,9.188565806367593458e-01
7.424999999999997158e-01,8.919208555353468348e-01,-5.055035503010173720e-17,1.000000000000000000e+00,9.188565806367593458e-01
7.474999999999996092e-01,8.877480117527861703e-01,0.000000000000000000e+00,1.000000000000000000e+00,9.188565806367593458e-01
7.524999999999995026e-01,8.836453218089200812e-01,0.000000000000000000e+00,1.000000000000000000e+00,9.188565806367593458e-01
7.574999999999993960e-01,8.796153497514150876e-01,1.304850416286311715e-17,1.000000000000000000e+00,9.188565806367593458e-01
7.624999999999992895e-01,8.756606141816258848e-01,1.952098592832489898e-16,1.000000000000000000e+00,9.188565806367593458e-01
7.674999999999991829e-01,8.717835866805515588e-01,6.002738306722116393e-16,1.000000000000000000e+00,9.188565806367593458e-01
7.724999999999990763e-01,8.679866902641774074e-01,1.206637943902162439e-16,1.000000000000000000e+00,9.188565806367593458e-01
7.774999999999998579e-01,8.642722978691688152e-01,-7.081908850233089805e-16,1.000000000000000000e+00,9.188565806367593458e-01
7.824999999999997513e-01,8.606427308698652023e-01,-2.305125225643789010e-16,1.000000000000000000e+00,9.188565806367593458e-01
7.874999999999996447e-01,8.571002576274928675e-01,1.294088859948106658e-15,1.000000000000000000e+00,9.188565806367593458e-01
7.924999999999995381e-01,8.536470920725161005e-01,3.058162936327715463e-15,1.000000000000000000e+00,9.188565806367593458e-01
7.974999999999994316e-01,8.502853923210010878e-01,3.528208278590640541e-15,1.000000000000000000e+00,9.188565806367593458e-01
8.024999999999993250e-01,8.470172593258646909e-01,3.478972068395278862e-15,1.000000000000000000e+00,9.188565806367593458e-01
8.074999999999992184e-01,8.438447355638463154e-01,3.435105908946190563e-15,1.000000000000000000e+00,9.188565806367593458e-01
8.124999999999991118e-01,8.407698037590273232e-01,3.579944343079432491e-15,1.000000000000000000e+00,9.188565806367593458e-01
8.174999999999998934e-01,8.377943856436917969e-01,3.150173100043827044e-15,1.000000000000000000e+00,9.188565806367593458e-01
8.224999999999997868e-01,8.349203407573088098e-01,1.516518734948308774e-15,1.000000000000000000e+00,9.188565806367593458e-01
8.274999999999996803e-01,8.321494652843776096e-01,2.722960286945955201e-16,1.000000000000000000e+00,9.188565806367593458e-01
8.324999999999995737e-01,8.294834909318729022e-01,1.864606765983368200e-16,1.000000000000000000e+00,9.188565806367593458e-01
8.374999999999994671e-01,8.269240838469839039e-01,4.538015065175868680e-16,1.000000000000000000e+00,9.188565806367593458e-01
8.424999999999993605e-01,8.244728435758261753e-01,2.010184393581665913e-16,1.000000000000000000e+00,9.188565806367593458e-01
8.474999999999992539e-01,8.221313020637779356e-01,0.000000000000000000e+00,1.000000000000000000e+00,9.188565806367593458e-01
8.524999999999991473e-01,8.199009226980638054e-01,0.000000000000000000e+00,1.000000000000000000e+00,9.188565806367593458e-01
8.574999999999999289e-01,8.177830993931849424e-01,-9.400545563583489646e-17,1.000000000000000000e+00,9.188565806367593458e-01
8.624999999999998224e-01,8.157791557197695553e-01,-1.287226790427241544e-15,1.000000000000000000e+00,9.188565806367593458e-01
8.674999999999997158e-01,8.138903440773820330e-01,-2.762719454359286930e-15,1.000000000000000000e+00,9.188565806367593458e-01
8.724999999999996092e-01,8.121178449118153786e-01,-3.577448440628330144e-15,1.000000000000000000e+00,9.188565806367593458e-01
8.774999999999995026e-01,8.104627659773505632e-01,-2.644138488610904184e-15,1.000000000000000000e+00,9.188565806367593458e-01
8.824999999999993960e-01,8.089261416444466501e-01,-1.442414910596559895e-15,1.000000000000000000e+00,9.188565806367593458e-01
8.874999999999992895e-01,8.075089322532922331e-01,-9.133462350810602191e-16,1.000000000000000000e+00,9.188565806367593458e-01
8.924999999999991829e-01,8.062120235136249757e-01,-1.478693242031952832e-15,1.000000000000000000e+00,9.188565806367593458e-01
8.974999999999990763e-01,8.050362259511906204e-01,-1.697553796901231351e-15,1.000000000000000000e+00,9.188565806367593458e-01
9.024999999999998579e-01,8.039822744011918543e-01,-1.551429297836616194e-15,1.000000000000000000e+00,9.188565806367593458e-01
9.074999999999997513e-01,8.030508275490401138e-01,-1.659258319960106686e-15,1.000000000000000000e+00,9.188565806367593458e-01
9.124999999999996447e-01,8.022424675186978771e-01,-1.556195533093995045e-15,1.000000000000000000e+00,9.188565806367593458e-01
9.174999999999995381e-01,8.015576995088709022e-01,-1.676429746426868289e-15,1.000000000000000000e+00,9.188565806367593458e-01
9.224999999999994316e-01,8.009969514772751209e-01,-1.378743092443822090e-15,1.000000000000000000e+00,9.188565806367593458e-01
9.274999999999993250e-01,8.005605738731772503e-01,-9.216605590395894281e-16,1.000000000000000000e+00,9.188565806367593458e-01
9.324999999999992184e-01,8.002488394183749909e-01,-4.794998216059608955e-16,1.000000000000000000e+00,9.188565806367593458e-01
9.374999999999991118e-01,8.000619429367553659e-01,-1.473756012878500085e-16,1.000000000000000000e+00,9.188565806367593458e-01
9.424999999999998934e-01,8.000000012325354515e-01,3.907971935842953268e-17,1.000000000000000000e+00,9.188565806367593458e-01
9.474999999999997868e-01,8.000630530172643251e-01,7.080763292440681511e-17,1.000000000000000000e+00,9.188565806367593458e-01
9.524999999999996803e-01,8.002510588856287521e-01,2.666196388753899500e-17,1.000000000000000000e+00,9.188565806367593458e-01
9.574999999999995737e-01,8.005639013400810411e-01,-3.141934475364658019e-17,1.000000000000000000e+00,9.188565806367593458e-01
9.624999999999994671e-01,8.010013848642704160e-01,-6.108383914117544994e-17,1.000000000000000000e+00,9.188565806367593458e-01
9.674999999999993605e-01,8.015632360452351612e-01,-4.387573781127107875e-17,1.000000000000000000e+00,9.188565806367593458e-01
9.724999999999992539e-01,8.022491037442760486e-01,0.000000000000000000e+00,1.000000000000000000e+00,9.188565806367593458e-01
9.774999999999991473e-01,8.030585593164072389e-01,0.000000000000000000e+00,1.000000000000000000e+00,9.188565806367593458e-01
9.824999999999990408e-01,8.039910968782449929e-01,6.631871272286700680e-17,1.000000000000000000e+00,9.188565806367593458e-01
9.874999999999998224e-01,8.050461336241688803e-01,-3.900349461174736814e-17,1.000000000000000000e+00,9.188565806367593458e-01
9.924999999999997158e-01,8.062230101905552004e-01,6.420234330687996518e-17,1.000000000000000000e+00,9.188565806367593458e-01
9.974999999999996092e-01,8.075209910678590175e-01,-4.175197082841142371e-17,1.000000000000000000e+00,9.188565806367593458e-01
1.002499999999999503e+00,8.089392650602832413e-01,6.156798123829950529e-17,1.000000000000000000e+00,9.188565806367593458e-01
1.007499999999999396e+00,8.104769457927494258e-01,-1.107626979774311742e-16,1.000000000000000000e+00,9.188565806367593458e-01
1.012499999999999289e+00,8.121330722648534284e-01,0.000000000000000000e+00,1.000000000000000000e+00,9.188565806367593458e-01
1.017499999999999183e+00,8.139066094514593175e-01,3.903502445040996291e-16,1.000000000000000000e+00,9.188565806367593458e-01
1.022499999999999076e+00,8.157964489495568294e-01,2.287945966078512061e-15,1.000000000000000000e+00,9.188565806367593458e-01
1.027499999999999858e+00,8.178014096709766978e-01,4.296332316336949351e-15,1.000000000000000000e+00,9.188565806367593458e-01
1.032499999999999751e+00,8.199202385805317572e-01,5.507834080702777504e-15,1.000000000000000000e+00,9.188565806367593458e-01
1.037499999999999645e+00,8.221516114791246332e-01,5.484059427083803218e-15,1.000000000000000000e+00,9.188565806367593458e-01
1.042499999999999538e+00,8.244941338313281909e-01,4.239256688822416826e-15,1.000000000000000000e+00,9.188565806367593458e-01
1.047499999999999432e+00,8.269463416369244868e-01,2.230327278406150906e-15,1.000000000000000000e+00,9.188565806367593458e-01
1.052499999999999325e+00,8.295067023458581046e-01,3.720660452341138711e-16,1.000000000000000000e+00,9.188565806367593458e-01
1.057499999999999218e+00,8.321736158160289998e-01,3.846999801489214433e-17,1.000000000000000000e+00,9.188565806367593458e-01
1.062499999999999112e+00,8.349454153133303302e-01,0.000000000000000000e+00,1.000000000000000000e+00,9.188565806367593458e-01
1.067499999999999893e+00,8.378203685533026635e-01,-1.148226604871332441e-16,1.000000000000000000e+00,9.188565806367593458e-01
1.072499999999999787e+00,8.407966787837537481e-01,-1.593823759135475349e-15,1.000000000000000000e+00,9.188565806367593458e-01
1.077499999999999680e+00,8.438724859076732754e-01,-4.316819823051811592e-15,1.000000000000000000e+00,9.188565806367593458e-01
1.082499999999999574e+00,8.470458676457304215e-01,-6.173217419878104647e-15,1.000000000000000000e+00,9.188565806367593458e-01
1.087499999999999467e+00,8.503148407376370788e-01,-6.134145783321660227e-15,1.000000000000000000e+00,9.188565806367593458e-01
1.092499999999999361e+00,8.536773621816204916e-01,-4.221877158936505456e-15,1.000000000000000000e+00,9.188565806367593458e-01
1.097499999999999254e+00,8.571313305112328029e-01,-1.486950923969680076e-15,1.000000000000000000e+00,9.188565806367593458e-01
1.102499999999999147e+00,8.606745871086997068e-01,0.000000000000000000e+00,1.000000000000000000e+00,9.188565806367593458e-01
1.107499999999999041e+00,8.643049175539857520e-01,1.458924439769696485e-16,1.000000000000000000e+00,9.188565806367593458e-01
1.112499999999999822e+00,8.680200530087355260e-01,-6.878876164242639413e-17,1.000000000000000000e+00,9.188565806367593458e-01
1.117499999999999716e+00,8.718176716342215249e-01,4.360274768883037501e-17,1.000000000000000000e+00,9.188565806367593458e-01
1.122499999999999609e+00,8.756954000424211904e-01,2.164859645770546590e-17,1.000000000000000000e+00,9.188565806367593458e-01
1.127499999999999503e+00,8.796508147793049570e-01,-4.442313185568468469e-17,1.000000000000000000e+00,9.188565806367593458e-01
1.132499999999999396e+00,8.836814438394164917e-01,-6.488716928416069179e-17,1.000000000000000000e+00,9.188565806367593458e-01
1.137499999999999289e+00,8.877847682107961047e-01,3.559147403054952686e-17,1.000000000000000000e+00,9.188565806367593458e-01
1.142499999999999183e+00,8.919582234492803297e-01,-6.562851258084428004e-17,1.000000000000000000e+00,9.188565806367593458e-01
1.147499999999999076e+00,8.961992012811972330e-01,0.000000000000000000e+00,1.000000000000000000e+00,9.188565806367593458e-01
1.152499999999999858e+00,9.005050512334522583e-01,0.000000000000000000e+00,1.000000000000000000e+00,9.188565806367593458e-01
1.157499999999999751e+00,9.048730822899850867e-01,0.000000000000000000e+00,1.000000000000000000e+00,9.188565806367593458e-01
1.162499999999999645e+00,9.093005645735720011e-01,1.272240726227669772e-16,1.000000000000000000e+00,9.188565806367593458e-01
1.167499999999999538e+00,9.137847310519062738e-01,4.719282795338871970e-17,1.000000000000000000e+00,9.188565806367593458e-01
1.172499999999999432e+00,9.183227792669049760e-01,-1.602234092831905641e-16,1.000000000000000000e+00,9.188565806367593458e-01
1.177499999999999325e+00,9.229118730861536335e-01,-1.264714485317858641e-17,1.000000000000000000e+00,9.188565806367593458e-01
1.182499999999999218e+00,9.275491444753964920e-01,0.000000000000000000e+00,1.000000000000000000e+00,9.188565806367593458e-01
1.187499999999999112e+00,9.322316952909650567e-01,1.055968113503419114e-16,1.000000000000000000e+00,9.188565806367593458e-01
1.192499999999999005e+00,9.369565990910232456e-01,1.405839617570923183e-15,1.000000000000000000e+00,9.188565806367593458e-01
1.197499999999999787e+00,9.417209029644991736e-01,3.161786570610247290e-15,1.000000000000000000e+00,9.188565806367593458e-01
1.202499999999999680e+00,9.465216293765548183e-01,4.701604290250912725e-15,1.000000000000000000e+00,9.188565806367593458e-01
1.207499999999999574e+00,9.513557780294541466e-01,5.400667684135450136e-15,1.000000000000000000e+00,9.188565806367593458e-01
1.212499999999999467e+00,9.562203277376472021e-01,4.676361365823685047e-15,1.000000000000000000e+00,9.188565806367593458e-01
1.217499999999999361e+00,9.611122383159144134e-01,1.996627248247803818e-15,1.000000000000000000e+00,9.188565806367593458e-01
1.222499999999999254e+00,9.660284524793828487e-01,-2.641793887910859437e-16,1.000000000000000000e+00,9.188565806367593458e-01
1.227499999999999147e+00,9.709658977542307001e-01,-1.942487329111283330e-15,1.000000000000000000e+00,9.188565806367593458e-01
1.232499999999999041e+00,9.759214883978800659e-01,-2.872501389967307811e-15,1.000000000000000000e+00,9.188565806367593458e-01
1.237499999999999822e+00,9.808921273274928687e-01,-2.879711407730376327e-15,1.000000000000000000e+00,9.188565806367593458e-01
1.242499999999999716e+00,9.858747080555368969e-01,-1.774282041570849982e-15,1.000000000000000000e+00,9.188565806367593458e-01
1.247499999999999609e+00,9.908661166312481283e-01,6.610505294695206891e-16,1.000000000000000000e+00,9.188565806367593458e-01
1.252499999999999503e+00,9.958632335867444452e-01,2.413032723343024873e-15,1.000000000000000000e+00,9.188565806367593458e-01
1.257499999999999396e+00,1.000862935886591254e+00,2.799212645932881169e-15,1.000000000000000000e+00,9.188565806367593458e-01
1.262499999999999289e+00,1.005862098879598765e+00,1.655498496379178986e-15,1.000000000000000000e+00,9.188565806367593458e-01
1.267499999999999183e+00,1.010857598251626133e+00,-5.748740790800811620e-16,1.000000000000000000e+00,9.188565806367593458e-01
1.272499999999999076e+00,1.015846311978176209e+00,-2.830713440079547918e-15,1.000000000000000000e+00,9.188565806367593458e-01
1.277499999999999858e+00,1.020825122275560437e+00,-3.428502309500806429e-15,1.000000000000000000e+00,9.188565806367593458e-01
1.282499999999999751e+00,1.025790917549408654e+00,-2.838406092855661707e-15,1.000000000000000000e+00,9.188565806367593458e-01
1.287499999999999645e+00,1.030740594339319083e+00,-2.695951233297943979e-15,1.000000000000000000e+00,9.188565806367593458e-01
1.292499999999999538e+00,1.035671059258417070e+00,-3.027908407002079498e-15,1.000000000000000000e+00,9.188565806367593458e-01
1.297499999999999432e+00,1.040579230926621523e+00,-2.300227461583315989e-15,1.000000000000000000e+00,9.188565806367593458e-01
1.302499999999999325e+00,1.045462041896407790e+00,-1.929878889663520962e-16,1.000000000000000000e+00,9.188565806367593458e-01
1.307499999999999218e+00,1.050316440569862397e+00,1.792692110103088700e-15,1.000000000000000000e+00,9.188565806367593458e-01
1.312499999999999112e+00,1.055139393105831491e+00,2.522927529755210355e-15,1.000000000000000000e+00,9.188565806367593458e-01
1.317499999999999005e+00,1.059927885315974150e+00,1.336715524429346672e-15,1.000000000000000000e+00,9.188565806367593458e-01
1.322499999999999787e+00,1.064678924548531969e+00,-2.218874147901265287e-16,1.000000000000000000e+00,9.188565806367593458e-01
1.327499999999999680e+00,1.069389541558636303e+00,-1.166060945580522234e-15,1.000000000000000000e+00,9.188565806367593458e-01
1.332499999999999574e+00,1.074056792363993207e+00,-1.056751563220863638e-15,1.000000000000000000e+00,9.188565806367593458e-01
1.337499999999999467e+00,1.078677760084775450e+00,-2.342959672607992175e-18,1.000000000000000000e+00,9.188565806367593458e-01
1.342499999999999361e+00,1.083249556766576305e+00,1.351580644965311663e-15,1.000000000000000000e+00,9.188565806367593458e-01
1.347499999999999254e+00,1.087769325185288238e+00,1.796505155999940128e-15,1.000000000000000000e+00,9.188565806367593458e-01
1.352499999999999147e+00,1.092234240632774078e+00,1.697269651189188814e-15,1.000000000000000000e+00,9.188565806367593458e-01
1.357499999999999041e+00,1.096641512682218655e+00,1.741078571275090455e-15,1.000000000000000000e+00,9.188565806367593458e-01
1.362499999999999822e+00,1.100988386932054697e+00,1.792415207641240536e-15,1.000000000000000000e+00,9.188565806367593458e-01
1.367499999999999716e+00,1.105272146727371396e+00,1.321436850807446869e-15,1.000000000000000000e+00,9.188565806367593458e-01
1.372499999999999609e+00,1.109490114857739629e+00,-5.193949327371418870e-16,1.000000000000000000e+00,9.188565806367593458e-01
1.377499999999999503e+00,1.113639655230378889e+00,-2.385043231160401384e-15,1.000000000000000000e+00,9.188565806367593458e-01
1.382499999999999396e+00,1.117718174517629670e+00,-3.431731387464460238e-15,1.000000000000000000e+00,9.188565806367593458e-01
1.387499999999999289e+00,1.121723123777698783e+00,-3.310966358503566858e-15,1.000000000000000000e+00,9.188565806367593458e-01
1.392499999999999183e+00,1.125652000047665746e+00,-2.169228011364012204e-15,1.000000000000000000e+00,9.188565806367593458e-01
1.397499999999999076e+00,1.129502347907751947e+00,-6.475141013171354111e-16,1.000000000000000000e+00,9.188565806367593458e-01
1.402499999999998970e+00,1.133271761015879342e+00,1.255137977667089652e-16,1.000000000000000000e+00,9.188565806367593458e-01
1.407499999999999751e+00,1.136957883611555475e+00,1.164087593604446079e-15,1.000000000000000000e+00,9.188565806367593458e-01
1.412499999999999645e+00,1.140558411988145338e+00,1.531763678446927720e-15,1.000000000000000000e+00,9.188565806367593458e-01
1.417499999999999538e+00,1.144071095932616355e+00,9.184762854071263462e-16,1.000000000000000000e+00,9.188565806367593458e-01
1.422499999999999432e+00,1.147493740131846129e+00,-3.819876972067669328e-16,1.000000000000000000e+00,9.188565806367593458e-01
1.427499999999999325e+00,1.150824205544622059e+00,-1.490675521644440722e-15,1.000000000000000000e+00,9.188565806367593458e-01
1.432499999999999218e+00,1.154060410738472431e+00,-9.543373071638365237e-16,1.000000000000000000e+00,9.188565806367593458e-01
1.437499999999999112e+00,1.157200333190494090e+00,6.350620986772700082e-16,1.000000000000000000e+00,9.188565806367593458e-01
1.442499999999999005e+00,1.160242010551363334e+00,2.847450887527235413e-15,1.000000000000000000e+00,9.188565806367593458e-01
1.447499999999999787e+00,1.163183541871741333e+00,4.621365073782228017e-15,1.000000000000000000e+00,9.188565806367593458e-01
1.452499999999999680e+00,1.166023088790302253e+00,4.259366618749843455e-15,1.000000000000000000e+00,9.188565806367593458e-01
1.457499999999999574e+00,1.168758876682654213e+00,1.924554029653816032e-15,1.000000000000000222e+00,9.188565806367593458e-01
1.462499999999999467e+00,1.171389195770418112e+00,-9.943070617425056986e-16,1.000000000000000222e+00,9.188565806367593458e-01
1.467499999999999361e+00,1.173912402189784654e+00,-3.337415137614074604e-15,1.000000000000000000e+00,9.188565806367593458e-01
1.472499999999999254e+00,1.176326919018875650e+00,-4.407971885666791949e-15,1.000000000000000000e+00,9.188565806367593458e-01
1.477499999999999147e+00,1.178631237263268794e+00,-3.975836875281935834e-15,1.000000000000000000e+00,9.188565806367593458e-01
1.482499999999999041e+00,1.180823916799070172e+00,-2.274524685635353379e-15,1.000000000000000000e+00,9.188565806367593458e-01
1.487499999999999822e+00,1.182903587272945201e+00,0.000000000000000000e+00,1.000000000000000000e+00,9.188565806367593458e-01
1.492499999999999716e+00,1.184868948958543111e+00,1.683819713343712049e-15,1.000000000000000000e+00,9.188565806367593458e-01
1.497499999999999609e+00,1.186718773568785856e+00,2.935395524412749015e-15,1.000000000000000000e+00,9.188565806367593458e-01
1.502499999999999503e+00,1.188451905023506505e+00,2.506708099718125413e-15,1.000000000000000000e+00,9.188565806367593458e-01
1.507499999999999396e+00,1.190067260171961738e+00,3.214456766811460769e-16,1.000000000000000222e+00,9.188565806367593458e-01
1.512499999999999289e+00,1.191563829469766134e+00,-2.536052469288480014e-15,1.000000000000000000e+00,9.188565806367593458e-01
1.517499999999999183e+00,1.192940677609823474e+00,-3.298384389900232923e-15,1.000000000000000000e+00,9.188565806367593458e-01
1.522499999999999076e+00,1.194196944106865166e+00,-1.576302170894956583e-15,1.000000000000000000e+00,9.188565806367593458e-01
1.527499999999998970e+00,1.195331843835223173e+00,5.470769172934750022e-16,1.000000000000000000e+00,9.188565806367593458e-01
1.532499999999999751e+00,1.196344667519510629e+00,1.092212592810055250e-15,1.000000000000000000e+00,9.188565806367593458e-01
1.537499999999999645e+00,1.197234782177892809e+00,7.420710758248866545e-16,1.000000000000000000e+00,9.188565806367593458e-01
1.542499999999999538e+00,1.198001631517683130e+00,1.171206669366611364e-16,1.000000000000000000e+00,9.188565806367593458e-01
1.547499999999999432e+00,1.198644736283006385e+00,-2.319505364036279046e-16,1.000000000000000000e+00,9.188565806367593458e-01
1.552499999999999325e+00,1.199163694554318038e+00,1.744633545622963027e-16,1.000000000000000000e+00,9.188565806367593458e-01
1.557499999999999218e+00,1.199558181999591078e+00,4.335099943958352648e-16,1.000000000000000000e+00,9.188565806367593458e-01
1.562499999999999112e+00,1.199827952077014093e+00,1.909252729579302465e-16,1.000000000000000000e+00,9.188565806367593458e-01
1.567499999999999005e+00,1.199972836189069358e+00,-4.884390150625702379e-17,1.000000000000000000e+00,9.188565806367593458e-01
1.572499999999999787e+00,1.199992743787903215e+00,3.626113134692009420e-17,1.000000000000000000e+00,9.188565806367593458e-01
1.577499999999999680e+00,1.199887662431914359e+00,-1.667622741282411107e-16,1.000000000000000000e+00,9.188565806367593458e-01
1.582499999999999574e+00,1.199657657793530063e+00,-3.316914939248441655e-16,1.000000000000000000e+00,9.188565806367593458e-01
1.587499999999999467e+00,1.199302873618162124e+00,-2.916941938481997198e-16,1.000000000000000000e+00,9.188565806367593458e-01
1.592499999999999361e+00,1.198823531634371387e+00,-4.272578829124027638e-17,1.000000000000000000e+00,9.188565806367593458e-01
1.597499999999999254e+00,1.198219931415294592e+00,2.441806942405258683e-16,1.000000000000000000e+00,9.188565806367593458e-01
1.602499999999999147e+00,1.197492450191420366e+00,1.990926723228191623e-16,1.000000000000000000e+00,9.188565806367593458e-01
1.607499999999999041e+00,1.196641542614833353e+00,4.187385307990841429e-17,1.000000000000000000e+00,9.188565806367593458e-01
1.612499999999999822e+00,1.195667740475070406e+00,-7.027306175484939367e-17,1.000000000000000000e+00,9.188565806367593458e-01
1.617499999999999716e+00,1.194571652366770653e+00,-4.317194241921194954e-17,1.000000000000000000e+00,9.188565806367593458e-01
1.622499999999999609e+00,1.193353963309322419e+00,1.445998287806388193e-16,1.000000000000000000e+00,9.188565806367593458e-01
1.627499999999999503e+00,1.192015434318748790e+00,1.935248353167495238e-16,1.000000000000000000e+00,9.188565806367593458e-01
1.632499999999999396e+00,1.190556901932098288e+00,3.646598035063973652e-17,1.000000000000000000e+00,9.188565806367593458e-01
1.637499999999999289e+00,1.188979277684635294e+00,-1.691230908216335011e-16,1.000000000000000000e+00,9.188565806367593458e-01
1.642499999999999183e+00,1.187283547540160411e+00,-4.075214445002348732e-17,1.000000000000000000e+00,9.188565806367593458e-01
1.647499999999999076e+00,1.185470771274815593e+00,-2.822344537191905341e-16,1.000000000000000000e+00,9.188565806367593458e-01
1.652499999999998970e+00,1.183542081814757951e+00,-1.042537815877537524e-15,1.000000000000000000e+00,9.188565806367593458e-01
1.657499999999999751e+00,1.181498684528118792e+00,-1.078284423567956376e-15,1.000000000000000000e+00,9.188565806367593458e-01
1.662499999999999645e+00,1.179341856471686878e+00,-3.495587650610767961e-16,1.000000000000000000e+00,9.188565806367593458e-01
1.667499999999999538e+00,1.177072945592789521e+00,-3.791795323530722191e-17,1.000000000000000000e+00,9.188565806367593458e-01
1.672499999999999432e+00,1.174693369886870231e+00,0.000000000000000000e+00,1.000000000000000000e+00,9.188565806367593458e-01
1.677499999999999325e+00,1.172204616511286268e+00,0.000000000000000000e+00,1.000000000000000000e+00,9.188565806367593458e-01
1.682499999999999218e+00,1.169608240855884551e+00,0.000000000000000000e+00,1.000000000000000000e+00,9.188565806367593458e-01
1.687499999999999112e+00,1.166905865570934786e+00,0.000000000000000000e+00,1.000000000000000000e+00,9.188565806367593458e-01
1.692499999999999005e+00,1.164099179553023777e+00,0.000000000000000000e+00,1.000000000000000000e+00,9.188565806367593458e-01
1.697499999999999787e+00,1.161189936889550189e+00,6.852669974070869653e-17,1.000000000000000000e+00,9.188565806367593458e-01
1.702499999999999680e+00,1.158179955762480118e+00,2.278454168368878065e-17,1.000000000000000000e+00,9.188565806367593458e-01
1.707499999999999574e+00,1.155071117312038709e+00,-9.173557544493663920e-17,1.000000000000000000e+00,9.188565806367593458e-01
1.712499999999999467e+00,1.151865364461059915e+00,0.000000000000000000e+00,1.000000000000000000e+00,9.188565806367593458e-01
1.717499999999999361e+00,1.148564700700723584e+00,8.050851599226225237e-16,1.000000000000000000e+00,9.188565806367593458e-01
1.722499999999999254e+00,1.145171188838439269e+00,1.610946994127197220e-15,1.000000000000000000e+00,9.188565806367593458e-01
1.727499999999999147e+00,1.141686949708657250e+00,1.982590468804661209e-15,1.000000000000000000e+00,9.188565806367593458e-01
1.732499999999999041e+00,1.138114160847416789e+00,1.751968638858103523e-15,1.000000000000000000e+00,9.188565806367593458e-01
1.737499999999998934e+00,1.134455055131456280e+00,1.879122733672038212e-15,1.000000000000000000e+00,9.188565806367593458e-01
1.742499999999999716e+00,1.130711919382739072e+00,1.468109064463293037e-15,1.000000000000000000e+00,9.188565806367593458e-01
1.747499999999999609e+00,1.126887092939265367e+00,-3.938848356142008218e-17,1.000000000000000000e+00,9.188565806367593458e-01
1.752499999999999503e+00,1.122982966193057264e+00,-1.025951402419732003e-15,1.000000000000000444e+00,9.188565806367593458e-01
1.757499999999999396e+00,1.119001979096246879e+00,-2.144565592016223618e-15,1.000000000000000000e+00,9.188565806367593458e-01
1.762499999999999289e+00,1.114946619636183245e+00,-3.656019867845413219e-15,1.000000000000000000e+00,9.188565806367593458e-01
1.767499999999999183e+00,1.110819422280520996e+00,-2.724088381358058316e-15,1.000000000000000000e+00,9.188565806367593458e-01
1.772499999999999076e+00,1.106622966393261187e+00,-4.416706460208761692e-17,1.000000000000000000e+00,9.188565806367593458e-01
1.777499999999998970e+00,1.102359874622732772e+00,2.434557773961135534e-15,1.000000000000000000e+00,9.188565806367593458e-01
1.782499999999999751e+00,1.098032811262522834e+00,3.185665259079633240e-15,1.000000000000000000e+00,9.188565806367593458e-01
1.787499999999999645e+00,1.093644480586379641e+00,1.105791088473332645e-15,1.000000000000000222e+00,9.188565806367593458e-01
1.792499999999999538e+00,1.089197625158129457e+00,-1.813546086427781016e-15,1.000000000000000000e+00,9.188565806367593458e-01
1.797499999999999432e+00,1.084695024117663831e+00,-3.117341975444854763e-15,1.000000000000000000e+00,9.188565806367593458e-01
1.802499999999999325e+00,1.080139491444066735e+00,-1.942084276645181857e-15,1.000000000000000000e+00,9.188565806367593458e-01
1.807499999999999218e+00,1.075533874196969775e+00,9.508192916641555900e-16,1.000000000000000000e+00,9.188565806367593458e-01
1.812499999999999112e+00,1.070881050737233497e+00,3.137152557390652479e-15,1.000000000000000000e+00,9.188565806367593458e-01
1.817499999999999005e+00,1.066183928928064573e+00,2.925448191422442201e-15,1.000000000000000000e+00,9.188565806367593458e-01
1.822499999999999787e+00,1.061445444317694609e+00,9.771762430207581655e-16,1.000000000000000000e+00,9.188565806367593458e-01
1.827499999999999680e+00,1.056668558304762140e+00,3.389907321433726281e-16,1.000000000000000000e+00,9.188565806367593458e-01
1.832499999999999574e+00,1.051856256287530877e+00,9.707645830181392098e-16,1.000000000000000000e+00,9.188565806367593458e-01
1.837499999999999467e+00,1.047011545798113730e+00,1.364079933470076536e-15,1.000000000000000000e+00,9.188565806367593458e-01
1.842499999999999361e+00,1.042137454622864334e+00,1.279111019342572794e-15,1.000000000000000000e+00,9.188565806367593458e-01
1.847499999999999254e+00,1.037237028910109160e+00,1.377785298436737525e-15,1.000000000000000000e+00,9.188565806367593458e-01
1.852499999999999147e+00,1.032313331266403011e+00,1.254481788864352387e-15,1.000000000000000000e+00,9.188565806367593458e-01
1.857499999999999041e+00,1.027369438842499649e+00,1.455964116446717006e-15,1.000000000000000000e+00,9.188565806367593458e-01
1.862499999999998934e+00,1.022408441410233237e+00,1.972452463306128956e-15,1.000000000000000000e+00,9.188565806367593458e-01
1.867499999999999716e+00,1.017433439431510767e+00,1.453833839724082782e-15,1.000000000000000000e+00,9.188565806367593458e-01
1.872499999999999609e+00,1.012447542120627819e+00,0.000000000000000000e+00,1.000000000000000000e+00,9.188565806367593458e-01
1.877499999999999503e+00,1.007453865501104051e+00,-2.068510296005479848e-15,1.000000000000000000e+00,9.188565806367593458e-01
1.882499999999999396e+00,1.002455530458275845e+00,-3.847808865323036873e-15,1.000000000000000000e+00,9.188565806367593458e-01
1.887499999999999289e+00,9.974556607888425130e-01,-4.767943949595382991e-15,1.000000000000000000e+00,9.188565806367593458e-01
1.892499999999999183e+00,9.924573812485943947e-01,-4.593287839122336759e-15,1.000000000000000000e+00,9.188565806367593458e-01
1.897499999999999076e+00,9.874638155995426603e-01,-3.415972028289011379e-15,1.000000000000000000e+00,9.188565806367593458e-01
1.902499999999998970e+00,9.824780846576708360e-01,-1.668187329328120544e-15,1.000000000000000000e+00,9.188565806367593458e-01
1.907499999999999751e+00,9.775033043425246371e-01,-1.380735016531582410e-16,1.000000000000000000e+00,9.188565806367593458e-01
1.912499999999999645e+00,9.725425837298656839e-01,0.000000000000000000e+00,1.000000000000000000e+00,9.188565806367593458e-01
1.917499999999999538e+00,9.675990231085980220e-01,0.000000000000000000e+00,1.000000000000000000e+00,9.188565806367593458e-01
1.922499999999999432e+00,9.626757120431905790e-01,1.686196155949149029e-17,1.000000000000000000e+00,9.188565806367593458e-01
1.927499999999999325e+00,9.577757274427981526e-01,2.100187789077483433e-17,1.000000000000000000e+00,9.188565806367593458e-01
1.932499999999999218e+00,9.529021316382941809e-01,8.230813176898069742e-18,1.000000000000000000e+00,9.188565806367593458e-01
1.937499999999999112e+00,9.480579704684144460e-01,-9.514678301376394679e-18,1.000000000000000000e+00,9.188565806367593458e-01
1.942499999999999005e+00,9.432462713762062023e-01,-2.090198335274809548e-17,1.000000000000000000e+00,9.188565806367593458e-01
1.947499999999998899e+00,9.384700415169743293e-01,-1.646793610984258805e-17,1.000000000000000000e+00,9.188565806367593458e-01
1.952499999999999680e+00,9.337322658789062313e-01,0.000000000000000000e+00,1.000000000000000000e+00,9.188565806367593458e-01
1.957499999999999574e+00,9.290359054175574283e-01,0.000000000000000000e+00,1.000000000000000000e+00,9.188565806367593458e-01
1.962499999999999467e+00,9.243838952053415881e-01,1.565568847891455833e-16,1.000000000000000000e+00,9.188565806367593458e-01
1.967499999999999361e+00,9.197791425972117185e-01,1.122432119661497608e-16,1.000000000000000000e+00,9.188565806367593458e-01
1.972499999999999254e+00,9.152245254136568420e-01,-8.168918397866121996e-17,1.000000000000000000e+00,9.188565806367593458e-01
1.977499999999999147e+00,9.107228901421580147e-01,1.525034777290749671e-17,1.000000000000000000e+00,9.188565806367593458e-01
1.982499999999999041e+00,9.062770501582249061e-01,-8.455886294017946226e-17,1.000000000000000000e+00,9.188565806367593458e-01
1.987499999999998934e+00,9.018897839671289329e-01,1.282824701452804859e-17,1.000000000000000000e+00,9.188565806367593458e-01
1.992499999999999716e+00,8.975638334674274077e-01,1.781058060265307917e-18,1.000000000000000000e+00,9.188565806367593458e-01
1.997499999999999609e+00,8.933019022373686058e-01,-7.478345082875852480e-18,1.000000000000000000e+00,9.188565806367593458e-01
2.002499999999999503e+00,8.891066538452380152e-01,-8.616744348197128265e-18,1.000000000000000000e+00,9.188565806367593458e-01
2.007499999999999396e+00,8.849807101847200208e-01,-1.182307190611937390e-16,1.000000000000000000e+00,9.188565806367593458e-01
2.012499999999999289e+00,8.809266498362973152e-01,-5.271171470183791226e-18,1.000000000000000000e+00,9.188565806367593458e-01
2.017499999999999183e+00,8.769470064557221001e-01,0.000000000000000000e+00,1.000000000000000000e+00,9.188565806367593458e-01
2.022499999999999076e+00,8.730442671905638274e-01,0.000000000000000000e+00,1.000000000000000000e+00,9.188565806367593458e-01
2.027499999999998970e+00,8.692208711258240239e-01,1.702545079056276010e-16,1.000000000000000000e+00,9.188565806367593458e-01
2.032499999999999751e+00,8.654792077595858668e-01,1.096794613407486631e-15,1.000000000000000000e+00,9.188565806367593458e-01
2.037499999999999645e+00,8.618216155096574127e-01,1.548047364149005315e-15,1.000000000000000000e+00,9.188565806367593458e-01
2.042499999999999538e+00,8.582503802521348479e-01,1.478671131372017867e-15,1.000000000000000000e+00,9.188565806367593458e-01
2.047499999999999432e+00,8.547677338928056923e-01,1.411965743194211917e-15,1.000000000000000000e+00,9.188565806367593458e-01
2.052499999999999325e+00,8.513758529722792456e-01,1.702446915118922012e-15,1.000000000000000000e+00,9.188565806367593458e-01
2.057499999999999218e+00,8.480768573057199111e-01,2.142501834180880038e-15,1.000000000000000000e+00,9.188565806367593458e-01
2.062499999999999112e+00,8.448728086580328256e-01,2.564771709982645997e-15,1.000000000000000000e+00,9.188565806367593458e-01
2.067499999999999005e+00,8.417657094553265829e-01,2.829739675676054354e-15,1.000000000000000000e+00,9.188565806367593458e-01
2.072499999999998899e+00,8.387575015334622908e-01,2.834964852121976015e-15,1.000000000000000000e+00,9.188565806367593458e-01
2.077499999999999680e+00,8.358500649244687830e-01,2.530098366529733954e-15,1.000000000000000000e+00,9.188565806367593458e-01
2.082499999999999574e+00,8.330452166815873749e-01,1.923128380578319105e-15,1.000000000000000000e+00,9.188565806367593458e-01
2.087499999999999467e+00,8.303447097436670310e-01,1.088546618815306368e-15,1.000000000000000000e+00,9.188565806367593458e-01
2.092499999999999361e+00,8.277502318396386949e-01,1.852733716123974347e-16,1.000000000000000000e+00,9.188565806367593458e-01
2.097499999999999254e+00,8.252634044337385788e-01,-5.336556886607894609e-16,1.000000000000000000e+00,9.188565806367593458e-01
2.102499999999999147e+00,8.228857817121458806e-01,-6.841604503033595929e-16,1.000000000000000000e+00,9.188565806367593458e-01
2.107499999999999041e+00,8.206188496116663122e-01,-4.798501843459312287e-16,1.000000000000000000e+00,9.188565806367593458e-01
2.112499999999998934e+00,8.184640248910708404e-01,-3.571755137375763647e-16,1.000000000000000000e+00,9.188565806367593458e-01
2.117499999999999716e+00,8.164226542456670677e-01,-9.730846247925642748e-16,1.000000000000000000e+00,9.188565806367593458e-01
2.122499999999999609e+00,8.144960134656595852e-01,-3.112698568195111231e-15,1.000000000000000000e+00,9.188565806367593458e-01
2.127499999999999503e+00,8.126853066388205482e-01,-3.965955008841107685e-15,1.000000000000000000e+00,9.188565806367593458e-01
2.132499999999999396e+00,8.109916653979758472e-01,-3.338580256730397024e-15,1.000000000000000000e+00,9.188565806367593458e-01
2.137499999999999289e+00,8.094161482137705033e-01,-2.914753371300906640e-15,1.000000000000000000e+00,9.188565806367593458e-01
2.142499999999999183e+00,8.079597397331594877e-01,-3.128961086195934892e-15,1.000000000000000000e+00,9.188565806367593458e-01
2.147499999999999076e+00,8.066233501640347470e-01,-2.721913521447739863e-15,1.000000000000000000e+00,9.188565806367593458e-01
2.152499999999998970e+00,8.054078147063757909e-01,-1.771598551224579252e-15,1.000000000000000000e+00,9.188565806367593458e-01
2.157499999999998863e+00,8.043138930302763390e-01,-5.159352994805480275e-16,1.000000000000000000e+00,9.188565806367593458e-01
2.162499999999999645e+00,8.033422688011750967e-01,6.398865732723889535e-16,1.000000000000000000e+00,9.188565806367593458e-01
2.167499999999999538e+00,8.024935492525876457e-01,1.097149395138001158e-15,1.000000000000000000e+00,9.188565806367593458e-01
2.172499999999999432e+00,8.017682648066050133e-01,5.144639976798930752e-16,1.000000000000000000e+00,9.188565806367593458e-01
2.177499999999999325e+00,8.011668687423966206e-01,2.984538626826679832e-16,1.000000000000000000e+00,9.188565806367593458e-01
2.182499999999999218e+00,8.006897369129264419e-01,4.434071323354173998e-16,1.000000000000000000e+00,9.188565806367593458e-01
2.187499999999999112e+00,8.003371675100565685e-01,3.712302689096214390e-16,1.000000000000000000e+00,9.188565806367593458e-01
2.192499999999999005e+00,8.001093808781870598e-01,2.885424547797398812e-16,1.000000000000000000e+00,9.188565806367593458e-01
2.197499999999998899e+00,8.000065193765482086e-01,9.128047583154988578e-16,1.000000000000000000e+00,9.188565806367593458e-01
2.202499999999999680e+00,8.000286472902301549e-01,2.476805374831732570e-15,1.000000000000000000e+00,9.188565806367593458e-01
2.207499999999999574e+00,8.001757507900072453e-01,3.108617051611329014e-15,1.000000000000000000e+00,9.188565806367593458e-01
2.212499999999999467e+00,8.004477379409804527e-01,1.957869817922898505e-15,1.000000000000000000e+00,9.188565806367593458e-01
2.217499999999999361e+00,8.008444387600343051e-01,-8.178411960000381559e-16,1.000000000000000222e+00,9.188565806367593458e-01
2.222499999999999254e+00,8.013656053220692410e-01,-3.342077755373507964e-15,1.000000000000000000e+00,9.188565806367593458e-01
2.227499999999999147e+00,8.020109119149493315e-01,-4.305790489813955055e-15,1.000000000000000000e+00,9.188565806367593458e-01
2.232499999999999041e+00,8.027799552430596730e-01,-2.727447191772369579e-15,1.000000000000000000e+00,9.188565806367593458e-01
2.237499999999998934e+00,8.036722546793535482e-01,-6.893740309463481716e-16,1.000000000000000000e+00,9.188565806367593458e-01
2.242499999999999716e+00,8.046872525657289277e-01,-1.883606303289254920e-16,1.000000000000000000e+00,9.188565806367593458e-01
2.247499999999999609e+00,8.058243145615462399e-01,-1.719555528818817276e-17,1.000000000000000000e+00,9.188565806367593458e-01
2.252499999999999503e+00,8.070827300400711390e-01,0.000000000000000000e+00,1.000000000000000000e+00,9.188565806367593458e-01
2.257499999999999396e+00,8.084617125325928022e-01,1.340904431597409114e-16,1.000000000000000000e+00,9.188565806367593458e-01
2.262499999999999289e+00,8.099604002199412012e-01,1.599114763951261290e-15,1.000000000000000000e+00,9.188565806367593458e-01
2.267499999999999183e+00,8.115778564710960374e-01,3.095529263903965500e-15,1.000000000000000000e+00,9.188565806367593458e-01
2.272499999999999076e+00,8.133130704285509438e-01,3.864959623090587878e-15,1.000000000000000000e+00,9.188565806367593458e-01
2.277499999999998970e+00,8.151649576400661346e-01,3.664509014098117652e-15,1.000000000000000000e+00,9.188565806367593458e-01
2.282499999999998863e+00,8.171323607364159303e-01,2.746724113266721366e-15,1.000000000000000000e+00,9.188565806367593458e-01
2.287499999999999645e+00,8.192140501547071629e-01,1.848947305538720498e-15,1.000000000000000000e+00,9.188565806367593458e-01
2.292499999999999538e+00,8.214087249068147134e-01,2.165808507927984510e-15,1.000000000000000000e+00,9.188565806367593458e-01
2.297499999999999432e+00,8.237150133924584505e-01,2.862167894287451238e-15,1.000000000000000000e+00,9.188565806367593458e-01
2.302499999999999325e+00,8.261314742564078717e-01,2.219954475843374049e-15,1.000000000000000000e+00,9.188565806367593458e-01
2.307499999999999218e+00,8.286565972892823151e-01,7.560475590170987125e-16,1.000000000000000000e+00,9.188565806367593458e-01
2.312499999999999112e+00,8.312888043713825281e-01,0.000000000000000000e+00,1.000000000000000000e+00,9.188565806367593458e-01
2.317499999999999005e+00,8.340264504589638417e-01,-5.578725842189362542e-16,1.000000000000000000e+00,9.188565806367593458e-01
2.322499999999998899e+00,8.368678246123361086e-01,-2.152722213915081961e-15,1.000000000000000000e+00,9.188565806367593458e-01
2.327499999999999680e+00,8.398111510651449230e-01,-4.188767436333016460e-15,1.000000000000000000e+00,9.188565806367593458e-01
2.332499999999999574e+00,8.428545903341650991e-01,-3.819304825774491288e-15,1.000000000000000000e+00,9.188565806367593458e-01
2.337499999999999467e+00,8.459962403689224031e-01,-1.682326574328484610e-15,1.000000000000000000e+00,9.188565806367593458e-01
2.342499999999999361e+00,8.492341377404104552e-01,1.221966775365262521e-15,9.999999999999997780e-01,9.188565806367593458e-01
2.347499999999999254e+00,8.525662588681705012e-01,3.761323555035607900e-15,1.000000000000000000e+00,9.188565806367593458e-01
2.352499999999999147e+00,8.559905212849621137e-01,4.666122978065272517e-15,1.000000000000000000e+00,9.188565806367593458e-01
2.357499999999999041e+00,8.595047849382395633e-01,2.524998699246151154e-15,1.000000000000000000e+00,9.188565806367593458e-01
2.362499999999998934e+00,8.631068535276142928e-01,2.090083507824447428e-17,1.000000000000000000e+00,9.188565806367593458e-01
2.367499999999998828e+00,8.667944758774699388e-01,-2.153773354686669258e-15,1.000000000000000000e+00,9.188565806367593458e-01
2.372499999999999609e+00,8.705653473438755841e-01,-3.761567256180452844e-15,1.000000000000000000e+00,9.188565806367593458e-01
2.377499999999999503e+00,8.744171112549110614e-01,-4.367000024398261791e-15,1.000000000000000000e+00,9.188565806367593458e-01
2.382499999999999396e+00,8.783473603835127985e-01,-3.333608091763788555e-15,1.000000000000000000e+00,9.188565806367593458e-01
2.387499999999999289e+00,8.823536384519101716e-01,-2.221034172240509885e-15,1.000000000000000000e+00,9.188565806367593458e-01
2.392499999999999183e+00,8.864334416667207783e-01,-1.760452855060746351e-15,1.000000000000000000e+00,9.188565806367593458e-01
2.397499999999999076e+00,8.905842202837388477e-01,-1.853205504540647097e-15,1.000000000000000000e+00,9.188565806367593458e-01
2.402499999999998970e+00,8.948033802014422333e-01,-1.983475652308212562e-15,1.000000000000000000e+00,9.188565806367593458e-01
2.407499999999998863e+00,8.990882845822215641e-01,-1.593186380197112103e-15,1.000000000000000000e+00,9.188565806367593458e-01
2.412499999999999645e+00,9.034362555003199180e-01,-1.088462004763195049e-16,1.000000000000000000e+00,9.188565806367593458e-01
2.417499999999999538e+00,9.078445756154442936e-01,1.382108453719511287e-15,1.000000000000000000e+00,9.188565806367593458e-01
2.422499999999999432e+00,9.123104898710201471e-01,3.074461638496999852e-15,1.000000000000000000e+00,9.188565806367593458e-01
2.427499999999999325e+00,9.168312072160098580e-01,4.365592258923826085e-15,1.000000000000000000e+00,9.188565806367593458e-01
2.432499999999999218e+00,9.214039023492287539e-01,3.594360276717004122e-15,1.000000000000000000e+00,9.188565806367593458e-01
2.437499999999999112e+00,9.260257174850663464e-01,9.595573511348291083e-16,1.000000000000000222e+00,9.188565806367593458e-01
2.442499999999999005e+00,9.306937641395079952e-01,-1.534509574571339530e-15,1.000000000000000000e+00,9.188565806367593458e-01
2.447499999999998899e+00,9.354051249353473318e-01,-2.750042561702111317e-15,1.000000000000000000e+00,9.188565806367593458e-01
2.452499999999999680e+00,9.401568554254494670e-01,-2.461880534851106826e-15,1.000000000000000000e+00,9.188565806367593458e-01
2.457499999999999574e+00,9.449459859329308875e-01,-1.360128964227267617e-15,1.000000000000000000e+00,9.188565806367593458e-01
2.462499999999999467e+00,9.497695234071187320e-01,-1.032038985967890608e-15,1.000000000000000000e+00,9.188565806367593458e-01
2.467499999999999361e+00,9.546244532941049465e-01,-1.095205022768945964e-15,1.000000000000000000e+00,9.188565806367593458e-01
2.472499999999999254e+00,9.595077414207444644e-01,-1.165437772084997108e-15,1.000000000000000000e+00,9.188565806367593458e-01
2.477499999999999147e+00,9.644163358909157990e-01,-8.629969311345417080e-16,1.000000000000000000e+00,9.188565806367593458e-01
2.482499999999999041e+00,9.693471689928570001e-01,1.793808761583486195e-16,1.000000000000000000e+00,9.188565806367593458e-01
2.487499999999998934e+00,9.742971591163852585e-01,6.521505965664839425e-16,1.000000000000000000e+00,9.188565806367593458e-01
2.492499999999998828e+00,9.792632126788022306e-01,4.412139107341525245e-16,1.000000000000000000e+00,9.188565806367593458e-01
2.497499999999999609e+00,9.842422260582837090e-01,7.401435747440475514e-16,1.000000000000000000e+00,9.188565806367593458e-01
2.502499999999999503e+00,9.892310875335408316e-01,1.206226679021995972e-15,1.000000000000000000e+00,9.188565806367593458e-01
2.507499999999999396e+00,9.942266792285461285e-01,1.498935924318973817e-15,1.000000000000000000e+00,9.188565806367593458e-01
2.512499999999999289e+00,9.992258790611036057e-01,1.301547956221294723e-15,1.000000000000000000e+00,9.188565806367593458e-01
2.517499999999999183e+00,1.004225562694049056e+00,1.944714407280218220e-15,1.000000000000000000e+00,9.188565806367593458e-01
2.522499999999999076e+00,1.009222605487859248e+00,3.629506552552805869e-15,1.000000000000000000e+00,9.188565806367593458e-01
2.527499999999998970e+00,1.014213884453448289e+00,4.372069969172791057e-15,1.000000000000000000e+00,9.188565806367593458e-01
2.532499999999998863e+00,1.019196280203935379e+00,2.845412657028659295e-15,1.000000000000000000e+00,9.188565806367593458e-01
2.537499999999999645e+00,1.024166678904161909e+00,7.499211582158207221e-16,1.000000000000000000e+00,9.188565806367593458e-01
2.542499999999999538e+00,1.029121974216732127e+00,6.282127404173866035e-18,1.000000000000000000e+00,9.188565806367593458e-01
2.547499999999999432e+00,1.034059069243377760e+00,0.000000000000000000e+00,1.000000000000000000e+00,9.188565806367593458e-01
2.552499999999999325e+00,1.038974878460416695e+00,-2.407136231642566365e-16,1.000000000000000000e+00,9.188565806367593458e-01
2.557499999999999218e+00,1.043866329647105351e+00,-8.178215611739362168e-16,1.000000000000000000e+00,9.188565806367593458e-01
2.562499999999999112e+00,1.048730365805675246e+00,-4.871742629853621609e-16,1.000000000000000000e+00,9.188565806367593458e-01
2.567499999999999005e+00,1.053563947071858076e+00,5.862963651861395652e-16,1.000000000000000000e+00,9.188565806367593458e-01
2.572499999999998899e+00,1.058364052614702677e+00,8.719391477199637859e-16,1.000000000000000000e+00,9.188565806367593458e-01
2.577499999999998792e+00,1.063127682524495521e+00,2.212419067749494110e-16,1.000000000000000000e+00,9.188565806367593458e-01
2.582499999999999574e+00,1.067851859687605875e+00,-1.507998652324903296e-16,1.000000000000000000e+00,9.188565806367593458e-01
2.587499999999999467e+00,1.072533631647083929e+00,-2.872759636473858047e-16,1.000000000000000000e+00,9.188565806367593458e-01
2.592499999999999361e+00,1.077170072447854565e+00,-2.008832588883222507e-15,1.000000000000000000e+00,9.188565806367593458e-01
2.597499999999999254e+00,1.081758284465339504e+00,-4.372511344942491529e-15,1.000000000000000000e+00,9.188565806367593458e-01
2.602499999999999147e+00,1.086295400216380269e+00,-5.324829963643385839e-15,1.000000000000000000e+00,9.188565806367593458e-01
2.607499999999999041e+00,1.090778584151322450e+00,-4.106117499692214290e-15,1.000000000000000000e+00,9.188565806367593458e-01
2.612499999999998934e+00,1.095205034426140811e+00,-2.174833066193017343e-15,1.000000000000000000e+00,9.188565806367593458e-01
2.617499999999998828e+00,1.099571984653500367e+00,-4.850976385012607822e-16,1.000000000000000000e+00,9.188565806367593458e-01
2.622499999999999609e+00,1.103876705631660071e+00,5.102545602184359058e-16,1.000000000000000000e+00,9.188565806367593458e-01
2.627499999999999503e+00,1.108116507050132205e+00,8.345279942310702968e-16,1.000000000000000000e+00,9.188565806367593458e-01
2.632499999999999396e+00,1.112288739171042318e+00,-2.692844927766382369e-17,1.000000000000000000e+00,9.188565806367593458e-01
2.637499999999999289e+00,1.116390794485126348e+00,-7.025168340265370666e-16,1.000000000000000000e+00,9.188565806367593458e-01
2.642499999999999183e+00,1.120420109341341064e+00,-6.212244802363886261e-16,1.000000000000000000e+00,9.188565806367593458e-01
2.647499999999999076e+00,1.124374165549061777e+00,0.000000000000000000e+00,1.000000000000000000e+00,9.188565806367593458e-01
2.652499999999998970e+00,1.128250491951867884e+00,1.569130168520403452e-16,1.000000000000000000e+00,9.188565806367593458e-01
2.657499999999998863e+00,1.132046665971937704e+00,-1.563868290756088143e-16,1.000000000000000000e+00,9.188565806367593458e-01
2.662499999999999645e+00,1.135760315124080488e+00,1.385291161359347966e-16,1.000000000000000000e+00,9.188565806367593458e-01
2.667499999999999538e+00,1.139389118498459030e+00,6.268481400444664714e-16,1.000000000000000000e+00,9.188565806367593458e-01
2.672499999999999432e+00,1.142930808211087390e+00,9.450935772178434724e-16,1.000000000000000000e+00,9.188565806367593458e-01
2.677499999999999325e+00,1.146383170821182684e+00,4.363867709256960936e-16,1.000000000000000000e+00,9.188565806367593458e-01
2.682499999999999218e+00,1.149744048714492761e+00,-2.574683415537668400e-16,1.000000000000000000e+00,9.188565806367593458e-01
2.687499999999999112e+00,1.153011341451735561e+00,-7.180291127904322732e-16,1.000000000000000000e+00,9.188565806367593458e-01
2.692499999999999005e+00,1.156183007081304837e+00,-7.519839409495656021e-16,1.000000000000000000e+00,9.188565806367593458e-01
2.697499999999998899e+00,1.159257063415424671e+00,-3.956442405173210104e-16,1.000000000000000000e+00,9.188565806367593458e-01
2.702499999999998792e+00,1.162231589268951426e+00,7.951809368414170716e-17,1.000000000000000000e+00,9.188565806367593458e-01
2.707499999999999574e+00,1.165104725660051521e+00,1.573478884841003492e-16,1.000000000000000000e+00,9.188565806367593458e-01
2.712499999999999467e+00,1.167874676972004533e+00,1.610043013561157376e-16,1.000000000000000000e+00,9.188565806367593458e-01
2.717499999999999361e+00,1.170539712075406635e+00,3.546646047062487463e-16,1.000000000000000000e+00,9.188565806367593458e-01
2.722499999999999254e+00,1.173098165410068949e+00,8.305020058559065087e-16,1.000000000000000000e+00,9.188565806367593458e-01
2.727499999999999147e+00,1.175548438025938225e+00,3.562468385564489811e-16,1.000000000000000000e+00,9.188565806367593458e-01
2.732499999999999041e+00,1.177888998582389712e+00,-1.030775139581715622e-15,1.000000000000000000e+00,9.188565806367593458e-01
2.737499999999998934e+00,1.180118384305264279e+00,-8.963796944067210230e-16,1.000000000000000000e+00,9.188565806367593458e-01
2.742499999999998828e+00,1.182235201901054467e+00,3.986475289536421555e-16,1.000000000000000000e+00,9.188565806367593458e-01
2.747499999999999609e+00,1.184238128427668624e+00,2.295823444878894539e-15,1.000000000000000000e+00,9.188565806367593458e-01
2.752499999999999503e+00,1.186125912121225312e+00,3.525675502823102194e-15,1.000000000000000000e+00,9.188565806367593458e-01
2.757499999999999396e+00,1.187897373178366189e+00,3.519701603629918693e-15,1.000000000000000000e+00,9.188565806367593458e-01
2.762499999999999289e+00,1.189551404493593978e+00,2.387460198533039299e-15,1.000000000000000000e+00,9.188565806367593458e-01
2.767499999999999183e+00,1.191086972351177886e+00,9.037869234320711096e-16,1.000000000000000000e+00,9.188565806367593458e-01
2.772499999999999076e+00,1.192503117071191721e+00,4.980435433993728794e-16,1.000000000000000000e+00,9.188565806367593458e-01
2.777499999999998970e+00,1.193798953609283231e+00,6.726183335419370253e-16,1.000000000000000000e+00,9.188565806367593458e-01
2.782499999999998863e+00,1.194973672109796992e+00,9.104672466036069838e-16,1.000000000000000000e+00,9.188565806367593458e-01
2.787499999999999645e+00,1.196026538411909312e+00,6.707028585598781226e-16,1.000000000000000000e+00,9.188565806367593458e-01
2.792499999999999538e+00,1.196956894508453439e+00,4.339048495333079899e-16,1.000000000000000000e+00,9.188565806367593458e-01
2.797499999999999432e+00,1.197764158957153269e+00,5.203226774546965597e-16,1.000000000000000000e+00,9.188565806367593458e-01
2.802499999999999325e+00,1.198447827244006225e+00,2.986480300371712157e-16,1.000000000000000000e+00,9.188565806367593458e-01
2.807499999999999218e+00,1.199007472098587268e+00,6.241579854109102375e-17,1.000000000000000000e+00,9.188565806367593458e-01
2.812499999999999112e+00,1.199442743761079733e+00,5.901934339626743902e-17,1.000000000000000000e+00,9.188565806367593458e-01
2.817499999999999005e+00,1.199753370200862923e+00,0.000000000000000000e+00,1.000000000000000000e+00,9.188565806367593458e-01
2.822499999999998899e+00,1.199939157286523450e+00,0.000000000000000000e+00,1.000000000000000000e+00,9.188565806367593458e-01
2.827499999999998792e+00,1.199999988907180626e+00,-1.325016920789842009e-17,1.000000000000000000e+00,9.188565806367593458e-01
2.832499999999999574e+00,1.199935827045051306e+00,-1.499413767968172534e-16,1.000000000000000000e+00,9.188565806367593458e-01
2.837499999999999467e+00,1.199746711799211107e+00,3.885790612781340135e-17,1.000000000000000000e+00,9.188565806367593458e-01
2.842499999999999361e+00,1.199432761360532229e+00,1.243926233963896053e-16,1.000000000000000000e+00,9.188565806367593458e-01
2.847499999999999254e+00,1.198994171937819875e+00,-1.276312813189022723e-18,1.000000000000000000e+00,9.188565806367593458e-01
2.852499999999999147e+00,1.198431217635186341e+00,-1.901396585731674669e-16,1.000000000000000000e+00,9.188565806367593458e-01
2.857499999999999041e+00,1.197744250280745826e+00,-1.448227241516025118e-16,1.000000000000000000e+00,9.188565806367593458e-01
2.862499999999998934e+00,1.196933699206732982e+00,-9.705840030456145655e-17,1.000000000000000000e+00,9.188565806367593458e-01
2.867499999999998828e+00,1.196000070981184438e+00,-3.642962642914205374e-16,1.000000000000000000e+00,9.188565806367593458e-01
2.872499999999999609e+00,1.194943949091350266e+00,-1.306690508328889528e-15,1.000000000000000000e+00,9.188565806367593458e-01
2.877499999999999503e+00,1.193765993579033680e+00,-1.743892868088748094e-15,1.000000000000000000e+00,9.188565806367593458e-01
2.882499999999999396e+00,1.192466940628085448e+00,-1.518787926855172624e-15,1.000000000000000000e+00,9.188565806367593458e-01
2.887499999999999289e+00,1.191047602104314374e+00,-2.018785924544978085e-15,1.000000000000000000e+00,9.188565806367593458e-01
2.892499999999999183e+00,1.189508865048095831e+00,-3.606805814749949921e-15,1.000000000000000000e+00,9.188565806367593458e-01
2.897499999999999076e+00,1.187851691120001885e+00,-3.700961400227198879e-15,1.000000000000000000e+00,9.188565806367593458e-01
2.902499999999998970e+00,1.186077115999794707e+00,-1.934286411165454795e-15,1.000000000000000000e+00,9.188565806367593458e-01
2.907499999999998863e+00,1.184186248739159009e+00,-1.899462256245161071e-16,1.000000000000000000e+00,9.188565806367593458e-01
2.912499999999998757e+00,1.182180271068582922e+00,-2.879073095411671966e-17,1.000000000000000000e+00,9.188565806367593458e-01
2.917499999999999538e+00,1.180060436658811884e+00,-1.426296245377094948e-16,1.000000000000000000e+00,9.188565806367593458e-01
2.922499999999999432e+00,1.177828070337350264e+00,-1.498737379518437249e-16,1.000000000000000000e+00,9.188565806367593458e-01
2.927499999999999325e+00,1.175484567260481228e+00,-1.602990873600343017e-18,1.000000000000000000e+00,9.188565806367593458e-01
2.932499999999999218e+00,1.173031392041343324e+00,-2.356873352596175273e-18,1.000000000000000000e+00,9.188565806367593458e-01
2.937499999999999112e+00,1.170470077834594669e+00,0.000000000000000000e+00,1.000000000000000000e+00,9.188565806367593458e-01
2.942499999999999005e+00,1.167802225378240077e+00,0.000000000000000000e+00,1.000000000000000000e+00,9.188565806367593458e-01
2.947499999999998899e+00,1.165029501993222416e+00,0.000000000000000000e+00,1.000000000000000000e+00,9.188565806367593458e-01
2.952499999999998792e+00,1.162153640541400801e+00,1.128534870801019500e-16,1.000000000000000000e+00,9.188565806367593458e-01
2.957499999999999574e+00,1.159176438342569559e+00,6.910941468458529180e-17,1.000000000000000000e+00,9.188565806367593458e-01
2.962499999999999467e+00,1.156099756051191418e+00,-9.852587577343740378e-17,1.000000000000000000e+00,9.188565806367593458e-01
2.967499999999999361e+00,1.152925516493547242e+00,-6.941683800590108809e-17,1.000000000000000000e+00,9.188565806367593458e-01
2.972499999999999254e+00,1.149655703466035295e+00,-1.506965191231975701e-17,1.000000000000000000e+00,9.188565806367593458e-01
2.977499999999999147e+00,1.146292360495360763e+00,0.000000000000000000e+00,1.000000000000000000e+00,9.188565806367593458e-01
2.982499999999999041e+00,1.142837589561398470e+00,1.352050556905167537e-17,1.000000000000000000e+00,9.188565806367593458e-01
2.987499999999998934e+00,1.139293549783524373e+00,1.814580636993655554e-16,1.000000000000000000e+00,9.188565806367593458e-01
2.992499999999998828e+00,1.135662456071236281e+00,4.022588229095223653e-16,1.000000000000000000e+00,9.188565806367593458e-01
2.997499999999999609e+00,1.131946577739906923e+00,1.225644339249661974e-16,1.000000000000000000e+00,9.188565806367593458e-01
3.002499999999999503e+00,1.128148237092537087e+00,-2.818336019015016131e-16,1.000000000000000000e+00,9.188565806367593458e-01
3.007499999999999396e+00,1.124269807968389490e+00,-4.428574927484061554e-16,1.000000000000000000e+00,9.188565806367593458e-01
3.012499999999998401e+00,1.120313714259419280e+00,-1.705761847126638697e-18,1.000000000000000000e+00,9.188565806367593458e-01
3.017499999999999183e+00,1.116282428395416471e+00,1.388687074491927058e-15,1.000000000000000000e+00,9.188565806367593458e-01
3.022499999999999964e+00,1.112178469798822178e+00,2.783528199383786451e-15,1.000000000000000000e+00,9.188565806367593458e-01
3.027499999999998970e+00,1.108004403310172137e+00,3.367750422217008249e-15,1.000000000000000000e+00,9.188565806367593458e-01
3.032499999999999751e+00,1.103762837585147372e+00,2.448685010612808124e-15,1.000000000000000000e+00,9.188565806367593458e-01
3.037499999999998757e+00,1.099456423464259203e+00,1.390165976820241123e-15,1.000000000000000000e+00,9.188565806367593458e-01
3.042499999999999538e+00,1.095087852316150245e+00,9.455657752888128945e-16,1.000000000000000000e+00,9.188565806367593458e-01
3.047499999999998543e+00,1.090659854355588987e+00,1.239417470100106443e-15,1.000000000000000000e+00,9.188565806367593458e-01
3.052499999999999325e+00,1.086175196937159804e+00,9.315433334258848002e-16,1.000000000000000000e+00,9.188565806367593458e-01
3.057499999999998330e+00,1.081636682825769746e+00,-9.370383847398884571e-17,1.000000000000000000e+00,9.188565806367593458e-01
3.062499999999999112e+00,1.077047148445000602e+00,-5.521598483041158094e-16,1.000000000000000000e+00,9.188565806367593458e-01
3.067499999999999893e+00,1.072409462104446876e+00,-4.639073261617338276e-16,1.000000000000000000e+00,9.188565806367593458e-01
3.072499999999998899e+00,1.067726522207108841e+00,-5.896846290810759527e-16,1.000000000000000000e+00,9.188565806367593458e-01
3.077499999999999680e+00,1.063001255437982850e+00,-2.814421511392192780e-16,1.000000000000000000e+00,9.188565806367593458e-01
3.082499999999998685e+00,1.058236614934989550e+00,7.971620785862770868e-16,1.000000000000000000e+00,9.188565806367593458e-01
3.087499999999999467e+00,1.053435578443344234e+00,1.297550021054178048e-15,1.000000000000000000e+00,9.188565806367593458e-01
3.092499999999998472e+00,1.048601146454576361e+00,9.354525122328918813e-16,1.000000000000000000e+00,9.188565806367593458e-01
3.097499999999999254e+00,1.043736340331307799e+00,9.423330806878897742e-16,1.000000000000000000e+00,9.188565806367593458e-01
3.102500000000000036e+00,1.038844200419012376e+00,1.341064196487155626e-15,1.000000000000000000e+00,9.188565806367593458e-01
3.107499999999999041e+00,1.033927784145889595e+00,9.181188374293299252e-16,1.000000000000000000e+00,9.188565806367593458e-01
3.112499999999999822e+00,1.028990164112070671e+00,0.000000000000000000e+00,1.000000000000000000e+00,9.188565806367593458e-01
3.117499999999998828e+00,1.024034426169354361e+00,-6.694725030124717066e-16,1.000000000000000000e+00,9.188565806367593458e-01
3.122499999999999609e+00,1.019063667492635217e+00,-1.456879574285097760e-15,1.000000000000000000e+00,9.188565806367593458e-01
3.127499999999998614e+00,1.014080994644283695e+00,-1.232083367067155453e-15,1.000000000000000000e+00,9.188565806367593458e-01
3.132499999999999396e+00,1.009089521632633435e+00,-1.459145364773128437e-16,1.000000000000000000e+00,9.188565806367593458e-01
3.137499999999998401e+00,1.004092367965841781e+00,3.391170563319665073e-16,1.000000000000000000e+00,9.188565806367593458e-01
3.142499999999999183e+00,9.990926567022822002e-01,2.552963677380201810e-16,1.000000000000000000e+00,9.188565806367593458e-01
3.147499999999999964e+00,9.940935124987477778e-01,1.218190609369690936e-16,1.000000000000000000e+00,9.188565806367593458e-01
3.152499999999998970e+00,9.890980596576393058e-01,2.009631762291028140e-16,1.000000000000000000e+00,9.188565806367593458e-01
3.157499999999999751e+00,9.841094201743699754e-01,4.984183188117506791e-16,1.000000000000000000e+00,9.188565806367593458e-01
3.162499999999998757e+00,9.791307117862323439e-01,7.685534485408852064e-16,1.000000000000000000e+00,9.188565806367593458e-01
3.167499999999999538e+00,9.741650460239015263e-01,5.127176823498571887e-16,1.000000000000000000e+00,9.188565806367593458e-01
3.172499999999998543e+00,9.692155262668438187e-01,2.422334778907798102e-16,1.000000000000000000e+00,9.188565806367593458e-01
3.177499999999999325e+00,9.642852458037900476e-01,1.721065429674058859e-16,1.000000000000000000e+00,9.188565806367593458e-01
3.182499999999998330e+00,9.593772858995448516e-01,2.213551750147696137e-16,1.000000000000000000e+00,9.188565806367593458e-01
3.187499999999999112e+00,9.544947138692838617e-01,1.499004786396779678e-16,1.000000000000000000e+00,9.188565806367593458e-01
3.192499999999999893e+00,9.496405811615944437e-01,-8.523243787531368203e-16,1.000000000000000000e+00,9.188565806367593458e-01
3.197499999999998899e+00,9.448179214514104141e-01,-2.806184475525528641e-15,1.000000000000000000e+00,9.188565806367593458e-01
3.202499999999999680e+00,9.400297487440630873e-01,-3.982648419418070354e-15,1.000000000000000000e+00,9.188565806367593458e-01
3.207499999999998685e+00,9.352790554916367016e-01,-3.757789164070011901e-15,1.000000000000000000e+00,9.188565806367593458e-01
3.212499999999999467e+00,9.305688107227690908e-01,-2.643385787736774742e-15,1.000000000000000000e+00,9.188565806367593458e-01
3.217499999999998472e+00,9.259019581871182902e-01,-2.296669167700429890e-15,1.000000000000000000e+00,9.188565806367593458e-01
3.222499999999999254e+00,9.212814145156031920e-01,-2.601822708632465492e-15,1.000000000000000000e+00,9.188565806367593458e-01
3.227499999999998259e+00,9.167100673976171787e-01,-2.054349393405808405e-15,1.000000000000000000e+00,9.188565806367593458e-01
3.232499999999999041e+00,9.121907737763020885e-01,-7.114042867822275913e-16,1.000000000000000000e+00,9.188565806367593458e-01
3.237499999999999822e+00,9.077263580630624551e-01,-1.682444256706826975e-17,1.000000000000000000e+00,9.188565806367593458e-01
3.242499999999998828e+00,9.033196103723986070e-01,1.247567349340078420e-16,1.000000000000000000e+00,9.188565806367593458e-01
3.247499999999999609e+00,8.989732847781681802e-01,2.342158545540047799e-17,1.000000000000000000e+00,9.188565806367593458e-01
3.252499999999998614e+00,8.946900975923911536e-01,-8.630209062047512876e-17,1.000000000000000000e+00,9.188565806367593458e-01
3.257499999999999396e+00,8.904727256676316927e-01,-4.992059597680423341e-17,1.000000000000000000e+00,9.188565806367593458e-01
3.262499999999998401e+00,8.863238047240651341e-01,1.880780487361874869e-16,1.000000000000000000e+00,9.188565806367593458e-01
3.267499999999999183e+00,8.822459277022249857e-01,3.919330653131159336e-16,1.000000000000000000e+00,9.188565806367593458e-01
3.272499999999999964e+00,8.782416431425097425e-01,4.288906452859926325e-16,1.000000000000000000e+00,9.188565806367593458e-01
3.277499999999998970e+00,8.743134535924266260e-01,2.682078175250639572e-16,1.000000000000000000e+00,9.188565806367593458e-01
3.282499999999999751e+00,8.704638140425733361e-01,-1.997300603290503090e-17,1.000000000000000000e+00,9.188565806367593458e-01
3.287499999999998757e+00,8.666951303923597916e-01,-2.724910974024418834e-16,1.000000000000000000e+00,9.188565806367593458e-01
3.292499999999999538e+00,8.630097579463884561e-01,-2.322360036341875106e-16,1.000000000000000000e+00,9.188565806367593458e-01
3.297499999999998543e+00,8.594099999424773539e-01,-1.942232484225300680e-16,1.000000000000000000e+00,9.188565806367593458e-01
3.302499999999999325e+00,8.558981061121991862e-01,-3.558790437021900998e-16,1.000000000000000000e+00,9.188565806367593458e-01
3.307499999999998330e+00,8.524762712748826798e-01,-2.466259094134162176e-16,1.000000000000000000e+00,9.188565806367593458e-01
3.312499999999999112e+00,8.491466339659132778e-01,1.201723906413498096e-16,1.000000000000000000e+00,9.188565806367593458e-01
3.317499999999999893e+00,8.459112751002266783e-01,2.058287257231285443e-16,1.000000000000000000e+00,9.188565806367593458e-01
3.322499999999998899e+00,8.427722166717988017e-01,-6.644589340392191043e-18,1.000000000000000000e+00,9.188565806367593458e-01
3.327499999999999680e+00,8.397314204899644086e-01,-2.663833019424279340e-16,1.000000000000000000e+00,9.188565806367593458e-01
3.332499999999998685e+00,8.367907869533576237e-01,-5.261754313673474718e-17,1.000000000000000000e+00,9.188565806367593458e-01
3.337499999999999467e+00,8.339521538622149954e-01,2.122409271649003410e-17,1.000000000000000000e+00,9.188565806367593458e-01
3.342499999999998472e+00,8.312172952698184680e-01,2.906883377205147629e-17,1.000000000000000000e+00,9.188565806367593458e-01
3.347499999999999254e+00,8.285879203737629428e-01,1.775387403803132214e-16,1.000000000000000000e+00,9.188565806367593458e-01
3.352499999999998259e+00,8.260656724477709600e-01,4.825611967503489107e-16,1.000000000000000000e+00,9.188565806367593458e-01
3.357499999999999041e+00,8.236521278146915481e-01,4.550705080350735292e-17,1.000000000000000000e+00,9.188565806367593458e-01
3.362499999999999822e+00,8.213487948613567013e-01,-6.468345469781426471e-16,1.000000000000000000e+00,9.188565806367593458e-01
3.367499999999998828e+00,8.191571130958865687e-01,-1.179724061705188940e-16,1.000000000000000000e+00,9.188565806367593458e-01
3.372499999999999609e+00,8.170784522480408762e-01,9.833153929454271677e-16,1.000000000000000000e+00,9.188565806367593458e-01
3.377499999999998614e+00,8.151141114131873477e-01,8.741102753157202466e-16,1.000000000000000000e+00,9.188565806367593458e-01
3.382499999999999396e+00,8.132653182404042669e-01,-4.119044107926906202e-16,1.000000000000000000e+00,9.188565806367593458e-01
3.387499999999998401e+00,8.115332281652454238e-01,-1.026230092512097277e-15,1.000000000000000000e+00,9.188565806367593458e-01
3.392499999999999183e+00,8.099189236876245257e-01,-4.245404423890235026e-16,1.000000000000000000e+00,9.188565806367593458e-01
3.397499999999999964e+00,8.084234136952925809e-01,-5.312451249787971637e-18,1.000000000000000000e+00,9.188565806367593458e-01
3.402499999999998970e+00,8.070476328333144878e-01,0.000000000000000000e+00,1.000000000000000000e+00,9.188565806367593458e-01
3.407499999999999751e+00,8.057924409199446192e-01,0.000000000000000000e+00,1.000000000000000000e+00,9.188565806367593458e-01
3.412499999999998757e+00,8.046586224092712181e-01,0.000000000000000000e+00,1.000000000000000000e+00,9.188565806367593458e-01
3.417499999999999538e+00,8.036468859009551213e-01,0.000000000000000000e+00,1.000000000000000000e+00,9.188565806367593458e-01
3.422499999999998543e+00,8.027578636973816684e-01,0.000000000000000000e+00,1.000000000000000000e+00,9.188565806367593458e-01
3.427499999999999325e+00,8.019921114084883618e-01,0.000000000000000000e+00,1.000000000000000000e+00,9.188565806367593458e-01
3.432499999999998330e+00,8.013501076045299598e-01,5.406990041435153463e-17,1.000000000000000000e+00,9.188565806367593458e-01
3.437499999999999112e+00,8.008322535169852818e-01,-5.119408880383269698e-17,1.000000000000000000e+00,9.188565806367593458e-01
3.442499999999999893e+00,8.004388727878025689e-01,5.121924846145071985e-17,1.000000000000000000e+00,9.188565806367593458e-01
3.447499999999998899e+00,8.001702112671325029e-01,-5.414962954768344681e-17,1.000000000000000000e+00,9.188565806367593458e-01
3.452499999999999680e+00,8.000264368596800013e-01,0.000000000000000000e+00,1.000000000000000000e+00,9.188565806367593458e-01
3.457499999999998685e+00,8.000076394197697116e-01,1.519667537746580786e-18,1.000000000000000000e+00,9.188565806367593458e-01
3.462499999999999467e+00,8.001138306951897095e-01,0.000000000000000000e+00,1.000000000000000000e+00,9.188565806367593458e-01
3.467499999999998472e+00,8.003449443198494828e-01,0.000000000000000000e+00,1.000000000000000000e+00,9.188565806367593458e-01
3.472499999999999254e+00,8.007008358552568650e-01,-1.518351905149336986e-18,1.000000000000000000e+00,9.188565806367593458e-01
3.477499999999998259e+00,8.011812828807866049e-01,5.296532809952602120e-17,1.000000000000000000e+00,9.188565806367593458e-01
3.482499999999999041e+00,8.017859851326875065e-01,8.919630415065054668e-17,1.000000000000000000e+00,9.188565806367593458e-01
3.487499999999999822e+00,8.025145646917358766e-01,6.296929485654614175e-16,1.000000000000000000e+00,9.188565806367593458e-01
3.492499999999998828e+00,8.033665662194231505e-01,1.079831887766277920e-15,1.000000000000000000e+00,9.188565806367593458e-01
3.497499999999999609e+00,8.043414572425289233e-01,1.195168771530282159e-15,1.000000000000000000e+00,9.188565806367593458e-01
3.502499999999998614e+00,8.054386284858973122e-01,1.055734791259467735e-15,1.000000000000000000e+00,9.188565806367593458e-01
3.507499999999999396e+00,8.066573942532164754e-01,9.277450725103315514e-16,1.000000000000000000e+00,9.188565806367593458e-01
3.512499999999998401e+00,8.079969928555533754e-01,1.274076537055769961e-15,1.000000000000000000e+00,9.188565806367593458e-01
3.517499999999999183e+00,8.094565870873879909e-01,2.743463009388623000e-15,1.000000000000000000e+00,9.188565806367593458e-01
3.522499999999999964e+00,8.110352647498378920e-01,4.805580546317251953e-15,1.000000000000000000e+00,9.188565806367593458e-01
3.527499999999998970e+00,8.127320392207505462e-01,5.787581923889544675e-15,1.000000000000000000e+00,9.188565806367593458e-01
3.532499999999999751e+00,8.145458500713154137e-01,4.057180921859652831e-15,1.000000000000000000e+00,9.188565806367593458e-01
3.537499999999998757e+00,8.164755637287920420e-01,1.468900270004895095e-15,1.000000000000000000e+00,9.188565806367593458e-01
3.542499999999999538e+00,8.185199741849606969e-01,2.272703015321364362e-16,1.000000000000000000e+00,9.188565806367593458e-01
3.547499999999998543e+00,8.206778037498330125e-01,-1.907850892977160234e-16,1.000000000000000000e+00,9.188565806367593458e-01
3.552499999999999325e+00,8.229477038501729069e-01,-7.101219220015307639e-17,1.000000000000000000e+00,9.188565806367593458e-01
3.557499999999998330e+00,8.253282558723047391e-01,-1.444164668936339378e-16,1.000000000000000000e+00,9.188565806367593458e-01
3.562499999999999112e+00,8.278179720487066628e-01,-1.294953275695729635e-15,1.000000000000000000e+00,9.188565806367593458e-01
3.567499999999999893e+00,8.304152963878108640e-01,-3.005245615705330074e-15,1.000000000000000000e+00,9.188565806367593458e-01
3.572499999999998899e+00,8.331186056464514600e-01,-3.477109024175956284e-15,1.000000000000000000e+00,9.188565806367593458e-01
3.577499999999999680e+00,8.359262103443403369e-01,-2.692292254578750446e-15,1.000000000000000000e+00,9.188565806367593458e-01
3.582499999999998685e+00,8.388363558199304348e-01,-2.376212938154714590e-15,1.000000000000000000e+00,9.188565806367593458e-01
3.587499999999999467e+00,8.418472233270308802e-01,-2.898533510360377640e-15,1.000000000000000000e+00,9.188565806367593458e-01
3.592499999999998472e+00,8.449569311714557607e-01,-3.649768807885444498e-15,1.000000000000000000e+00,9.188565806367593458e-01
3.597499999999999254e+00,8.481635358870301955e-01,-3.036454884695947936e-15,1.000000000000000000e+00,9.188565806367593458e-01
3.602499999999998259e+00,8.514650334501836504e-01,-1.568355153039229415e-15,1.000000000000000000e+00,9.188565806367593458e-01
3.607499999999999041e+00,8.548593605324097400e-01,-1.299141707074341041e-16,1.000000000000000000e+00,9.188565806367593458e-01
3.612499999999999822e+00,8.583443957897717302e-01,0.000000000000000000e+00,1.000000000000000000e+00,9.188565806367593458e-01
3.617499999999998828e+00,8.619179611886746972e-01,0.000000000000000000e+00,1.000000000000000000e+00,9.188565806367593458e-01
3.622499999999999609e+00,8.655778233670714528e-01,0.000000000000000000e+00,1.000000000000000000e+00,9.188565806367593458e-01
3.627499999999998614e+00,8.693216950302319335e-01,0.000000000000000000e+00,1.000000000000000000e+00,9.188565806367593458e-01
3.632499999999999396e+00,8.731472363802377235e-01,0.000000000000000000e+00,1.000000000000000000e+00,9.188565806367593458e-01
3.637499999999998401e+00,8.770520565782684574e-01,2.020082810005637267e-16,1.000000000000000000e+00,9.188565806367593458e-01
3.642499999999999183e+00,8.810337152388105775e-01,1.835470437351348377e-15,1.000000000000000000e+00,9.188565806367593458e-01
3.647499999999998188e+00,8.850897239548075612e-01,4.403592817657017357e-15,1.000000000000000000e+00,9.188565806367593458e-01
3.652499999999998970e+00,8.892175478528435706e-01,5.712131270190478906e-15,1.000000000000000000e+00,9.188565806367593458e-01
3.657499999999999751e+00,8.934146071773465536e-01,4.857728797041241068e-15,1.000000000000000000e+00,9.188565806367593458e-01
3.662499999999998757e+00,8.976782789028583398e-01,2.189768328884224868e-15,1.000000000000000222e+00,9.188565806367593458e-01
3.667499999999999538e+00,9.020058983733416635e-01,-7.346359605029683254e-16,1.000000000000000000e+00,9.188565806367593458e-01
3.672499999999998543e+00,9.063947609674942729e-01,-3.200307043969191383e-15,1.000000000000000000e+00,9.188565806367593458e-01
3.677499999999999325e+00,9.108421237890607092e-01,-5.327024816061852781e-15,1.000000000000000000e+00,9.188565806367593458e-01
3.682499999999998330e+00,9.153452073810440792e-01,-5.137813788654928128e-15,1.000000000000000000e+00,9.188565806367593458e-01
3.687499999999999112e+00,9.199011974627837596e-01,-3.275163687761073794e-15,1.000000000000000000e+00,9.188565806367593458e-01
3.692499999999999893e+00,9.245072466887799267e-01,-9.729400382681503305e-16,1.000000000000000000e+00,9.188565806367593458e-01
3.697499999999998899e+00,9.291604764281991002e-01,-4.972457775653692449e-17,1.000000000000000000e+00,9.188565806367593458e-01
3.702499999999999680e+00,9.338579785639267161e-01,0.000000000000000000e+00,1.000000000000000000e+00,9.188565806367593458e-01
3.707499999999998685e+00,9.385968173100339706e-01,4.927495322755984874e-17,1.000000000000000000e+00,9.188565806367593458e-01
3.712499999999999467e+00,9.433740310465640322e-01,7.639768287262734015e-17,1.000000000000000000e+00,9.188565806367593458e-01
3.717499999999998472e+00,9.481866341704336953e-01,1.415821968777683584e-16,1.000000000000000000e+00,9.188565806367593458e-01
3.722499999999999254e+00,9.530316189613511346e-01,1.770044327072993412e-16,1.000000000000000000e+00,9.188565806367593458e-01
3.727499999999998259e+00,9.579059574615287342e-01,-4.048695408221677035e-17,1.000000000000000000e+00,9.188565806367593458e-01
3.732499999999999041e+00,9.628066033680741098e-01,-2.085612906306682074e-16,1.000000000000000000e+00,9.188565806367593458e-01
3.737499999999999822e+00,9.677304939368177594e-01,-1.877291156021739469e-16,1.000000000000000000e+00,9.188565806367593458e-01
3.742499999999998828e+00,9.726745518964311499e-01,0.000000000000000000e+00,1.000000000000000000e+00,9.188565806367593458e-01
3.747499999999999609e+00,9.776356873716288698e-01,1.583137149954053284e-16,1.000000000000000000e+00,9.188565806367593458e-01
3.752499999999998614e+00,9.826107998142280531e-01,8.355977657896037092e-17,1.000000000000000000e+00,9.188565806367593458e-01
3.757499999999999396e+00,9.875967799409026693e-01,-1.134139507722302201e-16,1.000000000000000000e+00,9.188565806367593458e-01
3.762499999999998401e+00,9.925905116763696912e-01,-2.082211063219242769e-17,1.000000000000000000e+00,9.188565806367593458e-01
3.767499999999999183e+00,9.975888741008512861e-01,-3.749285849500691538e-17,1.000000000000000000e+00,9.188565806367593458e-01
3.772499999999998188e+00,1.002588743400532945e+00,-5.689547026762588129e-17,1.000000000000000000e+00,9.188565806367593458e-01
3.777499999999998970e+00,1.007586994819858361e+00,-9.686089601529801374e-18,1.000000000000000000e+00,9.188565806367593458e-01
3.782499999999999751e+00,1.012580504614388310e+00,1.241307049768858369e-16,1.000000000000000000e+00,9.188565806367593458e-01
3.787499999999998757e+00,1.017566152003045898e+00,4.427245208025837059e-17,1.000000000000000000e+00,9.188565806367593458e-01
3.792499999999999538e+00,1.022540821118506527e+00,-1.544439842889898531e-16,1.000000000000000000e+00,9.188565806367593458e-01
3.797499999999998543e+00,1.027501402954501319e+00,-1.247414557114016425e-17,1.000000000000000000e+00,9.188565806367593458e-01
3.802499999999999325e+00,1.032444797308860407e+00,0.000000000000000000e+00,1.000000000000000000e+00,9.188565806367593458e-01
3.807499999999998330e+00,1.037367914721023743e+00,4.785562923744756338e-17,1.000000000000000000e+00,9.188565806367593458e-01
3.812499999999999112e+00,1.042267678402866604e+00,6.060818996585493793e-17,1.000000000000000000e+00,9.188565806367593458e-01
3.817499999999999893e+00,1.047141026161579447e+00,6.270704843247760739e-17,1.000000000000000000e+00,9.188565806367593458e-01
3.822499999999998899e+00,1.051984912313446374e+00,8.374118119959890295e-17,1.000000000000000000e+00,9.188565806367593458e-01
3.827499999999999680e+00,1.056796309587301641e+00,1.334163731064459608e-16,1.000000000000000000e+00,9.188565806367593458e-01
3.832499999999998685e+00,1.061572211016462264e+00,1.580980118663275672e-16,1.000000000000000000e+00,9.188565806367593458e-01
3.837499999999999467e+00,1.066309631818000980e+00,2.270428203948116918e-17,1.000000000000000000e+00,9.188565806367593458e-01
3.842499999999998472e+00,1.071005611258123880e+00,1.208879569738667243e-17,1.000000000000000000e+00,9.188565806367593458e-01
3.847499999999999254e+00,1.075657214502544923e+00,3.242840778250482218e-17,1.000000000000000000e+00,9.188565806367593458e-01
3.852499999999998259e+00,1.080261534450648542e+00,4.199346146711628971e-16,1.000000000000000000e+00,9.188565806367593458e-01
3.857499999999999041e+00,1.084815693552347415e+00,1.559930056752988045e-15,1.000000000000000000e+00,9.188565806367593458e-01
3.862499999999999822e+00,1.089316845606446593e+00,3.176469821113198853e-15,1.000000000000000000e+00,9.188565806367593458e-01
3.867499999999998828e+00,1.093762177539428837e+00,4.336754686458901273e-15,1.000000000000000000e+00,9.188565806367593458e-01
3.872499999999999609e+00,1.098148911163540964e+00,3.452754368121816798e-15,1.000000000000000000e+00,9.188565806367593458e-01
3.877499999999998614e+00,1.102474304913059422e+00,9.584728059525099622e-16,1.000000000000000222e+00,9.188565806367593458e-01
3.882499999999999396e+00,1.106735655557691711e+00,-1.816149348788412455e-15,1.000000000000000000e+00,9.188565806367593458e-01
3.887499999999998401e+00,1.110930299891994100e+00,-2.595531813664242203e-15,1.000000000000000000e+00,9.188565806367593458e-01
3.892499999999999183e+00,1.115055616399802441e+00,-1.804209098655070993e-15,1.000000000000000000e+00,9.188565806367593458e-01
3.897499999999998188e+00,1.119109026892581849e+00,-1.327065608148737405e-15,1.000000000000000000e+00,9.188565806367593458e-01
3.902499999999998970e+00,1.123087998120721132e+00,-1.839640421529543289e-15,1.000000000000000000e+00,9.188565806367593458e-01
3.907499999999999751e+00,1.126990043356721705e+00,-2.219315784929814167e-15,1.000000000000000000e+00,9.188565806367593458e-01
3.912499999999998757e+00,1.130812723949327525e+00,-1.857025258977310259e-15,1.000000000000000000e+00,9.188565806367593458e-01
3.917499999999999538e+00,1.134553650847604844e+00,-6.775241187292745145e-16,1.000000000000000000e+00,9.188565806367593458e-01
3.922499999999998543e+00,1.138210486094010987e+00,-1.666298653123009987e-17,1.000000000000000000e+00,9.188565806367593458e-01
3.927499999999999325e+00,1.141780944285555099e+00,1.124531288614882196e-17,1.000000000000000000e+00,9.188565806367593458e-01
3.932499999999998330e+00,1.145262794002088524e+00,2.012670608532930255e-17,1.000000000000000000e+00,9.188565806367593458e-01
3.937499999999999112e+00,1.148653859200880367e+00,6.695695845225624746e-17,1.000000000000000000e+00,9.188565806367593458e-01
3.942499999999999893e+00,1.151952020576563207e+00,9.382418699281361477e-17,1.000000000000000000e+00,9.188565806367593458e-01
3.947499999999998899e+00,1.155155216885636271e+00,-7.468907937877405098e-17,1.000000000000000000e+00,9.188565806367593458e-01
3.952499999999999680e+00,1.158261446234677639e+00,-1.162120200684725598e-16,1.000000000000000000e+00,9.188565806367593458e-01
3.957499999999998685e+00,1.161268767331453677e+00,0.000000000000000000e+00,1.000000000000000000e+00,9.188565806367593458e-01
3.962499999999999467e+00,1.164175300698173210e+00,0.000000000000000000e+00,1.000000000000000000e+00,9.188565806367593458e-01
3.967499999999998472e+00,1.166979229846092370e+00,0.000000000000000000e+00,1.000000000000000000e+00,9.188565806367593458e-01
3.972499999999999254e+00,1.169678802410767382e+00,2.477892456543678292e-16,1.000000000000000000e+00,9.188565806367593458e-01
3.977499999999998259e+00,1.172272331247218080e+00,1.112868636115751775e-15,1.000000000000000000e+00,9.188565806367593458e-01
3.982499999999999041e+00,1.174758195484346235e+00,1.399089042505420259e-15,1.000000000000000000e+00,9.188565806367593458e-01
3.987499999999999822e+00,1.177134841537922139e+00,9.371866357427484001e-16,1.000000000000000000e+00,9.188565806367593458e-01
3.992499999999998828e+00,1.179400784081523490e+00,3.091331443548916712e-16,1.000000000000000000e+00,9.188565806367593458e-01
3.997499999999999609e+00,1.181554606974822397e+00,8.277114547192346693e-16,1.000000000000000000e+00,9.188565806367593458e-01
4.002499999999998614e+00,1.183594964148618978e+00,1.944392048519444212e-15,1.000000000000000000e+00,9.188565806367593458e-01
4.007499999999999396e+00,1.185520580446097538e+00,2.265124364300423967e-15,1.000000000000000000e+00,9.188565806367593458e-01
4.012499999999998401e+00,1.187330252419752208e+00,2.130706768891188210e-15,1.000000000000000000e+00,9.188565806367593458e-01
4.017499999999999183e+00,1.189022849083507749e+00,1.916374971371801415e-15,1.000000000000000000e+00,9.188565806367593458e-01
4.022499999999998188e+00,1.190597312619545267e+00,2.040512683737890797e-15,1.000000000000000000e+00,9.188565806367593458e-01
4.027499999999998970e+00,1.192052659039406270e+00,1.690635692728157883e-15,1.000000000000000000e+00,9.188565806367593458e-01
4.032499999999999751e+00,1.193387978798951643e+00,4.013657619398569644e-16,1.000000000000000000e+00,9.188565806367593458e-01
4.037499999999998757e+00,1.194602437366797609e+00,-6.115519145064022354e-16,1.000000000000000000e+00,9.188565806367593458e-01
4.042499999999999538e+00,1.195695275745872532e+00,-1.014993709159252631e-15,1.000000000000000000e+00,9.188565806367593458e-01
4.047499999999998543e+00,1.196665810947762143e+00,-5.318319790394364628e-16,1.000000000000000000e+00,9.188565806367593458e-01
4.052499999999999325e+00,1.197513436419558097e+00,-3.719503045277216507e-16,1.000000000000000000e+00,9.188565806367593458e-01
4.057499999999998330e+00,1.198237622422931636e+00,-6.546296335853949192e-16,1.000000000000000000e+00,9.188565806367593458e-01
4.062499999999999112e+00,1.198837916365204093e+00,-4.091702109852441912e-16,1.000000000000000000e+00,9.188565806367593458e-01
4.067499999999999893e+00,1.199313943082201961e+00,-1.677683912000466714e-16,1.000000000000000000e+00,9.188565806367593458e-01
4.072499999999998899e+00,1.199665405072722235e+00,-2.526841009356034276e-16,1.000000000000000000e+00,9.188565806367593458e-01
4.077499999999999680e+00,1.199892082684461680e+00,-1.661860304170779042e-16,1.000000000000000000e+00,9.188565806367593458e-01
4.082499999999998685e+00,1.199993834251291247e+00,-3.723638558216292960e-16,1.000000000000000000e+00,9.188565806367593458e-01
4.087499999999999467e+00,1.199970596181794358e+00,-4.879555820506161671e-16,1.000000000000000000e+00,9.188565806367593458e-01
4.092499999999998472e+00,1.199822382999007564e+00,-1.099743314559869522e-16,1.000000000000000000e+00,9.188565806367593458e-01
4.097499999999999254e+00,1.199549287331345804e+00,1.192271662032082462e-15,1.000000000000000000e+00,9.188565806367593458e-01
4.102499999999998259e+00,1.199151479854711821e+00,1.729724164451295049e-15,1.000000000000000000e+00,9.188565806367593458e-01
4.107499999999999041e+00,1.198629209185829048e+00,2.699051654382641641e-16,1.000000000000000000e+00,9.188565806367593458e-01
4.112499999999999822e+00,1.197982801726864777e+00,-1.382130930867797550e-15,1.000000000000000000e+00,9.188565806367593458e-01
4.117499999999998828e+00,1.197212661461439787e+00,-2.205554067529610064e-15,1.000000000000000000e+00,9.188565806367593458e-01
4.122499999999999609e+00,1.196319269702150745e+00,-1.864256517163903327e-15,1.000000000000000000e+00,9.188565806367593458e-01
4.127499999999998614e+00,1.195303184789765938e+00,-6.785393938407839749e-16,1.000000000000000000e+00,9.188565806367593458e-01
4.132499999999999396e+00,1.194165041744280398e+00,3.747153223657289290e-16,1.000000000000000000e+00,9.188565806367593458e-01
4.137499999999998401e+00,1.192905551868050029e+00,-3.288833268477173680e-16,1.000000000000000000e+00,9.188565806367593458e-01
4.142499999999999183e+00,1.191525502301248540e+00,-2.481883616420769404e-15,1.000000000000000000e+00,9.188565806367593458e-01
4.147499999999998188e+00,1.190025755529933393e+00,-3.192126507093324752e-15,1.000000000000000000e+00,9.188565806367593458e-01
4.152499999999998970e+00,1.188407248847016762e+00,-2.148095528901275669e-15,1.000000000000000000e+00,9.188565806367593458e-01
4.157499999999999751e+00,1.186670993766491655e+00,-8.744400781394712110e-16,1.000000000000000000e+00,9.188565806367593458e-01
4.162499999999998757e+00,1.184818075391266046e+00,-1.707895470078620916e-16,1.000000000000000000e+00,9.188565806367593458e-01
4.167499999999999538e+00,1.182849651735008445e+00,-1.128756297316658027e-16,1.000000000000000000e+00,9.188565806367593458e-01
4.172499999999998543e+00,1.180766952998430153e+00,-7.907617870315679144e-17,1.000000000000000000e+00,9.188565806367593458e-01
4.177499999999999325e+00,1.178571280800445598e+00,4.204197147938785593e-17,1.000000000000000000e+00,9.188565806367593458e-01
4.182499999999998330e+00,1.176264007364707709e+00,-4.508904281550375064e-17,1.000000000000000000e+00,9.188565806367593458e-01
4.187499999999999112e+00,1.173846574662006814e+00,1.035693817077886214e-18,1.000000000000000000e+00,9.188565806367593458e-01
4.192499999999998117e+00,1.171320493509093508e+00,1.037853747796144814e-18,1.000000000000000000e+00,9.188565806367593458e-01
4.197499999999998899e+00,1.168687342624459058e+00,-2.080458061755217839e-18,1.000000000000000000e+00,9.188565806367593458e-01
4.202499999999999680e+00,1.165948767641693973e+00,2.982430851680878956e-16,1.000000000000000000e+00,9.188565806367593458e-01
4.207499999999998685e+00,1.163106480081019800e+00,1.701588134949075130e-15,1.000000000000000000e+00,9.188565806367593458e-01
4.212499999999999467e+00,1.160162256279638981e+00,3.846766149999628339e-15,1.000000000000000000e+00,9.188565806367593458e-01
4.217499999999998472e+00,1.157117936281591097e+00,5.178669049983902869e-15,1.000000000000000000e+00,9.188565806367593458e-01
4.222499999999999254e+00,1.153975422687775199e+00,4.222279297470230932e-15,1.000000000000000000e+00,9.188565806367593458e-01
4.227499999999998259e+00,1.150736679466897394e+00,2.160069034944114519e-15,1.000000000000000000e+00,9.188565806367593458e-01
4.232499999999999041e+00,1.147403730728042470e+00,2.223491995800561588e-16,1.000000000000000000e+00,9.188565806367593458e-01
4.237499999999999822e+00,1.143978659455680447e+00,-3.080684706438725839e-16,1.000000000000000000e+00,9.188565806367593458e-01
4.242499999999998828e+00,1.140463606207867908e+00,-7.293774584197671418e-16,1.000000000000000000e+00,9.188565806367593458e-01
4.247499999999999609e+00,1.136860767778462122e+00,-2.293849665494837902e-15,1.000000000000000000e+00,9.188565806367593458e-01
4.252499999999998614e+00,1.133172395824206369e+00,-3.768348801910880655e-15,1.000000000000000000e+00,9.188565806367593458e-01
4.257499999999999396e+00,1.129400795457507378e+00,-4.370735732719324710e-15,1.000000000000000000e+00,9.188565806367593458e-01
4.262499999999998401e+00,1.125548323805826811e+00,-3.744334387132010827e-15,1.000000000000000000e+00,9.188565806367593458e-01
4.267499999999999183e+00,1.121617388538540760e+00,-1.962410098588485122e-15,1.000000000000000000e+00,9.188565806367593458e-01
4.272499999999998188e+00,1.117610446362236276e+00,4.794228088650826728e-16,1.000000000000000000e+00,9.188565806367593458e-01
4.277499999999998970e+00,1.113530001485338872e+00,2.656721845405367191e-15,1.000000000000000000e+00,9.188565806367593458e-01
4.282499999999999751e+00,1.109378604053074868e+00,3.212767682282913726e-15,1.000000000000000000e+00,9.188565806367593458e-01
4.287499999999998757e+00,1.105158848553706052e+00,3.042986470501793648e-15,1.000000000000000000e+00,9.188565806367593458e-01
4.292499999999999538e+00,1.100873372197057609e+00,2.809648899410080754e-15,1.000000000000000000e+00,9.188565806367593458e-01
4.297499999999998543e+00,1.096524853266357846e+00,2.947725891653028274e-15,1.000000000000000000e+00,9.188565806367593458e-01
4.302499999999999325e+00,1.092116009444385138e+00,2.448160185443908492e-15,1.000000000000000000e+00,9.188565806367593458e-01
4.307499999999998330e+00,1.087649596115016326e+00,4.332564148431519874e-16,1.000000000000000000e+00,9.188565806367593458e-01
4.312499999999999112e+00,1.083128404641191311e+00,-1.655195737811314228e-15,1.000000000000000000e+00,9.188565806367593458e-01
4.317499999999998117e+00,1.078555260620413847e+00,-3.967016632717090315e-15,1.000000000000000000e+00,9.188565806367593458e-01
4.322499999999998899e+00,1.073933022118831682e+00,-5.750089447766954496e-15,1.000000000000000000e+00,9.188565806367593458e-01
4.327499999999999680e+00,1.069264577885048029e+00,-5.317583914344478680e-15,1.000000000000000000e+00,9.188565806367593458e-01
4.332499999999998685e+00,1.064552845544747717e+00,-2.761919864662569625e-15,1.000000000000000000e+00,9.188565806367593458e-01
4.337499999999999467e+00,1.059800769777266227e+00,0.000000000000000000e+00,1.000000000000000000e+00,9.188565806367593458e-01
4.342499999999998472e+00,1.055011320475274683e+00,1.933228136527825964e-15,1.000000000000000000e+00,9.188565806367593458e-01
4.347499999999999254e+00,1.050187490888679465e+00,3.120324847563080574e-15,1.000000000000000000e+00,9.188565806367593458e-01
4.352499999999998259e+00,1.045332295753954588e+00,3.670215078001409071e-15,1.000000000000000000e+00,9.188565806367593458e-01
4.357499999999999041e+00,1.040448769410011742e+00,3.686134266339524300e-15,1.000000000000000000e+00,9.188565806367593458e-01
4.362499999999999822e+00,1.035539963901851435e+00,3.257724274214410926e-15,1.000000000000000000e+00,9.188565806367593458e-01
4.367499999999998828e+00,1.030608947073130333e+00,2.459535300626872444e-15,1.000000000000000000e+00,9.188565806367593458e-01
4.372499999999999609e+00,1.025658800648851177e+00,1.362371652410903472e-15,1.000000000000000000e+00,9.188565806367593458e-01
4.377499999999998614e+00,1.020692618309398059e+00,3.870057127312344922e-17,1.000000000000000000e+00,9.188565806367593458e-01
4.382499999999999396e+00,1.015713503757073255e+00,-1.397763510060835194e-15,1.000000000000000000e+00,9.188565806367593458e-01
4.387499999999998401e+00,1.010724568776398824e+00,-1.779910960309474462e-15,1.000000000000000000e+00,9.188565806367593458e-01
4.392499999999999183e+00,1.005728931289337824e+00,-1.674349127141823662e-15,1.000000000000000000e+00,9.188565806367593458e-01
4.397499999999998188e+00,1.000729713406707022e+00,-1.547697325701656052e-15,1.000000000000000000e+00,9.188565806367593458e-01
4.402499999999998970e+00,9.957300394769480478e-01,-1.763212743445169758e-15,1.000000000000000000e+00,9.188565806367593458e-01
4.407499999999999751e+00,9.907330341335235380e-01,-2.560168104711028312e-15,1.000000000000000000e+00,9.188565806367593458e-01
4.412499999999998757e+00,9.857418203421142167e-01,-3.358882916635250015e-15,1.000000000000000000e+00,9.188565806367593458e-01
4.417499999999999538e+00,9.807595174488651368e-01,-2.727768554242420203e-15,1.000000000000000000e+00,9.188565806367593458e-01
4.422499999999998543e+00,9.757892392309079899e-01,-1.236353775474625830e-15,1.000000000000000000e+00,9.188565806367593458e-01
4.427499999999999325e+00,9.708340919503357647e-01,-6.285279231603886538e-16,1.000000000000000000e+00,9.188565806367593458e-01
4.432499999999998330e+00,9.658971724129046255e-01,-9.853933822608201409e-16,1.000000000000000000e+00,9.188565806367593458e-01
4.437499999999999112e+00,9.609815660326184172e-01,-8.350270010519639933e-16,1.000000000000000000e+00,9.188565806367593458e-01
4.442499999999998117e+00,9.560903449034591217e-01,-3.423822905041020233e-17,1.000000000000000000e+00,9.188565806367593458e-01
4.447499999999998899e+00,9.512265658794127887e-01,1.942505000944236524e-16,1.000000000000000000e+00,9.188565806367593458e-01
4.452499999999999680e+00,9.463932686640472713e-01,1.088845925653177127e-16,1.000000000000000000e+00,9.188565806367593458e-01
4.457499999999998685e+00,9.415934739107942875e-01,-5.358927057854129524e-17,1.000000000000000000e+00,9.188565806367593458e-01
4.462499999999999467e+00,9.368301813351312957e-01,-1.440628099003299932e-16,1.000000000000000000e+00,9.188565806367593458e-01
4.467499999999998472e+00,9.321063678398688879e-01,-1.098610516486081810e-16,1.000000000000000000e+00,9.188565806367593458e-01
4.472499999999999254e+00,9.274249856546713522e-01,0.000000000000000000e+00,1.000000000000000000e+00,9.188565806367593458e-01
4.477499999999998259e+00,9.227889604910228805e-01,1.395091057483432885e-17,1.000000000000000000e+00,9.188565806367593458e-01
4.482499999999999041e+00,9.182011897137384304e-01,-3.003146560457985326e-18,1.000000000000000000e+00,9.188565806367593458e-01
4.487499999999999822e+00,9.136645405302160627e-01,-1.107217482325263441e-17,1.000000000000000000e+00,9.188565806367593458e-01
4.492499999999998828e+00,9.091818481985236566e-01,0.000000000000000000e+00,1.000000000000000000e+00,9.188565806367593458e-01
4.497499999999999609e+00,9.047559142554475464e-01,1.514684422220510128e-17,1.000000000000000000e+00,9.188565806367593458e-01
4.502499999999998614e+00,9.003895047656340633e-01,2.682244724867258191e-16,1.000000000000000000e+00,9.188565806367593458e-01
4.507499999999999396e+00,8.960853485928788054e-01,1.738941887254301251e-16,1.000000000000000000e+00,9.188565806367593458e-01
4.512499999999998401e+00,8.918461356946867369e-01,-2.054221328769399309e-16,1.000000000000000000e+00,9.188565806367593458e-01
4.517499999999999183e+00,8.876745154411240790e-01,-1.487321170030662347e-16,1.000000000000000000e+00,9.188565806367593458e-01
4.522499999999998188e+00,8.835730949590595573e-01,-5.847026347349686293e-17,1.000000000000000000e+00,9.188565806367593458e-01
4.527499999999998970e+00,8.795444375027844375e-01,-5.018658834826370899e-17,1.000000000000000000e+00,9.188565806367593458e-01
4.532499999999999751e+00,8.755910608520729443e-01,3.371110686613412285e-17,1.000000000000000000e+00,9.188565806367593458e-01
4.537499999999998757e+00,8.717154357386441843e-01,4.514354973793323401e-17,1.000000000000000000e+00,9.188565806367593458e-01
4.542499999999999538e+00,8.679199843020343197e-01,4.287133456369131385e-17,1.000000000000000000e+00,9.188565806367593458e-01
4.547499999999998543e+00,8.642070785758472207e-01,2.105019530314197355e-16,1.000000000000000000e+00,9.188565806367593458e-01
4.552499999999999325e+00,8.605790390052987515e-01,1.704848206299578243e-16,1.000000000000000000e+00,9.188565806367593458e-01
4.557499999999998330e+00,8.570381329970246931e-01,-2.769138485421191962e-17,1.000000000000000000e+00,9.188565806367593458e-01
4.562499999999999112e+00,8.535865735020163880e-01,7.443348446173637556e-17,1.000000000000000000e+00,9.188565806367593458e-01
4.567499999999998117e+00,8.502265176326080365e-01,7.570702010096477461e-17,1.000000000000000000e+00,9.188565806367593458e-01
4.572499999999998899e+00,8.469600653143410929e-01,7.587564631553871915e-17,1.000000000000000000e+00,9.188565806367593458e-01
4.577499999999999680e+00,8.437892579735872811e-01,6.989803018139935555e-16,1.000000000000000000e+00,9.188565806367593458e-01
4.582499999999998685e+00,8.407160772617221500e-01,3.149697043565704563e-15,1.000000000000000000e+00,9.188565806367593458e-01
4.587499999999999467e+00,8.377424438166520826e-01,5.714824233986602527e-15,1.000000000000000000e+00,9.188565806367593458e-01
4.592499999999998472e+00,8.348702160624859037e-01,6.807481650288567321e-15,1.000000000000000000e+00,9.188565806367593458e-01
4.597499999999999254e+00,8.321011890480730644e-01,4.995134250331447403e-15,1.000000000000000000e+00,9.188565806367593458e-01
4.602499999999998259e+00,8.294370933251640210e-01,2.107401166268797248e-15,1.000000000000000000e+00,9.188565806367593458e-01
4.607499999999999041e+00,8.268795938668638268e-01,2.254831025885231616e-16,1.000000000000000000e+00,9.188565806367593458e-01
4.612499999999998046e+00,8.244302890270850392e-01,-2.401474460595105364e-16,1.000000000000000000e+00,9.188565806367593458e-01
4.617499999999998828e+00,8.220907095416224442e-01,4.634690279153785854e-17,1.000000000000000000e+00,9.188565806367593458e-01
4.622499999999999609e+00,8.198623175714992994e-01,-1.714317980527807676e-17,1.000000000000000000e+00,9.188565806367593458e-01
4.627499999999998614e+00,8.177465057891599720e-01,-1.259331277000894865e-15,1.000000000000000000e+00,9.188565806367593458e-01
4.632499999999999396e+00,8.157445965080941663e-01,-3.308427325518842583e-15,1.000000000000000000e+00,9.188565806367593458e-01
4.637499999999998401e+00,8.138578408564393074e-01,-5.441126906613311162e-15,1.000000000000000000e+00,9.188565806367593458e-01
4.642499999999999183e+00,8.120874179950597904e-01,-6.561661570596975150e-15,1.000000000000000000e+00,9.188565806367593458e-01
4.647499999999998188e+00,8.104344343806152429e-01,-5.204524725366281085e-15,1.000000000000000000e+00,9.188565806367593458e-01
4.652499999999998970e+00,8.088999230740565594e-01,-2.691407796007489059e-15,1.000000000000000000e+00,9.188565806367593458e-01
4.657499999999999751e+00,8.074848430950010147e-01,-4.311888374681107158e-16,1.000000000000000000e+00,9.188565806367593458e-01
4.662499999999998757e+00,8.061900788223723691e-01,0.000000000000000000e+00,1.000000000000000000e+00,9.188565806367593458e-01
4.667499999999999538e+00,8.050164394416940983e-01,0.000000000000000000e+00,1.000000000000000000e+00,9.188565806367593458e-01
4.672499999999998543e+00,8.039646584393762563e-01,0.000000000000000000e+00,1.000000000000000000e+00,9.188565806367593458e-01
4.677499999999999325e+00,8.030353931443077187e-01,0.000000000000000000e+00,1.000000000000000000e+00,9.188565806367593458e-01
4.682499999999998330e+00,8.022292243170494608e-01,0.000000000000000000e+00,1.000000000000000000e+00,9.188565806367593458e-01
4.687499999999999112e+00,8.015466557868761166e-01,0.000000000000000000e+00,1.000000000000000000e+00,9.188565806367593458e-01
4.692499999999998117e+00,8.009881141369010749e-01,2.223471608382226044e-17,1.000000000000000000e+00,9.188565806367593458e-01
4.697499999999998899e+00,8.005539484374737391e-01,2.851383242192140136e-17,1.000000000000000000e+00,9.188565806367593458e-01
4.702499999999999680e+00,8.002444300280237011e-01,1.857982314335082674e-17,1.000000000000000000e+00,9.188565806367593458e-01
4.707499999999998685e+00,8.000597523474818340e-01,-4.984887680426559279e-20,1.000000000000000000e+00,9.188565806367593458e-01
4.712499999999999467e+00,8.000000308133866644e-01,-1.861272684899584519e-17,1.000000000000000000e+00,9.188565806367593458e-01
4.717499999999998472e+00,8.000653027497530712e-01,-2.853753786453804493e-17,1.000000000000000000e+00,9.188565806367593458e-01
4.722499999999999254e+00,8.002555273637457223e-01,-2.217172616170936432e-17,1.000000000000000000e+00,9.188565806367593458e-01
4.727499999999998259e+00,8.005705857711724605e-01,1.518598935788271783e-18,1.000000000000000000e+00,9.188565806367593458e-01
4.732499999999999041e+00,8.010102810707848686e-01,-1.517765337481431260e-18,1.000000000000000000e+00,9.188565806367593458e-01
4.737499999999998046e+00,8.015743384673328364e-01,7.381715299469906910e-18,1.000000000000000000e+00,9.188565806367593458e-01
4.742499999999998828e+00,8.022624054433047380e-01,1.111705222916074906e-18,1.000000000000000000e+00,9.188565806367593458e-01
4.747499999999999609e+00,8.030740519792380905e-01,-3.999280717067993607e-18,1.000000000000000000e+00,9.188565806367593458e-01
4.752499999999998614e+00,8.040087708224679108e-01,1.580208297607428081e-17,1.000000000000000000e+00,9.188565806367593458e-01
4.757499999999999396e+00,8.050659778041440173e-01,6.225441211901690441e-16,1.000000000000000000e+00,9.188565806367593458e-01
4.762499999999998401e+00,8.062450122043158807e-01,1.812088217170769446e-15,1.000000000000000000e+00,9.188565806367593458e-01
4.767499999999999183e+00,8.075451371648632026e-01,2.850784510772250774e-15,1.000000000000000000e+00,9.188565806367593458e-01
4.772499999999998188e+00,8.089655401500058796e-01,2.239613141835130621e-15,1.000000000000000000e+00,9.188565806367593458e-01
4.777499999999998970e+00,8.105053334541152399e-01,8.346922026696861092e-16,1.000000000000000000e+00,9.188565806367593458e-01
4.782499999999999751e+00,8.121635547564980406e-01,-6.924484474074673299e-16,1.000000000000000000e+00,9.188565806367593458e-01
4.787499999999998757e+00,8.139391677228172695e-01,-1.858085660853046748e-15,1.000000000000000000e+00,9.188565806367593458e-01
4.792499999999999538e+00,8.158310626527689458e-01,-2.371044935712204399e-15,1.000000000000000000e+00,9.188565806367593458e-01
4.797499999999998543e+00,8.178380571736041382e-01,-2.131537384665767522e-15,1.000000000000000000e+00,9.188565806367593458e-01
4.802499999999999325e+00,8.199588969790791992e-01,-1.239736849937636089e-15,1.000000000000000000e+00,9.188565806367593458e-01
4.807499999999998330e+00,8.221922566133508248e-01,0.000000000000000000e+00,1.000000000000000000e+00,9.188565806367593458e-01
4.812499999999999112e+00,8.245367402993482031e-01,1.079986184525189078e-15,1.000000000000000000e+00,9.188565806367593458e-01
4.817499999999998117e+00,8.269908828110816845e-01,1.517695775287863195e-15,1.000000000000000000e+00,9.188565806367593458e-01
4.822499999999998899e+00,8.295531503893691649e-01,1.400986112741543709e-15,1.000000000000000000e+00,9.188565806367593458e-01
4.827499999999999680e+00,8.322219417003793307e-01,1.570694051111484061e-15,1.000000000000000000e+00,9.188565806367593458e-01
4.832499999999998685e+00,8.349955888364138934e-01,1.462012394943235570e-15,1.000000000000000000e+00,9.188565806367593458e-01
4.837499999999999467e+00,8.378723583583010948e-01,9.786141895043813486e-16,1.000000000000000000e+00,9.188565806367593458e-01
4.842499999999998472e+00,8.408504523787310170e-01,4.716008913626207891e-16,1.000000000000000000e+00,9.188565806367593458e-01
4.847499999999999254e+00,8.439280096858839952e-01,7.284953052381785663e-16,1.000000000000000000e+00,9.188565806367593458e-01
4.852499999999998259e+00,8.471031069066194963e-01,8.459056253703901851e-16,1.000000000000000000e+00,9.188565806367593458e-01
4.857499999999999041e+00,8.503737597085304634e-01,6.582010245143708559e-16,1.000000000000000000e+00,9.188565806367593458e-01
4.862499999999998046e+00,8.537379240400783109e-01,3.995291454269585521e-16,1.000000000000000000e+00,9.188565806367593458e-01
4.867499999999998828e+00,8.571934974080664960e-01,6.855021691629792351e-16,1.000000000000000000e+00,9.188565806367593458e-01
4.872499999999999609e+00,8.607383201916217752e-01,8.518838384627665237e-16,1.000000000000000000e+00,9.188565806367593458e-01
4.877499999999998614e+00,8.643701769918930022e-01,2.788474877789853862e-17,1.000000000000000000e+00,9.188565806367593458e-01
4.882499999999999396e+00,8.680867980166043774e-01,-1.863596926017538578e-15,1.000000000000000000e+00,9.188565806367593458e-01
4.887499999999998401e+00,8.718858604985938454e-01,-3.851257885638235581e-15,1.000000000000000000e+00,9.188565806367593458e-01
4.892499999999999183e+00,8.757649901474774401e-01,-3.939443178878146897e-15,1.000000000000000000e+00,9.188565806367593458e-01
4.897499999999998188e+00,8.797217626334935536e-01,-2.124187717260355818e-15,1.000000000000000000e+00,9.188565806367593458e-01
4.902499999999998970e+00,8.837537051026398416e-01,-3.642512270524739115e-16,1.000000000000000000e+00,9.188565806367593458e-01
4.907499999999999751e+00,8.878582977221162187e-01,4.226876589364558527e-16,1.000000000000000000e+00,9.188565806367593458e-01
4.912499999999998757e+00,8.920329752551451330e-01,3.277209458271365408e-16,1.000000000000000000e+00,9.188565806367593458e-01
4.917499999999999538e+00,8.962751286641629234e-01,-1.183549289404695932e-16,1.000000000000000000e+00,9.188565806367593458e-01
4.922499999999998543e+00,9.005821067413735115e-01,-4.326962670781571653e-16,1.000000000000000000e+00,9.188565806367593458e-01
4.927499999999999325e+00,9.049512177656797718e-01,-2.044253976447331643e-16,1.000000000000000000e+00,9.188565806367593458e-01
4.932499999999998330e+00,9.093797311849098897e-01,5.092914074339166230e-17,1.000000000000000000e+00,9.188565806367593458e-01
4.937499999999999112e+00,9.138648793223342892e-01,7.730579748725699267e-16,1.000000000000000000e+00,9.188565806367593458e-01
4.942499999999998117e+00,9.184038591063610202e-01,2.811629588629660619e-15,1.000000000000000000e+00,9.188565806367593458e-01
4.947499999999998899e+00,9.229938338223785399e-01,4.681066397906313473e-15,1.000000000000000000e+00,9.188565806367593458e-01
4.952499999999999680e+00,9.276319348855988078e-01,5.482775613294307914e-15,1.000000000000000000e+00,9.188565806367593458e-01
4.957499999999998685e+00,9.323152636338314370e-01,4.880618372350263858e-15,1.000000000000000000e+00,9.188565806367593458e-01
4.962499999999999467e+00,9.370408931390609153e-01,3.082088239636660800e-15,1.000000000000000000e+00,9.188565806367593458e-01
4.967499999999998472e+00,9.418058700366698233e-01,8.314516997666541760e-16,1.000000000000000000e+00,9.188565806367593458e-01
4.972499999999999254e+00,9.466072163712070386e-01,-5.918592818521645951e-16,1.000000000000000000e+00,9.188565806367593458e-01
4.977499999999998259e+00,9.514419314575001119e-01,-2.199732076107001775e-15,1.000000000000000000e+00,9.188565806367593458e-01
4.982499999999999041e+00,9.563069937560002565e-01,-4.391778082286641222e-15,1.000000000000000000e+00,9.188565806367593458e-01
4.987499999999998046e+00,9.611993627611328250e-01,-4.958385372205493118e-15,1.000000000000000000e+00,9.188565806367593458e-01
4.992499999999998828e+00,9.661159809015263944e-01,-4.829822325320560367e-15,1.000000000000000000e+00,9.188565806367593458e-01
4.997499999999999609e+00,9.710537754508834496e-01,-4.817183082433188757e-15,1.000000000000000000e+00,9.188565806367593458e-01
